ta009
20 5
   1 37    2 59    3 65    4 70    5 94 
   1 36    2 16    3 94    4  3    5 98 
   1  1    2 90    3 96    4 43    5 63 
   1  4    2  3    3 47    4 14    5 83 
   1 64    2 76    3 35    4 26    5 19 
   1 74    2 74    3 34    4 83    5 79 
   1 32    2 22    3 84    4 26    5 54 
   1 67    2 30    3  3    4 65    5 78 
   1 73    2 89    3 60    4 47    5 29 
   1  7    2 61    3 34    4 94    5  8 
   1 78    2 39    3 70    4 75    5 38 
   1 64    2 15    3 57    4 30    5 97 
   1 98    2 69    3  8    4  1    5 61 
   1 60    2 57    3 74    4 71    5 10 
   1 89    2  9    3 13    4 46    5 37 
   1 49    2 13    3 37    4 87    5 16 
   1  2    2 71    3 87    4 78    5 78 
   1 79    2  2    3 71    4 76    5 96 
   1 79    2 34    3 89    4 75    5  9 
   1 53    2 49    3 57    4 55    5 91 

