ta006
20 5
   1 71    2 13    3 61    4 21    5 91 
   1 27    2 11    3 25    4  8    5 13 
   1 55    2 73    3 52    4  5    5  7 
   1 90    2 43    3 72    4  8    5 95 
   1 11    2 27    3 89    4 58    5 20 
   1 18    2 33    3 75    4 59    5 69 
   1 42    2 57    3 60    4 85    5 45 
   1 64    2 42    3 28    4 35    5 44 
   1 73    2 71    3 94    4 84    5 29 
   1 95    2  3    3 95    4 97    5 32 
   1 22    2 11    3 18    4 93    5 94 
   1 53    2 49    3 73    4 60    5 84 
   1 32    2  8    3 40    4 99    5 60 
   1  5    2  3    3 61    4 29    5 49 
   1 94    2 47    3 68    4 94    5 49 
   1 12    2 58    3 75    4 41    5 65 
   1 41    2 23    3 37    4 51    5 85 
   1 85    2 79    3 13    4 87    5 52 
   1 75    2 99    3 65    4 97    5  8 
   1 38    2 23    3  7    4 11    5 58 

