ta011
20 10
   1 74    2 28    3 89    4 60    5 54    6 92    7  9    8  4    9 25   10 15 
   1 21    2  3    3 52    4 88    5 66    6 11    7  8    8 18    9 15   10 84 
   1 58    2 27    3 56    4 26    5 12    6 54    7 88    8 25    9 91   10  8 
   1  4    2 61    3 13    4 58    5 57    6 97    7 72    8 28    9 49   10 30 
   1 21    2 34    3  7    4 76    5 70    6 57    7 27    8 95    9 56   10 95 
   1 28    2 76    3 32    4 98    5 82    6 53    7 22    8 51    9 10   10 79 
   1 58    2 64    3 32    4 29    5 99    6 65    7 50    8 84    9 62   10  9 
   1 83    2 87    3 98    4 47    5 84    6 77    7  2    8 18    9 70   10 91 
   1 31    2 54    3 46    4 79    5 16    6 51    7 49    8  6    9 76   10 76 
   1 61    2 98    3 60    4 26    5 41    6 36    7 82    8 90    9 99   10 26 
   1 94    2 76    3 23    4 19    5 23    6 53    7 93    8 69    9 58   10 42 
   1 44    2 41    3 87    4 48    5 11    6 19    7 96    8 61    9 83   10 66 
   1 97    2 70    3  7    4 95    5 68    6 54    7 43    8 57    9 84   10 70 
   1 94    2 43    3 36    4 78    5 58    6 86    7 13    8  5    9 64   10 91 
   1 66    2 42    3 26    4 77    5 30    6 40    7 60    8 75    9 74   10 67 
   1  6    2 79    3 85    4 90    5  5    6 56    7 11    8  4    9 14   10  3 
   1 37    2 88    3  7    4 24    5  5    6 79    7 37    8 38    9 18   10 98 
   1 22    2 15    3 34    4 10    5 39    6 74    7 91    8 28    9 48   10  4 
   1 99    2 49    3 36    4 85    5 58    6 24    7 84    8  4    9 96   10 71 
   1 83    2 72    3 48    4 55    5 31    6  3    7 67    8 80    9 86   10 62 

