ta012
20 10
   1 80    2 59    3 59    4 31    5 30    6 53    7 93    8 90    9 65   10 64 
   1 13    2 83    3 70    4 64    5 88    6 19    7 79    8 92    9 97   10 38 
   1 64    2 85    3 76    4 11    5 14    6 99    7 88    8 35    9 27   10 44 
   1 77    2 85    3 10    4  9    5 22    6 62    7 77    8 13    9 25   10 46 
   1 17    2 70    3 65    4 32    5 93    6 88    7 94    8 75    9 61   10 66 
   1 78    2 35    3 19    4 58    5 48    6 93    7 39    8 55    9 24   10 31 
   1 82    2  2    3 77    4 98    5 10    6 34    7 74    8 80    9 97   10 48 
   1  4    2 76    3 86    4 95    5  7    6 72    7 46    8 67    9 61   10 27 
   1 72    2 46    3 21    4 25    5 14    6 42    7 17    8  3    9 75   10 82 
   1 93    2 72    3 75    4  4    5 91    6 65    7 30    8 93    9 92   10 51 
   1 68    2 69    3 96    4 45    5  5    6 39    7 62    8 54    9 73   10 90 
   1 25    2 46    3  3    4 60    5 43    6 79    7 77    8 67    9 21   10 63 
   1 67    2  3    3 50    4 87    5 30    6  9    7 43    8 25    9 29   10 85 
   1 80    2 57    3 57    4 31    5 79    6 26    7 98    8 77    9  3   10 36 
   1 43    2 71    3 66    4  1    5 39    6 72    7 48    8 38    9 96   10 69 
   1 93    2 77    3 84    4 96    5 34    6 29    7 14    8 98    9 51   10 67 
   1 21    2 33    3 98    4 22    5 77    6 36    7 45    8 96    9 26   10 81 
   1 33    2 49    3 55    4 95    5 81    6 48    7 25    8 20    9 44   10 18 
   1 14    2 59    3 70    4 73    5 11    6 57    7 98    8 15    9 56   10 81 
   1 30    2 82    3 32    4 77    5 10    6 95    7 30    8 36    9 31   10 72 

