ta010
20 5
   1 27    2 79    3 22    4 93    5 38 
   1 92    2 23    3 93    4 22    5 84 
   1 75    2 66    3 62    4 64    5 62 
   1 94    2  5    3 53    4 81    5 10 
   1 18    2 15    3 30    4 94    5 11 
   1 41    2 51    3 34    4 97    5 93 
   1 37    2  2    3 27    4 54    5 57 
   1 58    2 81    3 30    4 82    5 81 
   1 56    2 12    3 54    4 11    5 10 
   1 20    2 40    3 77    4 91    5 40 
   1  2    2 59    3 24    4 23    5 62 
   1 39    2 32    3 47    4 32    5 49 
   1 91    2 16    3 39    4 26    5 90 
   1 81    2 87    3 66    4 22    5 34 
   1 33    2 78    3 41    4 12    5 11 
   1 14    2 41    3 46    4 23    5 81 
   1 88    2 43    3 24    4 34    5 51 
   1 22    2 94    3 23    4 87    5 21 
   1 36    2  1    3 68    4 59    5 39 
   1 65    2 93    3 50    4  2    5 27 

