ta024
20 20
   1 74    2 60    3 98    4 54    5 85    6 31    7 14    8 92    9 28   10 51   11 64   12 48   13 30   14 84   15  9   16 93   17 71   18 72   19 33   20 85 
   1 15    2 62    3 79    4 41    5 65    6 73    7 32    8 39    9 70   10  6   11 96   12  6   13 94   14 24   15  1   16 44   17 34   18 65   19 95   20 47 
   1 51    2  9    3 24    4  7    5 90    6 51    7 43    8 99    9 27   10 75   11 13   12 34   13 52   14 84   15 66   16  2   17 40   18 20   19  7   20 54 
   1  4    2 59    3 25    4 98    5 43    6 29    7 30    8 47    9  4   10 81   11  9   12 22   13 49   14 16   15 57   16 87   17 57   18 67   19 34   20 31 
   1 36    2 28    3 57    4 75    5 61    6 29    7 92    8 20    9 60   10 35   11 17   12 12   13 32   14 87   15 90   16 93   17 29   18 61   19  6   20 31 
   1 61    2 61    3 38    4 24    5 39    6 25    7 64    8 84    9 55   10 34   11 19   12 78   13 61   14 22   15 61   16 23   17 78   18 69   19 34   20 83 
   1 65    2 81    3 81    4 57    5 82    6 44    7 72    8 32    9 92   10 22   11 52   12 87   13 30   14 51   15 90   16 92   17 99   18 19   19 62   20 28 
   1 25    2 53    3 50    4 32    5 95    6 64    7 16    8 66    9 55   10 62   11  1   12 24   13  6   14 27   15 60   16 51   17 88   18 63   19 97   20 70 
   1 55    2 86    3 49    4 56    5 94    6 85    7 38    8 85    9 49   10 90   11 54   12 87   13 33   14 87   15 40   16  5   17 40   18 50   19  7   20 49 
   1 70    2 77    3 19    4  8    5 58    6 92    7 91    8 79    9 81   10 65   11 86   12 10   13 33   14 87   15 38   16 32   17 40   18 68   19 18   20 27 
   1 18    2 19    3 14    4 52    5 64    6 23    7 61    8 83    9 19   10  8   11 90   12 46   13 42   14 34   15 25   16 69   17 35   18  7   19  8   20 40 
   1 81    2 67    3 59    4 63    5 41    6 26    7 10    8  3    9  8   10 57   11 26   12 16   13 87   14 99   15 15   16 92   17 57   18 93   19 39   20 37 
   1 22    2 52    3 36    4 97    5 36    6  2    7 10    8 44    9 36   10 14   11 16   12 11   13 55   14 37   15 89   16 21   17 56   18 58   19 86   20 55 
   1  3    2 17    3  5    4 95    5 26    6 36    7 72    8 34    9 32   10 19   11 39   12 73   13 13   14 14   15  5   16 77   17 65   18 31   19 58   20 59 
   1 48    2 80    3 46    4 55    5 98    6 94    7 29    8 79    9 79   10 28   11 51   12 24   13 39   14 59   15 81   16 95   17 63   18 97   19 35   20 46 
   1 74    2 11    3 62    4 19    5 39    6 53    7 28    8 51    9 84   10 17   11  4   12 16   13 20   14 13   15 16   16 17   17 48   18 89   19 12   20 25 
   1 82    2 91    3 98    4 91    5  5    6 72    7 64    8 29    9 52   10  6   11 18   12 68   13  9   14 17   15 28   16 47   17 24   18  5   19 50   20 34 
   1 19    2 61    3  4    4 62    5 87    6 79    7 61    8 40    9 61   10 49   11 35   12 14   13 57   14 33   15 58   16  1   17 40   18 98   19 44   20 84 
   1 84    2 55    3 39    4 29    5 87    6 58    7 42    8 63    9 92   10 79   11 65   12 92   13 83   14 31   15 98   16 13   17 20   18 41   19 81   20 72 
   1 83    2  2    3 90    4 56    5 31    6 91    7 80    8 40    9 31   10 76   11  5   12 93   13  2   14 18   15 90   16 73   17 21   18 81   19 89   20 32 

