ta025
20 20
   1 72    2 72    3 79    4 95    5  1    6 90    7 37    8 92    9 94   10 15   11  8   12 62   13 89   14 96   15 89   16 54   17 46   18 94   19 40   20 28 
   1 47    2 45    3 55    4 67    5 83    6 30    7 32    8 82    9 82   10 50   11 35   12 44   13 99   14 47   15 93   16 68   17 88   18 91   19 58   20 23 
   1 52    2 73    3 95    4 93    5 17    6 88    7 42    8 95    9 24   10 27   11 46   12 89   13 23   14 39   15 74   16 26   17 61   18 88   19 85   20 59 
   1 40    2 94    3 46    4 90    5 69    6 69    7  3    8 18    9 98   10 12   11 25   12 20   13 34   14 43   15  2   16 47   17  6   18 56   19 69   20 85 
   1 49    2 76    3 59    4 73    5 72    6 51    7  5    8 85    9 74   10 59   11 41   12 21   13 68   14 45   15 54   16 51   17 33   18 94   19 67   20  4 
   1 86    2 28    3 89    4 63    5 61    6  7    7 79    8 27    9 98   10 97   11 50   12 72   13 23   14 13   15 60   16 44   17 17   18 13   19 41   20 14 
   1 75    2 58    3 16    4 25    5 67    6 26    7 33    8 92    9 93   10 38   11 24   12 96   13 31   14 95   15 57   16 21   17 21   18 33   19  6   20 53 
   1 26    2 98    3 40    4 36    5 83    6  5    7 79    8 77    9 80   10 83   11 46   12 73   13 14   14 89   15 21   16 34   17 27   18 68   19 24   20 14 
   1 37    2 65    3 28    4  7    5 89    6  1    7 56    8 68    9 25   10 84   11  1   12 34   13 77   14 27   15 65   16 61   17 57   18 27   19 65   20 70 
   1 29    2  7    3 51    4 26    5 99    6 90    7 96    8 46    9 99   10 54   11 16   12 10   13 97   14 71   15 70   16 52   17  4   18 74   19 20   20 76 
   1 34    2 77    3 80    4 86    5  5    6 40    7 57    8 57    9 19   10 79   11 65   12 99   13 11   14 43   15 27   16 73   17 14   18 81   19 12   20 41 
   1 86    2  1    3 95    4 50    5 47    6 78    7 23    8 61    9 34   10 51   11 81   12 46   13 60   14 24   15 93   16 45   17 86   18 11   19  9   20 50 
   1 96    2 75    3 41    4 80    5 84    6 68    7 19    8  4    9 12   10 93   11  9   12 66   13 21   14  3   15  8   16 45   17 72   18 74   19  4   20 88 
   1 36    2 46    3 18    4 48    5 76    6 31    7 24    8 58    9 55   10 95   11 82   12 42   13 25   14 22   15 35   16  3   17 10   18 27   19 70   20 58 
   1 55    2 61    3 14    4 12    5 68    6 91    7 25    8 94    9 71   10 66   11 26   12 33   13 56   14 76   15  9   16 68   17 39   18 51   19 98   20 29 
   1 41    2 93    3 65    4 57    5 36    6 23    7 73    8 50    9 21   10 12   11 38   12 70   13 86   14 38   15 99   16 46   17 19   18 36   19 10   20 66 
   1 97    2 79    3 26    4 34    5 30    6 55    7 69    8 31    9  5   10 80   11 77   12 95   13 11   14 82   15 60   16 60   17 71   18 58   19 87   20 19 
   1 74    2 23    3  5    4  4    5 38    6 14    7 24    8 25    9 61   10 20   11 96   12 57   13  2   14 94   15 38   16  8   17 61   18 39   19 35   20 64 
   1 55    2 71    3  7    4 99    5 62    6 44    7 19    8 34    9 37   10 28   11 65   12 40   13 77   14 25   15 43   16  6   17 72   18 48   19 90   20 77 
   1 61    2 46    3 75    4 20    5 61    6 22    7  5    8 80    9 22   10 86   11 43   12 19   13 98   14 72   15 14   16 70   17 94   18 46   19 61   20 25 

