ta035
50 5
   1 17    2 33    3 98    4 90    5 75 
   1 43    2 98    3 90    4 93    5 68 
   1 13    2 67    3  4    4 35    5 39 
   1 20    2 81    3 39    4 65    5 71 
   1 41    2 43    3 79    4 66    5 31 
   1 94    2 72    3 76    4 10    5 43 
   1 18    2 32    3 53    4 48    5  5 
   1 28    2 66    3 77    4 81    5 32 
   1  8    2 97    3 10    4 27    5  6 
   1 71    2 36    3  2    4 49    5 56 
   1 82    2 36    3 97    4 61    5 56 
   1 42    2 67    3 31    4 73    5 72 
   1 90    2  1    3 62    4 60    5 23 
   1 76    2 47    3 28    4 88    5 95 
   1 62    2 87    3 74    4 42    5 50 
   1 95    2 12    3 60    4 62    5 53 
   1 74    2 91    3 53    4 28    5 27 
   1 80    2 21    3 74    4 55    5  8 
   1 33    2  6    3 88    4 58    5 18 
   1 91    2  6    3 11    4 55    5 81 
   1 35    2  1    3 88    4 90    5 57 
   1 80    2 38    3 92    4 61    5 54 
   1 79    2 69    3  7    4 73    5 99 
   1 68    2 77    3 80    4  3    5 20 
   1 97    2  3    3 67    4 74    5 10 
   1 98    2 75    3 27    4 94    5 19 
   1  3    2 64    3 21    4 30    5 18 
   1 22    2 53    3 43    4 81    5 53 
   1 52    2 18    3 59    4  9    5 73 
   1 80    2 10    3 30    4 87    5 10 
   1 32    2 97    3 17    4 58    5 74 
   1 75    2 18    3  4    4 42    5 93 
   1 78    2 48    3  7    4 59    5 22 
   1 36    2 70    3 21    4 48    5 75 
   1 46    2 60    3 83    4 29    5 84 
   1 16    2 75    3 44    4 83    5  9 
   1 36    2 94    3 70    4 60    5 27 
   1 93    2 14    3 30    4 83    5 32 
   1 39    2 53    3 39    4 76    5 51 
   1 19    2 90    3 35    4 43    5 83 
   1 95    2 19    3  8    4 90    5 70 
   1 91    2 42    3  6    4 14    5 13 
   1 49    2 86    3 92    4 84    5  1 
   1 35    2 15    3 39    4 10    5 81 
   1 93    2 58    3 55    4 15    5 13 
   1 11    2  7    3 34    4 38    5 98 
   1 93    2 65    3 98    4 90    5 58 
   1  6    2 40    3 47    4 80    5 28 
   1 96    2 51    3 99    4 19    5  3 
   1 19    2 61    3 16    4 15    5 21 

