ta036
50 5
   1 12    2 26    3 27    4 52    5 24 
   1 72    2 89    3 97    4 30    5 57 
   1 29    2 86    3 53    4 62    5 68 
   1 16    2 10    3 16    4  8    5 58 
   1 22    2 16    3 36    4 45    5 76 
   1 61    2 72    3 28    4 77    5 70 
   1 69    2 96    3 50    4 90    5 72 
   1 71    2 47    3 41    4 52    5 56 
   1 86    2  9    3 42    4 39    5 56 
   1 16    2 56    3 86    4 95    5 55 
   1 54    2  8    3  2    4 86    5 89 
   1 53    2 69    3 45    4 15    5 23 
   1 64    2 87    3 86    4 98    5 42 
   1 96    2 84    3 43    4 59    5 26 
   1 79    2 62    3 92    4 22    5 87 
   1 68    2 52    3 73    4 43    5 17 
   1 98    2 82    3 99    4 85    5 38 
   1 87    2 66    3 84    4 93    5 24 
   1 40    2 67    3 83    4  6    5 82 
   1 74    2 33    3 61    4 46    5 55 
   1 22    2  3    3  7    4 51    5 47 
   1 23    2 53    3  8    4 97    5  7 
   1 47    2 95    3 62    4 79    5 99 
   1 55    2 42    3  3    4 46    5 89 
   1 21    2 59    3 21    4 71    5 20 
   1 90    2 77    3 50    4 18    5 65 
   1 68    2 38    3 71    4 33    5  3 
   1 14    2 12    3 95    4 13    5 45 
   1 42    2  1    3 70    4  3    5 89 
   1 41    2 66    3 60    4 32    5 96 
   1 40    2 24    3  4    4 28    5 16 
   1 63    2 17    3 58    4 48    5 42 
   1 23    2 58    3 16    4  8    5 70 
   1 75    2 71    3 30    4 42    5 69 
   1  4    2 88    3 80    4 26    5 77 
   1 31    2 63    3 71    4 26    5 46 
   1 87    2 60    3 59    4 95    5 20 
   1 25    2 86    3 75    4 44    5 71 
   1 47    2  8    3 52    4 74    5 91 
   1 70    2  8    3 25    4 82    5  8 
   1  1    2 44    3 86    4 28    5 34 
   1 49    2 99    3 48    4  4    5 72 
   1 59    2 80    3 53    4 42    5 40 
   1 11    2 76    3 54    4 81    5 82 
   1 93    2 94    3 98    4 56    5 60 
   1 38    2 75    3 36    4 38    5 59 
   1  5    2 63    3  9    4 50    5 59 
   1 43    2 57    3 78    4 12    5 43 
   1 82    2 76    3 80    4 43    5 72 
   1 33    2 34    3 88    4 51    5 10 

