ta039
50 5
   1 34    2 24    3 20    4 65    5 47 
   1 40    2 85    3 61    4 39    5 62 
   1 22    2 19    3 69    4 68    5 11 
   1  6    2 94    3 28    4 40    5  6 
   1 50    2 59    3 69    4 82    5 21 
   1 64    2 65    3 35    4 31    5 60 
   1 48    2 42    3 17    4 29    5 82 
   1 74    2  8    3 59    4 17    5  2 
   1 67    2 10    3 16    4 69    5 31 
   1 22    2 15    3 54    4 44    5 27 
   1 26    2 96    3  6    4 19    5 81 
   1 13    2 63    3 18    4 29    5 34 
   1 24    2 30    3  2    4 60    5  7 
   1 54    2 20    3  4    4 27    5  6 
   1 22    2 31    3 80    4 93    5 53 
   1  9    2 94    3 45    4 35    5 19 
   1 28    2 35    3  2    4 17    5 28 
   1 48    2 84    3 18    4  1    5 63 
   1 83    2 83    3 83    4 99    5 29 
   1 85    2 53    3 21    4 96    5 34 
   1 79    2 57    3 41    4  1    5 96 
   1 78    2 25    3 51    4 62    5 39 
   1 40    2 71    3 85    4 84    5 19 
   1 15    2 22    3 56    4 42    5 45 
   1 95    2 31    3 88    4 60    5 64 
   1 75    2 35    3 40    4 42    5 72 
   1 73    2 40    3 20    4 66    5 26 
   1 41    2 76    3 16    4  1    5 59 
   1 52    2 14    3 22    4  1    5 51 
   1 71    2 48    3 98    4 31    5 74 
   1 84    2 42    3 56    4 41    5  3 
   1 73    2 11    3 69    4 62    5 11 
   1 25    2 92    3 90    4 83    5 96 
   1 41    2 68    3  9    4 74    5 50 
   1 74    2 55    3 81    4 38    5 23 
   1 15    2 88    3 65    4 56    5 43 
   1 58    2 52    3 38    4 57    5 36 
   1 55    2 36    3 75    4 54    5 52 
   1 47    2 62    3 60    4 45    5  9 
   1 12    2 42    3 81    4 39    5 44 
   1 36    2 51    3 59    4 85    5 32 
   1 48    2 68    3 94    4 40    5  2 
   1 96    2 10    3  3    4 21    5 78 
   1 47    2 38    3 19    4 84    5 83 
   1 64    2 29    3 15    4 17    5 69 
   1  5    2 56    3 29    4 24    5 47 
   1 24    2 23    3 94    4 65    5 17 
   1 78    2 71    3 48    4 98    5 35 
   1 59    2 45    3 39    4 90    5 45 
   1  4    2 98    3  3    4 46    5 30 

