ta045
50 10
   1 16    2 13    3 42    4 37    5 68    6 24    7 51    8  8    9 59   10 67 
   1 90    2 27    3 21    4 43    5  3    6  1    7 57    8 54    9 85   10 99 
   1 63    2 27    3 21    4 87    5 58    6 57    7 82    8 15    9 73   10 57 
   1 73    2  9    3 90    4 77    5 57    6 86    7 47    8 47    9 87   10 47 
   1 57    2 88    3 54    4 39    5 49    6 35    7 82    8 73    9 87   10 93 
   1 17    2  3    3 64    4 35    5 13    6  9    7 14    8 33    9 89   10 35 
   1 29    2 29    3 55    4 49    5 72    6 55    7 79    8 73    9 48   10 32 
   1 16    2 96    3 93    4 66    5 13    6  8    7 57    8 35    9 57   10 77 
   1 94    2 39    3  1    4 35    5 13    6 93    7 88    8 45    9 59   10 28 
   1 47    2 15    3 36    4  2    5  5    6 11    7 79    8 75    9 73   10 75 
   1 24    2 61    3 16    4 38    5 88    6 39    7 22    8 83    9 66   10 95 
   1 39    2 76    3  7    4 73    5 38    6 10    7 72    8 12    9 95   10 15 
   1  2    2 79    3 98    4 28    5 82    6 84    7 58    8 59    9 61   10 18 
   1  5    2 67    3 20    4 97    5 41    6 80    7 78    8 95    9 13   10 97 
   1 75    2  6    3 83    4 20    5 61    6 59    7 18    8 96    9 79   10 37 
   1  7    2 61    3 77    4 46    5 85    6 37    7 48    8 75    9 88   10 53 
   1 74    2 32    3 39    4 85    5 81    6 80    7 72    8 62    9 19   10 97 
   1 96    2 76    3 63    4 53    5 53    6 69    7 38    8 44    9 18   10 73 
   1 94    2 96    3 72    4 78    5 65    6 13    7 71    8 43    9 21   10 60 
   1 44    2 59    3 47    4 73    5 89    6 19    7 82    8 30    9 33   10 39 
   1 63    2 85    3 21    4 72    5 50    6 25    7 61    8 47    9 11   10 48 
   1 38    2 36    3 98    4 82    5 78    6 92    7 73    8 36    9  8   10  9 
   1 22    2 23    3 97    4 59    5 38    6 45    7 50    8 65    9  8   10 17 
   1 76    2 72    3 86    4 24    5 82    6 14    7 56    8 85    9 83   10 83 
   1  2    2 71    3  7    4  6    5 38    6 73    7 95    8  1    9 13   10 10 
   1 11    2 44    3 81    4 94    5 38    6 85    7 16    8 71    9 89   10  2 
   1 71    2 88    3  5    4 67    5 85    6 75    7  6    8 13    9 63   10 66 
   1 94    2 58    3 56    4 66    5 55    6 96    7  7    8 54    9 64   10 50 
   1 77    2 51    3 57    4 30    5 64    6 33    7 86    8  2    9 53   10 36 
   1 57    2 73    3 15    4 33    5 47    6 17    7 21    8 82    9 28   10 45 
   1 45    2 10    3  7    4 32    5 87    6 76    7 27    8 16    9 17   10 86 
   1 58    2 85    3 85    4 51    5 66    6 96    7 44    8 15    9  2   10  8 
   1 16    2 16    3 77    4 38    5  5    6  4    7 64    8 14    9 77   10 47 
   1 96    2 41    3 14    4  8    5 16    6 16    7 32    8 49    9 61   10 52 
   1 41    2 40    3 23    4 82    5 48    6  9    7 46    8 68    9 73   10 98 
   1 52    2 57    3 10    4 63    5 29    6 66    7 37    8 28    9 69   10 22 
   1 57    2 85    3 93    4 77    5 67    6 46    7 39    8 87    9 23   10 55 
   1 39    2 73    3 57    4 73    5 72    6 64    7 96    8 85    9 56   10 62 
   1 74    2  9    3 58    4 66    5  5    6  3    7 44    8 90    9 78   10 23 
   1 35    2 24    3 31    4 65    5 79    6 93    7 70    8 17    9 65   10 82 
   1 52    2 94    3 92    4 75    5 30    6 74    7 41    8 54    9 85   10 32 
   1 42    2  4    3  6    4 17    5 64    6 29    7 56    8 59    9 99   10 20 
   1 82    2 96    3 37    4 22    5  3    6 68    7 44    8 25    9 52   10 38 
   1 43    2 37    3 77    4 34    5 80    6 38    7 27    8 23    9 78   10 23 
   1 47    2 84    3 80    4  3    5 11    6 86    7 41    8 60    9  8   10 40 
   1 34    2  2    3 41    4  8    5 99    6 90    7 66    8 60    9 58   10 55 
   1 96    2 94    3 18    4 87    5 32    6 50    7 87    8 68    9 51   10 79 
   1 13    2 21    3 68    4 50    5 25    6 11    7 42    8 70    9 43   10 66 
   1 33    2  4    3 81    4 76    5 84    6 64    7  7    8 80    9 52   10 97 
   1 58    2 73    3 41    4 16    5 12    6  4    7 54    8  4    9 41   10 29 

