ta042
50 10
   1 12    2 13    3 82    4 20    5 91    6 25    7 47    8 77    9  6   10  6 
   1 72    2 64    3 52    4 77    5 33    6 61    7 77    8 21    9 63   10 11 
   1 18    2  7    3 72    4 63    5  5    6 58    7 47    8  8    9 56   10 27 
   1 85    2 60    3 81    4 28    5 51    6 52    7 57    8 36    9 63   10 71 
   1 42    2 75    3 61    4 77    5 30    6 81    7  2    8 49    9 75   10  4 
   1 76    2 75    3 36    4 34    5 20    6 33    7 77    8 86    9 56   10 73 
   1 13    2 63    3 10    4 96    5 26    6 64    7 45    8 50    9 22   10 16 
   1 82    2 87    3 62    4 88    5 53    6 14    7 69    8 60    9 89   10 63 
   1 35    2 93    3 11    4 20    5 91    6 67    7 19    8 26    9 29   10 85 
   1 33    2 73    3 46    4 26    5 40    6  3    7 70    8  7    9 33   10 92 
   1 76    2  5    3 42    4  4    5 52    6 32    7 97    8 11    9 46   10 57 
   1 19    2 18    3 32    4 30    5 55    6 78    7 61    8 76    9 96   10 90 
   1 94    2 75    3 39    4 40    5  9    6 55    7 61    8 33    9 52   10 49 
   1 93    2 20    3 44    4 18    5 33    6 26    7 15    8 74    9 43   10 75 
   1 64    2 30    3 95    4 36    5 32    6 79    7 16    8 68    9 60   10 15 
   1 82    2 99    3 10    4 98    5 17    6 92    7 82    8 10    9 87   10 64 
   1 60    2 19    3 96    4 24    5 77    6 57    7 44    8  2    9 46   10 44 
   1  8    2 70    3 55    4 70    5 30    6 90    7 17    8 54    9 85   10 10 
   1 66    2 55    3 67    4 66    5 37    6 68    7 37    8 58    9 84   10 78 
   1 56    2 11    3 86    4 15    5 79    6 73    7 51    8 82    9 54   10 80 
   1 40    2 78    3 75    4 96    5 68    6 57    7 23    8 14    9 74   10 92 
   1 11    2 66    3 58    4 29    5 31    6 55    7 67    8  9    9 19   10 18 
   1 12    2 92    3 10    4 74    5 17    6 19    7 34    8 10    9 82   10 70 
   1 20    2 57    3 65    4 39    5  7    6 47    7 45    8 48    9 19   10 22 
   1 61    2 91    3  9    4 16    5 19    6 86    7 42    8 90    9 58   10 22 
   1 72    2 56    3 22    4 72    5 19    6 26    7 23    8 89    9  6   10 78 
   1 52    2  1    3 56    4 92    5 62    6 96    7 56    8  3    9 85   10  6 
   1 62    2 17    3 34    4  9    5  3    6 45    7 59    8 20    9 82   10 86 
   1 85    2 61    3 98    4 10    5 99    6  4    7 80    8 24    9  2   10 94 
   1 67    2 51    3 82    4 45    5 94    6 17    7 18    8 67    9 16   10 45 
   1 67    2  3    3 65    4 32    5 62    6  9    7 18    8 90    9 75   10 57 
   1 68    2 72    3 68    4  9    5 24    6 60    7 67    8 19    9 52   10 80 
   1 18    2 72    3 49    4 46    5  2    6 23    7 23    8 72    9 13   10 96 
   1 10    2 21    3 98    4 83    5 99    6 54    7 41    8 59    9  1   10 94 
   1  1    2  2    3 36    4 63    5  7    6 42    7 98    8 94    9 43   10  5 
   1 92    2 36    3 51    4 58    5 93    6 30    7 48    8 84    9 85   10 28 
   1 66    2 42    3 19    4 77    5  1    6 78    7 85    8 59    9 73   10 50 
   1 22    2 59    3 68    4 26    5 27    6 43    7 29    8 43    9 79   10 52 
   1 95    2 12    3 24    4 88    5 20    6 80    7 80    8 81    9 91   10 49 
   1 59    2 31    3 35    4 78    5 97    6 43    7 43    8 38    9 51   10 31 
   1 79    2 72    3  8    4 79    5 81    6  7    7 93    8 62    9  1   10 66 
   1 25    2 39    3  9    4 37    5 23    6 27    7 28    8 85    9 46   10 30 
   1 43    2 99    3 69    4 13    5 75    6 23    7 98    8 85    9  3   10 11 
   1 51    2  9    3 73    4 39    5 16    6 55    7 73    8 84    9 26   10 14 
   1 69    2 68    3 49    4 75    5 21    6 66    7  5    8 71    9 15   10 45 
   1 27    2 27    3 29    4 60    5 47    6 90    7  6    8 31    9 22   10 32 
   1 33    2 22    3 36    4 58    5 68    6 63    7 88    8 39    9 18   10 31 
   1 76    2 60    3 10    4  2    5 41    6 38    7 36    8 40    9  8   10  6 
   1 12    2 28    3  9    4 70    5 54    6 65    7 20    8 41    9 20   10 95 
   1 19    2 66    3  1    4  9    5 58    6 82    7 24    8 40    9 32   10 95 

