ta057
50 20
   1 25    2 77    3  2    4  2    5 86    6 68    7 47    8  2    9 91   10 64   11 35   12 76   13 87   14 78   15 30   16 63   17 69   18 62   19 30   20 37 
   1 14    2 67    3 27    4  8    5 85    6 82    7 44    8 51    9 66   10 49   11 21   12 89   13 61   14 45   15 86   16 18   17 45   18 71   19 63   20  2 
   1 99    2 89    3 92    4 28    5 80    6 27    7 33    8 72    9 32   10  4   11 89   12 41   13 91   14 82   15 47   16 23   17 63   18 98   19 24   20 36 
   1  5    2 40    3  7    4  1    5 21    6  7    7 15    8 39    9 65   10 45   11 51   12 75   13 63   14 71   15 86   16 55   17 62   18 10   19 57   20 60 
   1 68    2  6    3 64    4 17    5 79    6 47    7 31    8 67    9 75   10 21   11 47   12 35   13 65   14 80   15  3   16 25   17 63   18 28   19  8   20 82 
   1 98    2  5    3 44    4 76    5 59    6 59    7 53    8 57    9 89   10 56   11 64   12 45   13 95   14 67   15 38   16 47   17 19   18 46   19  4   20 50 
   1 72    2 85    3 84    4 43    5 67    6 96    7 44    8 19    9 82   10 19   11 57   12 68   13 70   14 35   15 82   16 91   17 44   18  8   19 17   20 46 
   1 39    2 62    3 76    4 79    5 27    6 94    7  8    8 11    9 11   10 75   11 71   12  3   13 60   14 72   15 91   16  8   17  2   18  9   19 97   20 87 
   1 79    2 19    3 43    4 88    5 29    6 65    7 22    8 18    9 82   10  3   11 48   12 71   13 34   14 92   15 83   16 14   17 14   18 43   19 38   20 27 
   1 13    2 73    3 18    4 13    5  5    6 19    7 88    8 75    9 33   10 96   11 50   12 94   13  4   14 96   15 59   16  7   17  8   18 74   19 66   20 24 
   1 24    2 55    3 27    4  3    5 13    6 82    7 30    8 24    9 64   10 97   11 78   12 76   13 39   14 31   15 98   16 37   17 61   18 93   19 35   20 69 
   1 14    2 24    3 91    4  2    5  8    6 44    7  1    8 96    9 82   10 17   11 43   12 88   13 44   14 24   15 17   16 74   17 79   18 62   19 86   20 91 
   1 82    2 18    3 23    4 39    5 84    6 33    7 24    8 61    9 53   10 53   11 40   12  1   13 87   14 41   15 54   16 56   17 72   18 99   19  7   20 10 
   1 90    2 64    3 17    4 39    5 42    6 13    7 81    8 68    9 67   10 38   11 33   12 29   13 50   14 35   15 37   16 88   17 90   18 82   19 85   20 80 
   1 28    2 41    3 84    4 16    5 15    6 88    7 83    8  1    9 21   10 25   11 59   12 59   13 71   14 79   15 33   16  9   17  2   18 67   19 10   20 74 
   1 50    2 55    3 90    4 95    5 18    6 93    7 96    8 35    9 24   10  7   11 81   12 21   13 50   14 63   15 34   16 14   17  7   18 45   19  3   20 14 
   1 75    2 37    3 98    4 40    5 13    6 78    7 10    8 21    9 44   10 25   11 46   12 34   13 82   14 74   15 29   16 64   17 82   18 22   19 59   20 51 
   1 86    2 44    3 93    4 13    5 18    6  4    7 86    8  9    9 59   10 24   11 35   12 55   13 80   14 58   15  5   16 40   17  9   18 21   19 74   20 40 
   1 57    2 45    3 96    4 27    5 75    6 57    7 15    8 27    9 39   10 82   11 28   12 85   13 75   14 61   15 88   16 22   17 12   18 97   19 52   20 95 
   1  4    2  5    3 56    4 73    5 23    6 44    7 98    8 63    9 84   10 53   11 57   12 54   13 30   14 50   15 89   16 10   17 94   18 73   19 78   20 51 
   1 73    2 26    3 99    4  7    5  5    6 44    7  3    8 52    9  6   10 32   11 14   12 98   13 74   14 44   15 28   16 17   17 68   18 88   19 40   20 54 
   1 82    2 34    3 78    4 62    5 60    6 42    7 27    8 27    9 83   10 57   11 92   12  2   13 43   14 68   15 23   16 16   17 99   18 51   19 84   20 66 
   1 22    2  9    3 23    4 35    5 96    6 15    7 92    8 12    9 10   10 83   11 29   12 53   13 48   14 98   15 21   16  1   17 27   18 89   19 39   20 62 
   1 75    2 65    3 70    4 40    5 32    6 68    7 23    8 70    9 72   10 61   11 40   12 89   13 10   14 87   15 95   16 52   17 85   18 37   19  4   20 25 
   1  6    2 23    3 96    4 68    5 98    6 95    7 13    8 27    9 96   10 59   11 54   12 56   13 81   14 39   15 62   16 11   17 37   18 58   19 44   20 15 
   1 32    2 89    3  3    4 95    5 26    6 81    7 82    8 26    9 13   10  4   11 10   12 79   13 53   14 61   15  9   16 10   17  3   18  7   19 62   20 27 
   1 92    2 86    3 69    4 34    5 67    6 73    7 53    8 11    9 64   10 56   11 22   12 61   13 56   14 96   15 92   16 17   17  5   18 41   19  1   20 89 
   1 84    2 22    3 68    4 12    5 94    6 26    7 93    8 28    9 42   10 75   11 39   12 54   13 97   14 87   15 98   16 49   17  9   18  2   19 67   20 90 
   1 54    2 97    3 75    4 60    5 17    6 76    7 31    8 72    9 11   10 16   11 33   12 72   13 76   14 93   15 98   16 60   17 67   18 69   19 12   20  2 
   1 37    2 59    3 85    4  6    5 90    6 52    7 79    8 96    9 20   10 18   11 92   12 22   13 18   14 87   15 60   16 81   17 17   18 44   19  7   20  4 
   1 73    2 24    3 45    4 66    5 49    6 27    7 32    8 76    9 18   10 70   11 85   12 97   13 21   14 95   15 14   16 79   17 81   18 19   19 61   20 89 
   1 16    2 45    3 36    4 74    5 39    6 55    7 27    8 37    9 77   10 88   11 38   12 89   13 33   14 22   15 42   16 71   17 33   18 57   19 95   20 11 
   1 26    2 70    3 80    4 26    5 97    6  7    7  2    8  9    9 30   10 53   11 44   12 96   13 69   14 89   15  4   16 22   17 85   18 56   19 15   20 34 
   1 50    2 66    3 56    4 77    5  3    6 85    7 64    8  2    9 35   10 61   11 60   12 73   13 19   14  4   15 78   16 44   17 89   18 75   19 96   20 64 
   1 36    2 33    3 39    4 20    5 13    6 53    7 57    8 79    9 91   10 37   11 66   12 40   13 50   14 18   15 29   16 27   17 19   18 61   19 67   20 11 
   1 97    2 86    3 35    4 45    5 52    6 63    7 62    8 50    9 11   10 57   11 57   12 52   13 99   14 77   15 47   16  3   17 93   18 34   19 23   20 36 
   1 94    2 86    3  8    4 81    5 50    6 98    7 30    8 52    9 27   10 16   11 62   12 63   13 63   14 25   15 13   16 34   17 54   18 89   19  2   20 73 
   1 57    2 23    3 28    4 34    5 32    6 62    7 79    8 47    9 15   10 72   11 59   12 29   13 37   14 51   15 50   16 20   17 41   18 95   19 74   20 70 
   1 91    2  7    3 78    4 30    5 16    6 16    7 11    8 37    9 12   10 53   11 10   12  7   13 85   14  2   15 16   16 30   17 16   18 71   19 70   20 85 
   1 39    2 80    3 29    4 54    5 59    6 71    7 66    8 93    9 15   10 76   11 34   12 66   13  5   14 49   15  4   16  5   17 76   18 57   19 13   20 82 
   1 16    2 24    3 39    4 12    5 79    6 45    7 86    8 64    9 73   10 75   11 23   12 11   13 59   14 20   15 80   16 42   17 21   18 91   19 90   20 60 
   1 55    2 96    3 87    4 38    5  8    6 66    7 10    8 68    9 20   10 69   11 82   12 47   13 18   14 41   15 12   16 63   17 11   18 61   19 17   20 19 
   1 47    2 24    3 75    4 87    5 16    6 60    7 34    8  5    9 56   10 35   11 94   12 11   13 61   14  4   15 31   16 20   17 78   18 24   19 11   20 30 
   1 33    2 74    3 97    4 63    5  4    6 82    7 97    8 57    9 24   10 35   11 48   12 68   13 68   14 50   15 69   16 43   17 45   18 25   19 22   20  5 
   1 30    2 62    3 22    4 69    5  7    6 63    7 47    8 37    9 63   10 20   11 85   12 77   13 82   14 50   15 57   16  1   17 85   18 10   19 64   20 20 
   1 50    2 43    3 61    4 22    5 45    6 54    7 38    8 47    9 35   10 79   11 88   12 29   13 70   14 67   15 77   16 81   17 82   18  8   19 27   20 45 
   1 87    2  6    3 88    4 81    5  4    6 22    7 29    8  3    9 81   10 22   11 20   12  8   13 24   14 95   15 61   16 83   17 32   18 81   19 13   20 77 
   1 85    2 83    3 22    4 91    5 94    6 13    7 11    8 51    9 15   10 52   11 32   12 22   13 35   14 41   15 92   16 99   17 48   18 38   19 76   20 31 
   1 71    2 75    3  7    4 90    5 64    6 74    7 89    8 27    9 48   10  4   11 57   12 13   13 90   14 51   15 84   16 58   17 76   18 99   19 79   20 70 
   1  2    2 77    3 19    4 47    5 79    6 90    7 51    8 96    9 51   10 97   11 82   12 18   13 94   14 31   15 92   16 69   17 33   18 11   19 81   20 46 

