ta055
50 20
   1 82    2 70    3 18    4 48    5 49    6 50    7 85    8 96    9 95   10 15   11 11   12 24   13 94   14 27   15 12   16 95   17  6   18 67   19 88   20  9 
   1  3    2 41    3 12    4  9    5 73    6 37    7 35    8 31    9 95   10 95   11 89   12 71   13 80   14  3   15 73   16 62   17 53   18 77   19 15   20 99 
   1 55    2 97    3 86    4 30    5 71    6 12    7 70    8 50    9  6   10 85   11 88   12 51   13 61   14 92   15 37   16 37   17 68   18 19   19 30   20 81 
   1 23    2 12    3 18    4 28    5 34    6 56    7  6    8 14    9 43   10 57   11  3   12 44   13 79   14 58   15 55   16 47   17 81   18 83   19 64   20 80 
   1 36    2 22    3 84    4 54    5 98    6 21    7 84    8  5    9 77   10 30   11  7   12 43   13  5   14 58   15 12   16  1   17 33   18 43   19 25   20 95 
   1 62    2 53    3 67    4  8    5 80    6 15    7 40    8 86    9 81   10 49   11 93   12 76   13 71   14 12   15 37   16 36   17 54   18 85   19  5   20 51 
   1 51    2 81    3 81    4 30    5  5    6 16    7 26    8 23    9 38   10 64   11 88   12 19   13  4   14 45   15 69   16  1   17 64   18 57   19 81   20  9 
   1 80    2 56    3 92    4 95    5 30    6 45    7 52    8 22    9 76   10 94   11 23   12 89   13 45   14 74   15 89   16 98   17 12   18 89   19 38   20 56 
   1 13    2 88    3 61    4 65    5 32    6 24    7 85    8 77    9 85   10 80   11 92   12 46   13 29   14  5   15 17   16 16   17 24   18 41   19  8   20 96 
   1 86    2 86    3 69    4 82    5 70    6 24    7 36    8 52    9 88   10  2   11 26   12 96   13 34   14 59   15 54   16 75   17 87   18 21   19 99   20  7 
   1 56    2 38    3 31    4 21    5 49    6 35    7 97    8  2    9 27   10 37   11 50   12 42   13 59   14 23   15 22   16 17   17 30   18 31   19 15   20  2 
   1 69    2 26    3 76    4 76    5 35    6 50    7 39    8 86    9 86   10 95   11 68   12 14   13 81   14 13   15 39   16 89   17 97   18 52   19 12   20 31 
   1 42    2 46    3 12    4 84    5 11    6 86    7 39    8 64    9 82   10 26   11 29   12 88   13 24   14 89   15 70   16 19   17  3   18  6   19 72   20 27 
   1 86    2 59    3  3    4 69    5 52    6 88    7 42    8 92    9 22   10 93   11 92   12 21   13 79   14 48   15 29   16 69   17 41   18 99   19 97   20  8 
   1  6    2 51    3 97    4 21    5 87    6 82    7 12    8 86    9  6   10 38   11 44   12 33   13  8   14 98   15 93   16 38   17 40   18 45   19 27   20 18 
   1 58    2 82    3 18    4 51    5 58    6 37    7 22    8 45    9 88   10  3   11 56   12 60   13 59   14 20   15 51   16  6   17 63   18 79   19 22   20 80 
   1 61    2 59    3 87    4 70    5 71    6  7    7  9    8  5    9 40   10 72   11 38   12 69   13 80   14 82   15 41   16 11   17 52   18 48   19 48   20 69 
   1  5    2 90    3 96    4  7    5 85    6 48    7 63    8 28    9 83   10 69   11 59   12 99   13 76   14 28   15 89   16 85   17 48   18 44   19 56   20 86 
   1  9    2 15    3  5    4 93    5 12    6 68    7 68    8 79    9 27   10 59   11 43   12 93   13  3   14 21   15 26   16 68   17 97   18 20   19 89   20 35 
   1 27    2 16    3 11    4  7    5 56    6 65    7 84    8 97    9 58   10 26   11 33   12 62   13 33   14 37   15 31   16 21   17 71   18 88   19 88   20  2 
   1  6    2 83    3 98    4 34    5 82    6 19    7 54    8 89    9  1   10 28   11 49   12  3   13 86   14 72   15 61   16 90   17 40   18 70   19 66   20 44 
   1 37    2 82    3 37    4 85    5 11    6 91    7  9    8 63    9 44   10 97   11 62   12 12   13 49   14 74   15 99   16 90   17 43   18 65   19 89   20  6 
   1 41    2 77    3  7    4 48    5  5    6 11    7  1    8 46    9  3   10 62   11 24   12  2   13  8   14 19   15 50   16 21   17 78   18 59   19 75   20 72 
   1 11    2 88    3 15    4  8    5 99    6 20    7 13    8 40    9 74   10 71   11 83   12 55   13 29   14 21   15 73   16 92   17  6   18 73   19 47   20 23 
   1 47    2 63    3 68    4 12    5 32    6 25    7 25    8 20    9  6   10 26   11 35   12 55   13 26   14 32   15 46   16 57   17 18   18 84   19 14   20 78 
   1 99    2 52    3 97    4 34    5 17    6 23    7  5    8  2    9 13   10 95   11 98   12 50   13 17   14  5   15 57   16  8   17 27   18 50   19 47   20 96 
   1 28    2 67    3 85    4 73    5 75    6 64    7 51    8 61    9 41   10 73   11  8   12 13   13 34   14 32   15 33   16 59   17 60   18 56   19 97   20 99 
   1 53    2 14    3 10    4 85    5 23    6  7    7 15    8 61    9 10   10 21   11 82   12 89   13 31   14 55   15 22   16 49   17 26   18 45   19 58   20 95 
   1 75    2 86    3 97    4 24    5 44    6 80    7 94    8 71    9 66   10 56   11 16   12 18   13 18   14 92   15 37   16 37   17 41   18 31   19 25   20 50 
   1 81    2 68    3 85    4 64    5 29    6 13    7 19    8 45    9 64   10 36   11 79   12 78   13 48   14 49   15 46   16 48   17 50   18 82   19 11   20 14 
   1 11    2  3    3 17    4 26    5 98    6 72    7 33    8 62    9 32   10 74   11  2   12  5   13  4   14  6   15 81   16 26   17 27   18 85   19 81   20 35 
   1 22    2 62    3 63    4 94    5  1    6 29    7 15    8 36    9 50   10 62   11 38   12 70   13 78   14 66   15 86   16 97   17 11   18 32   19 53   20  4 
   1 42    2  4    3 30    4 30    5 82    6 58    7 95    8 96    9 45   10  6   11 50   12 32   13 90   14 85   15 14   16 14   17 78   18 28   19 74   20 77 
   1 36    2 57    3 77    4 45    5 64    6 55    7 10    8 69    9 40   10 67   11 97   12 67   13 48   14 26   15 11   16 82   17 51   18 73   19  9   20 64 
   1  7    2 11    3 72    4 33    5 38    6 90    7 55    8 25    9 82   10 89   11 26   12 21   13 21   14 61   15 18   16 42   17 56   18 41   19 25   20  5 
   1 71    2 96    3 22    4  4    5 24    6 44    7 22    8 89    9 75   10 18   11  2   12  4   13 74   14 82   15 21   16 92   17 25   18 51   19 28   20 98 
   1 96    2 72    3 73    4 37    5  3    6 59    7 10    8  3    9 97   10 30   11 20   12 62   13 30   14 52   15  3   16 66   17 30   18 36   19 16   20 49 
   1 85    2 71    3 87    4 86    5 61    6 56    7 60    8 12    9 18   10 81   11 69   12 35   13 96   14 32   15 45   16 80   17  2   18 68   19 66   20 98 
   1 20    2 82    3 68    4 57    5 60    6  5    7 79    8 37    9 45   10 75   11 42   12 60   13 79   14 85   15 71   16 41   17 56   18 23   19 81   20 64 
   1 17    2 10    3  2    4 19    5 12    6 24    7 75    8 61    9 39   10 24   11 52   12 42   13 97   14 98   15  5   16 69   17 24   18 78   19 95   20 79 
   1 71    2  3    3 99    4 87    5 33    6 74    7 87    8 30    9 44   10 17   11 83   12 68   13 37   14 64   15 37   16 32   17 95   18 98   19 22   20 65 
   1 23    2 54    3  2    4 81    5 42    6 63    7 95    8 48    9 55   10 87   11 51   12 18   13  1   14 20   15 79   16 64   17 33   18 34   19 99   20  5 
   1 80    2 22    3 20    4 32    5 15    6 75    7 45    8 41    9 71   10 35   11 23   12 39   13 46   14 78   15  1   16 64   17 12   18 77   19 62   20 37 
   1 52    2 71    3 47    4 53    5 10    6 25    7 79    8 70    9 49   10 61   11 61   12 82   13 68   14 21   15 36   16 52   17 65   18 64   19 58   20 26 
   1 89    2  7    3 10    4 98    5 68    6 42    7 20    8 18    9 35   10 43   11 74   12 28   13 67   14 63   15 65   16 25   17 72   18 55   19 80   20 90 
   1 84    2 66    3 14    4 44    5 68    6 41    7 44    8 43    9 13   10 83   11 31   12 54   13 27   14 33   15 22   16 53   17 70   18 39   19 18   20 27 
   1 80    2  5    3 50    4  1    5 34    6 11    7 52    8 95    9 45   10 29   11 91   12  8   13 74   14 96   15 77   16 33   17 10   18 26   19 27   20 69 
   1  3    2 14    3 53    4 31    5  2    6 35    7 86    8 25    9 26   10 90   11 77   12  6   13 58   14 74   15 48   16 49   17 69   18 83   19 14   20 55 
   1 30    2 15    3 27    4 36    5 81    6 79    7 88    8 12    9 13   10 58   11 54   12  1   13 65   14 22   15 58   16 80   17 21   18 28   19 41   20 84 
   1 36    2 82    3 78    4 61    5 45    6 42    7 62    8 13    9 97   10 32   11 29   12 54   13 29   14 60   15 71   16 82   17  7   18 65   19 42   20 90 

