ta050
50 10
   1 18    2 97    3 14    4 74    5 75    6 27    7 69    8 65    9 89   10 83 
   1 77    2 49    3 17    4 29    5 43    6 98    7 28    8 21    9 41   10  3 
   1 73    2 33    3 31    4 77    5 70    6 62    7 95    8 60    9 16   10 99 
   1 91    2 48    3 37    4 14    5 11    6 17    7 38    8 72    9  7   10 87 
   1 96    2 68    3 85    4 30    5 64    6 35    7 89    8  4    9 84   10 60 
   1 10    2 36    3 84    4 14    5 88    6 71    7 19    8 85    9 53   10 92 
   1 58    2 66    3  7    4 48    5 94    6 94    7  6    8 47    9 56   10 75 
   1 70    2  6    3 54    4  1    5  9    6 58    7 52    8 80    9 71   10 53 
   1 42    2 54    3 40    4  4    5 29    6 77    7 70    8 71    9 40   10 30 
   1 21    2 16    3 95    4 71    5 58    6 29    7  4    8 26    9 17   10 59 
   1 11    2  7    3 97    4 54    5 90    6 61    7 81    8 73    9 33   10 95 
   1 88    2 35    3 44    4 30    5 78    6 41    7  1    8 36    9  3   10 85 
   1 91    2 64    3  4    4 42    5 63    6 47    7 36    8 38    9 51   10 63 
   1 78    2 18    3 46    4 43    5 34    6  2    7 30    8 13    9 76   10 21 
   1 70    2  8    3 10    4 33    5 71    6 16    7 13    8 66    9  2   10 78 
   1 53    2 61    3 63    4 32    5 49    6 41    7 90    8 82    9 63   10 72 
   1 51    2 41    3 76    4 12    5 69    6 59    7 30    8  2    9 84   10 87 
   1 96    2 65    3 23    4 68    5 97    6 27    7 66    8 76    9 55   10 52 
   1 27    2 71    3 95    4  8    5 10    6 18    7 28    8 29    9  3   10 39 
   1 47    2 34    3 73    4 82    5 43    6 33    7 36    8 90    9 82   10 93 
   1 30    2 35    3 78    4 27    5 22    6  1    7 38    8 36    9 46   10 22 
   1 37    2 92    3 46    4 59    5 16    6 99    7 48    8 32    9 58   10 82 
   1 63    2 70    3 40    4 20    5 31    6  3    7 97    8 84    9 24   10 21 
   1 61    2 65    3 34    4 60    5 22    6 15    7 56    8 78    9 57   10 65 
   1 73    2 76    3 92    4 76    5 62    6 45    7 92    8 94    9 59   10 81 
   1 80    2 71    3 42    4 44    5 14    6 82    7 93    8 45    9 86   10 59 
   1  5    2 81    3 56    4 29    5 11    6 20    7 81    8 14    9 39   10 73 
   1 82    2 32    3  4    4 68    5 46    6 11    7 24    8 72    9 55   10 74 
   1 49    2 27    3 63    4 24    5 85    6 90    7 38    8  3    9 69   10 33 
   1 11    2 95    3 93    4 46    5 59    6 65    7 39    8 18    9 36   10 53 
   1 79    2 49    3 72    4 94    5 73    6 73    7 33    8 58    9 98   10 47 
   1 78    2 51    3 63    4 79    5 22    6 71    7  7    8 87    9 82   10 69 
   1 57    2 65    3 62    4 68    5 70    6 26    7 75    8 30    9 44   10 11 
   1 47    2 17    3 30    4 49    5 52    6 97    7 43    8 73    9 70   10 31 
   1 91    2 91    3 91    4 85    5 70    6 50    7 92    8 71    9 67   10 69 
   1 92    2 23    3 96    4 87    5 45    6 43    7 44    8  5    9 74   10 67 
   1 94    2 17    3 53    4 17    5 45    6  7    7 35    8 77    9 61   10  3 
   1 33    2 19    3 19    4 99    5 37    6 78    7  2    8 60    9 38   10 21 
   1 52    2 28    3 40    4 76    5  2    6 27    7 96    8  6    9 87   10 29 
   1 12    2 70    3 14    4 81    5 90    6 50    7 28    8 61    9 35   10 28 
   1 37    2 67    3 16    4 52    5  2    6 70    7 13    8 23    9 37   10 45 
   1 47    2 40    3 66    4 24    5 40    6 65    7 67    8 29    9 98   10  2 
   1 39    2 81    3 54    4 57    5 70    6 96    7 61    8  2    9 26   10 53 
   1  4    2 54    3 54    4  8    5 93    6 27    7 71    8 67    9 49   10 36 
   1 50    2 52    3 64    4 36    5 44    6 66    7 20    8 69    9 12   10  5 
   1 90    2 38    3 86    4 67    5 71    6 18    7 54    8 38    9 52   10 79 
   1 58    2  6    3 31    4 57    5 83    6 96    7 53    8 37    9 49   10 76 
   1 46    2  8    3 99    4 66    5 13    6 66    7 75    8 80    9 92   10 32 
   1 14    2 31    3 10    4  5    5  3    6 82    7 58    8 51    9 43   10 87 
   1 84    2 98    3  2    4 69    5 99    6 23    7 74    8 34    9 75   10  4 

