ta051
50 20
   1 52    2 63    3 82    4 16    5 63    6 94    7 79    8 22    9 80   10 96   11 53   12 54   13 71   14 27   15 95   16  3   17 92   18 80   19 61   20 74 
   1 95    2 99    3 21    4 26    5 55    6 34    7 21    8  6    9 13   10  3   11 19   12 67   13 90   14 93   15 53   16 80   17 62   18 38   19 86   20 38 
   1 42    2 69    3 79    4 46    5 59    6 89    7 93    8 24    9 64   10 50   11 99   12 25   13 59   14 49   15 54   16 78   17 11   18 55   19 16   20  4 
   1 75    2 70    3 95    4 66    5 35    6 62    7 32    8 55    9 77   10 57   11 62   12 77   13 82   14 63   15 22   16 32   17 83   18 34   19 42   20 31 
   1 44    2 53    3 46    4 76    5 21    6 47    7  8    8 48    9 17   10 66   11 88   12 38   13 22   14 65   15 84   16 53   17 87   18 85   19 14   20 62 
   1 57    2 21    3 23    4 31    5 59    6 66    7 45    8 57    9 78   10 84   11 93   12 98   13 88   14 34   15 54   16 43   17 66   18 44   19 92   20 39 
   1 89    2 10    3 40    4 36    5 78    6 76    7 37    8 78    9 82   10 98   11 34   12 96   13 35   14 10   15  2   16 85   17 98   18 47   19 67   20 97 
   1 53    2 31    3 95    4  8    5 25    6 15    7 78    8  5    9  4   10 55   11 72   12 20   13 49   14 56   15 80   16 19   17 42   18 66   19 77   20 57 
   1 84    2 80    3 87    4 37    5 30    6 18    7 26    8 50    9 72   10 70   11 42   12 15   13 78   14 51   15 84   16 48   17 23   18 19   19 46   20  9 
   1 62    2 18    3 37    4 21    5 38    6 54    7 98    8 83    9 93   10 32   11 65   12 36   13 69   14 97   15 66   16 49   17 45   18 66   19 41   20 54 
   1 91    2  5    3 24    4  3    5 78    6 24    7 17    8 70    9 68   10 31   11 39   12 65   13 76   14 52   15 25   16 66   17 52   18 61   19 78   20 13 
   1 14    2 18    3 24    4 76    5 79    6 55    7 25    8 21    9 25   10 64   11 79   12 97   13  2   14 46   15 16   16 22   17  6   18 60   19  3   20 47 
   1 95    2 17    3 65    4 67    5 58    6 96    7 21    8 71    9 67   10 11   11  9   12 27   13 14   14 16   15 79   16 37   17  3   18 98   19 72   20  6 
   1 89    2 71    3 62    4  5    5 44    6 10    7 28    8 58    9 80   10  9   11 26   12 25   13  3   14 50   15 90   16 51   17 64   18 82   19 95   20 70 
   1  4    2 90    3 19    4 47    5 38    6 12    7 68    8 36    9 43   10 32   11 72   12 61   13 22   14 96   15 51   16 82   17 55   18 79   19 53   20 19 
   1 95    2 93    3 67    4 72    5 76    6 96    7 24    8 50    9 93   10 58   11 29   12 24   13 26   14 85   15 29   16 59   17 97   18 71   19 59   20 97 
   1  2    2 14    3 66    4 66    5 70    6 53    7 62    8 31    9 21   10 98   11 36   12 97   13 44   14 61   15 29   16 88   17 83   18 28   19 34   20 41 
   1 97    2 49    3  6    4 56    5 72    6 92    7 89    8 86    9 33   10 95   11 48   12 61   13  1   14 76   15 90   16 77   17 42   18 74   19 66   20  1 
   1 68    2 52    3 65    4 95    5 85    6 77    7 60    8 29    9 14   10 25   11 57   12 75   13  4   14 30   15 83   16 19   17 81   18 27   19 42   20 57 
   1 20    2  7    3 59    4 49    5  8    6  6    7 64    8 30    9 30   10  4   11 95   12 92   13 16   14 90   15 83   16 32   17 92   18 33   19 63   20 60 
   1 33    2 78    3  2    4 47    5 10    6 91    7 38    8 93    9 59   10 45   11 93   12 73   13 55   14 42   15 19   16 52   17 68   18 13   19 27   20 62 
   1 51    2 57    3 67    4 26    5 84    6 14    7 90    8 49    9 83   10 60   11 79   12 21   13 43   14 88   15 95   16  9   17 46   18  9   19 92   20 14 
   1 98    2 41    3 82    4 81    5 42    6 41    7 87    8 83    9 85   10 87   11 88   12 29   13 87   14 37   15 87   16 96   17 56   18 12   19  8   20 90 
   1  8    2 75    3 90    4 56    5 67    6 30    7  1    8 89    9 85   10 31   11 77   12  3   13 35   14 43   15 12   16 23   17 88   18 51   19 65   20 76 
   1 85    2 98    3 30    4 76    5 20    6 85    7 99    8 44    9 70   10  1   11 94   12 96   13 76   14 88   15 34   16 64   17 50   18 16   19 34   20 12 
   1 86    2 93    3 63    4 66    5 24    6 17    7 34    8 38    9 35   10 96   11 39   12 51   13 98   14 91   15 23   16 22   17 13   18 49   19  6   20 89 
   1 73    2 33    3  5    4 36    5 75    6 23    7  9    8 62    9  2   10 22   11 74   12 26   13 78   14 14   15 44   16 37   17 23   18 83   19 42   20 37 
   1  4    2 75    3 93    4 53    5 23    6 60    7 22    8 45    9 76   10 95   11 46   12 44   13 81   14 63   15 30   16  3   17 13   18 48   19 39   20 35 
   1 40    2 68    3 53    4 26    5 33    6 76    7 74    8 22    9 46   10 73   11 17   12 56   13 48   14 65   15 82   16 52   17 49   18 13   19  2   20 91 
   1 98    2 33    3 85    4 52    5 60    6 39    7 14    8 85    9 72   10 77   11 30   12 31   13 25   14 74   15 83   16 44   17 18   18 78   19  7   20 69 
   1 12    2 60    3 81    4 29    5 20    6 85    7 14    8 39    9 69   10 30   11 62   12 64   13 81   14 71   15 42   16 11   17 50   18 96   19 85   20 55 
   1 59    2 82    3 73    4 36    5 75    6 10    7 84    8 98    9 46   10 88   11 77   12 38   13 27   14  8   15 56   16 21   17 94   18 77   19 32   20 48 
   1 44    2 24    3 34    4 68    5 83    6 65    7 75    8 56    9  3   10 14   11 43   12 44   13 84   14 39   15 89   16 85   17 71   18 68   19 14   20 56 
   1 46    2 99    3 74    4 21    5 26    6 15    7 37    8 68    9 57   10 22   11 98   12 46   13 59   14 95   15 38   16  6   17 64   18 88   19 74   20 84 
   1  2    2  4    3 13    4 71    5 92    6 55    7 32    8 84    9 71   10 93   11 48   12 66   13 98   14 82   15 96   16 40   17 31   18 77   19 59   20 22 
   1 41    2 97    3 78    4 61    5 29    6 41    7 29    8 77    9 77   10 48   11 14   12 31   13 14   14 17   15 10   16 68   17 21   18 76   19 95   20 51 
   1 28    2 24    3 35    4 71    5 39    6 28    7 32    8 67    9 33   10 10   11 45   12 48   13 32   14 38   15  3   16 30   17  2   18 73   19 48   20 43 
   1 83    2 50    3 20    4 69    5 14    6 93    7 89    8 53    9 49   10  7   11 25   12 27   13 95   14 69   15 53   16 35   17 63   18 92   19 37   20 50 
   1 28    2 55    3 16    4 28    5 74    6 88    7 12    8 46    9 59   10 14   11 98   12 82   13 30   14 17   15 97   16 58   17 58   18 72   19 59   20 62 
   1 21    2 91    3 48    4 86    5 66    6 27    7 47    8 24    9 82   10 91   11 30   12 51   13 13   14 24   15 11   16 31   17 36   18 87   19  4   20 61 
   1 80    2 46    3 12    4 27    5 86    6 77    7 19    8 52    9 59   10  5   11 90   12 90   13 68   14 66   15 65   16 11   17 64   18 66   19 42   20 10 
   1 71    2 58    3 11    4 41    5 10    6 81    7 97    8 96    9 70   10 43   11 92   12 63   13 19   14 75   15 47   16 11   17 52   18 98   19 93   20 87 
   1  4    2 17    3 80    4 86    5 27    6 19    7  7    8  2    9 76   10 30   11 35   12 85   13 57   14 52   15 76   16  6   17  8   18 40   19 32   20 99 
   1 60    2 47    3  9    4 55    5  8    6 76    7 12    8 88    9 10   10 79   11 13   12 36   13 65   14 59   15 22   16 59   17 94   18 31   19 30   20 40 
   1 34    2 82    3 24    4 17    5  7    6 55    7 43    8 33    9 65   10 39   11 75   12 69   13 13   14  4   15 17   16 64   17 51   18 75   19 16   20 91 
   1 55    2  6    3 76    4 62    5 97    6 67    7 89    8 27    9 19   10 34   11 55   12 67   13 63   14 73   15 14   16 65   17 36   18 45   19 95   20 64 
   1 53    2 15    3 32    4 96    5 84    6 65    7 14    8 49    9 77   10 77   11 80   12 81   13 26   14 56   15 11   16 23   17 82   18 98   19 58   20 62 
   1 96    2 91    3 35    4 59    5 56    6  8    7 33    8 78    9 86   10 81   11 67   12 18   13 96   14 19   15 69   16 80   17 30   18 90   19 12   20 53 
   1 37    2 74    3 66    4 53    5 61    6 18    7 56    8 82    9 21   10 11   11  3   12 81   13 53   14 39   15 91   16 75   17 17   18  4   19 95   20 33 
   1 37    2 42    3 48    4 93    5  9    6 56    7 57    8 65    9 75   10 10   11 93   12 72   13 94   14 51   15 53   16 63   17 21   18 23   19 21   20 16 

