ta058
50 20
   1 43    2 57    3 31    4 67    5 67    6 25    7 26    8 91    9 20   10 30   11 22   12 64   13 77   14 53   15 94   16 27   17 11   18  3   19 23   20 55 
   1 50    2 90    3 19    4 68    5 37    6 21    7 49    8 13    9 64   10 58   11 39   12 60   13 26   14 51   15 51   16 38   17 54   18 64   19  2   20 36 
   1 51    2 81    3 14    4 38    5 74    6 12    7 42    8 94    9 97   10 95   11 64   12 75   13 69   14 99   15 39   16  8   17 39   18  6   19 29   20 65 
   1 88    2 15    3 10    4 40    5  4    6  6    7 15    8 52    9 82   10 96   11 56   12 83   13 97   14 24   15  5   16 21   17 65   18 65   19 60   20 96 
   1 95    2 66    3 78    4 28    5 15    6 56    7 66    8  7    9 36   10 92   11  9   12 41   13 76   14 98   15 19   16 26   17 70   18 89   19  1   20 96 
   1 52    2  1    3 15    4  5    5 93    6 19    7 67    8 71    9 99   10 54   11 17   12 27   13 37   14 52   15 71   16  5   17 17   18 13   19 88   20 96 
   1 15    2 89    3 91    4 26    5  4    6 75    7 40    8  1    9 41   10 18   11 55   12 94   13 50   14 67   15 76   16  2   17 17   18 71   19 17   20 91 
   1 25    2 31    3 35    4 59    5  9    6 35    7 97    8 84    9 30   10 20   11 40   12 22   13 99   14 31   15 23   16 65   17 99   18 22   19 54   20 82 
   1  2    2 20    3 79    4 77    5 33    6 64    7 13    8 38    9 80   10 27   11 87   12 96   13 80   14 34   15 92   16 58   17 97   18  2   19  8   20  3 
   1 21    2 46    3 78    4 60    5 97    6 89    7 54    8 61    9 70   10 59   11 60   12 21   13 68   14 61   15 81   16 83   17 45   18 33   19  9   20 47 
   1 74    2 93    3 45    4 69    5 79    6 99    7 23    8 32    9 61   10 22   11 92   12 53   13 24   14 60   15 88   16 10   17 35   18 99   19 10   20  4 
   1  1    2 78    3 79    4 57    5 75    6 36    7  1    8 49    9 42   10 93   11 11   12 77   13 47   14 17   15  8   16 34   17 50   18 71   19 20   20 93 
   1 89    2 41    3 47    4 43    5 91    6 32    7 74    8 63    9 51   10  6   11 51   12 85   13  7   14 82   15 71   16 29   17  5   18 51   19 12   20 74 
   1 78    2 30    3 33    4 90    5 79    6 53    7 95    8 72    9 15   10 95   11 78   12 33   13 70   14 25   15  9   16 82   17 48   18 61   19  7   20 12 
   1 14    2 42    3 75    4 30    5 23    6 67    7 45    8 86    9 16   10 58   11  3   12 20   13 91   14 12   15 68   16 89   17 75   18 33   19  5   20 95 
   1 48    2 71    3 81    4 46    5 60    6 68    7  3    8 63    9 60   10 12   11 73   12  1   13 87   14 61   15 16   16 32   17 71   18 57   19 68   20 82 
   1 91    2  6    3 66    4 49    5 97    6 97    7 80    8 80    9 47   10 16   11 48   12 90   13 73   14 84   15 87   16 47   17 44   18 56   19 16   20 42 
   1 33    2 16    3 78    4 77    5 55    6  9    7 78    8 87    9 15   10 93   11 38   12 71   13  7   14 89   15  3   16 43   17 60   18 33   19 79   20 99 
   1 46    2 76    3 41    4 67    5 76    6 16    7 31    8 55    9 26   10 40   11 92   12 62   13 20   14 11   15  7   16 42   17 59   18 32   19 54   20 57 
   1  1    2 63    3 38    4 54    5 14    6 55    7 76    8 53    9 96   10 87   11 81   12 94   13 70   14 25   15 38   16 42   17 24   18 52   19 55   20 44 
   1 39    2 54    3 55    4  7    5  2    6 91    7 52    8 99    9 82   10  5   11 85   12 86   13  3   14 50   15 69   16 16   17 39   18 86   19 41   20 79 
   1 51    2 38    3 75    4 38    5  3    6  5    7 79    8  7    9 98   10 41   11 90   12 61   13  7   14 11   15 23   16  7   17 64   18  6   19 26   20 48 
   1 62    2 88    3  5    4 26    5  3    6 81    7 71    8 35    9 59   10 88   11 46   12 15   13 12   14 61   15 17   16 11   17 39   18  9   19  6   20 23 
   1 77    2 36    3 57    4 83    5 64    6 67    7 58    8 72    9 19   10 92   11 72   12 87   13 76   14 81   15 27   16 27   17  1   18 88   19 78   20 31 
   1 77    2 69    3 67    4 95    5 94    6 86    7  9    8 45    9  1   10 64   11 58   12 53   13  2   14 14   15 60   16 46   17 65   18 87   19 35   20 57 
   1 29    2 51    3 12    4 44    5 63    6 26    7 61    8 14    9 50   10 45   11 60   12 30   13 66   14 72   15 75   16 78   17 65   18 57   19 74   20 55 
   1 82    2 67    3 21    4 84    5 48    6 41    7 20    8 36    9 16   10 13   11 94   12 77   13 45   14 86   15 65   16 73   17  1   18 98   19 68   20 52 
   1 39    2 54    3 88    4 41    5 67    6 48    7 53    8 35    9  2   10 61   11 85   12  9   13 13   14 87   15 33   16 27   17 12   18 92   19 72   20  4 
   1 62    2 76    3 47    4  5    5 32    6 28    7 62    8 86    9  6   10 51   11 94   12 34   13 33   14  7   15 47   16 69   17 97   18 39   19  6   20 83 
   1 27    2 47    3 42    4 12    5 15    6 19    7 45    8 81    9 68   10 70   11 63   12  2   13 66   14 57   15 60   16 38   17 31   18 38   19 73   20 88 
   1 47    2 37    3 12    4 87    5 45    6 88    7 25    8 41    9 86   10 81   11 23   12 39   13  8   14 81   15 23   16 41   17 21   18 78   19 12   20 67 
   1 17    2 15    3 25    4 16    5 31    6 37    7 59    8 58    9 62   10 25   11 92   12 54   13 54   14 33   15 30   16 38   17 71   18 54   19 18   20 67 
   1 60    2  6    3 32    4  4    5 10    6 40    7 71    8 34    9 58   10 54   11 45   12  8   13  4   14 52   15 73   16 50   17  1   18 31   19 85   20 20 
   1 15    2 62    3 89    4 83    5 70    6 23    7 96    8 43    9 23   10 97   11 97   12 44   13 50   14  4   15  4   16 28   17 37   18 53   19  3   20 34 
   1 94    2 19    3 11    4 97    5 75    6 27    7 34    8 47    9 12   10 85   11 14   12 12   13 98   14 73   15 82   16 76   17 89   18 92   19 66   20 41 
   1 97    2  7    3 34    4 58    5 71    6 11    7 50    8 10    9 89   10  7   11 80   12 93   13 38   14 98   15  8   16 39   17 24   18 69   19 72   20 59 
   1 65    2 97    3 10    4 80    5 50    6  8    7 25    8 23    9 19   10 65   11 59   12 18   13 52   14  2   15 36   16 51   17 15   18 52   19 72   20 74 
   1 35    2 37    3 95    4 22    5 25    6  5    7 36    8 36    9 31   10 84   11 30   12 88   13 58   14 27   15 20   16 57   17 94   18 87   19 61   20 35 
   1  5    2 37    3  9    4  1    5 74    6 87    7 18    8 56    9 70   10 80   11 24   12 21   13 57   14 46   15 70   16 39   17 22   18 11   19 22   20  8 
   1  1    2 60    3 88    4 89    5 94    6 39    7 34    8 84    9 68   10 65   11 44   12 54   13 13   14 84   15 42   16 46   17 94   18 34   19 77   20 26 
   1 66    2 81    3 79    4 98    5  7    6 32    7 39    8 53    9 29   10 21   11 99   12 94   13  8   14  7   15 62   16 69   17 33   18 67   19 86   20 90 
   1 49    2 28    3 60    4 92    5 79    6 23    7 39    8 85    9 47   10  9   11 33   12  5   13  9   14 48   15 49   16 15   17 84   18 52   19 46   20 25 
   1  3    2 87    3 59    4 90    5 25    6 82    7 81    8 32    9 43   10 32   11 90   12 43   13  8   14 67   15 21   16 22   17 45   18 30   19 72   20 23 
   1 33    2 95    3 81    4 20    5 74    6 32    7 62    8  8    9 47   10 95   11 25   12 89   13 95   14 86   15  3   16  7   17 19   18  9   19 31   20 23 
   1 98    2 85    3  4    4 14    5 14    6 95    7 25    8 33    9 45   10 20   11 54   12 98   13 27   14  6   15 18   16 67   17 48   18 78   19 27   20 71 
   1 45    2 76    3 58    4 76    5 95    6 19    7 82    8 67    9 92   10 28   11 91   12 99   13 28   14 36   15 96   16 16   17 89   18 34   19  8   20  1 
   1  3    2 69    3 40    4 23    5 54    6 88    7 91    8 65    9 81   10 64   11 61   12 43   13 17   14 14   15 41   16 50   17 33   18 14   19 67   20 72 
   1 25    2 44    3 95    4 54    5 74    6 29    7 26    8 35    9 44   10 29   11 29   12 85   13 38   14 86   15 94   16 76   17 63   18 24   19  5   20 49 
   1 74    2 70    3 81    4 18    5 44    6 54    7 63    8 19    9 84   10 82   11  1   12 80   13 72   14 75   15 41   16 13   17 38   18 64   19 88   20 73 
   1 61    2 24    3  1    4 34    5 44    6 11    7 78    8 92    9 64   10 82   11 59   12  7   13 89   14 21   15 58   16 11   17 26   18  6   19 31   20 18 

