ta061
100 5
   1 73    2 34    3  8    4 62    5 10 
   1 84    2 46    3 37    4 86    5 60 
   1 57    2 97    3 38    4 46    5 34 
   1 52    2 88    3 30    4  3    5 96 
   1 66    2 52    3 20    4 22    5 79 
   1 67    2 49    3 68    4 33    5 62 
   1 33    2 88    3  4    4 90    5  6 
   1 62    2 15    3 78    4 94    5 15 
   1 65    2 55    3 41    4 98    5 94 
   1  7    2  6    3  2    4  9    5 39 
   1  6    2 77    3 62    4 84    5 85 
   1 31    2 49    3 38    4 69    5 17 
   1 42    2 46    3 95    4 26    5 55 
   1 82    2 14    3 82    4 22    5 59 
   1 48    2 35    3 96    4 49    5 48 
   1 45    2 40    3 56    4 90    5 11 
   1 79    2  1    3 61    4 81    5 63 
   1 86    2 70    3 34    4 12    5 98 
   1 10    2 46    3  1    4 54    5 33 
   1 47    2 28    3  9    4 53    5 49 
   1 67    2 73    3 57    4 18    5 41 
   1 86    2 24    3 80    4 56    5 82 
   1 64    2 44    3 58    4 43    5 12 
   1 38    2 55    3  7    4 50    5 61 
   1 13    2 94    3 56    4 82    5 94 
   1 69    2 52    3 31    4 18    5 80 
   1  4    2 40    3 92    4 89    5 84 
   1 21    2 76    3 84    4 49    5 18 
   1 25    2 92    3 25    4 20    5 68 
   1 74    2 22    3 20    4 76    5  6 
   1 11    2 46    3 65    4 90    5 98 
   1 85    2 19    3 36    4 64    5 47 
   1 50    2 18    3 67    4 89    5  6 
   1 21    2 50    3 96    4 16    5 55 
   1 93    2 31    3 35    4  3    5 73 
   1 98    2 41    3 59    4 12    5 70 
   1 91    2 51    3 76    4 45    5 56 
   1 26    2 73    3 66    4 67    5 46 
   1  4    2 22    3 83    4 97    5 50 
   1 28    2 21    3 37    4 80    5 90 
   1 61    2 79    3 33    4 97    5 89 
   1  8    2 93    3  2    4 92    5 88 
   1 55    2 98    3 95    4 56    5 50 
   1 68    2 89    3 20    4 50    5 99 
   1 30    2 44    3 84    4 95    5 41 
   1 26    2 64    3 43    4 25    5 36 
   1 81    2 93    3  4    4 52    5 16 
   1 95    2 66    3 44    4 21    5 84 
   1 49    2 14    3 74    4 47    5 98 
   1  6    2 10    3 92    4  4    5 44 
   1 82    2 36    3 55    4 67    5 42 
   1 71    2 36    3 98    4 62    5 43 
   1 61    2 69    3  8    4 63    5 62 
   1 84    2 79    3 30    4 25    5 49 
   1 29    2 90    3 18    4  3    5 22 
   1 44    2 51    3 28    4 55    5 16 
   1 83    2 81    3 54    4 87    5 14 
   1 12    2 16    3 68    4 84    5 55 
   1 54    2 28    3 42    4 28    5 45 
   1 19    2 26    3 28    4 73    5 20 
   1 52    2 97    3 12    4  8    5 35 
   1 59    2 33    3 57    4 38    5 89 
   1 74    2 77    3 81    4 80    5  7 
   1 42    2 68    3 19    4 53    5 64 
   1 60    2 28    3 16    4 70    5 36 
   1 43    2 46    3 88    4  9    5  5 
   1 80    2 16    3 75    4 87    5 63 
   1 34    2 96    3 11    4 33    5  8 
   1 74    2 59    3 57    4 11    5 76 
   1 46    2 56    3 99    4 65    5 95 
   1 40    2  4    3  4    4 92    5 40 
   1 27    2 52    3 51    4 34    5 51 
   1 79    2 89    3 26    4 64    5 98 
   1  1    2 84    3  6    4 96    5 77 
   1 98    2 42    3 16    4 67    5 92 
   1 44    2 37    3 71    4 54    5 35 
   1  8    2 90    3 52    4 26    5  3 
   1 55    2 51    3 96    4 32    5 56 
   1 55    2 84    3 89    4 10    5  1 
   1 27    2 16    3 79    4 91    5 17 
   1 69    2 39    3 91    4 90    5 70 
   1 79    2 16    3 57    4 31    5 45 
   1 97    2 37    3  2    4  7    5 87 
   1 39    2 19    3 33    4  6    5 37 
   1 54    2 15    3 42    4 77    5 70 
   1 75    2 68    3  1    4 91    5 84 
   1 88    2  7    3 40    4 42    5 69 
   1 87    2 58    3 76    4  5    5  7 
   1 97    2 47    3 85    4 46    5  5 
   1  4    2 27    3 99    4 54    5 97 
   1 79    2 82    3 65    4 56    5 47 
   1 59    2 72    3 98    4  1    5 12 
   1  7    2  1    3 78    4 24    5 54 
   1 89    2  7    3 61    4 62    5 84 
   1 61    2 22    3 83    4 47    5 49 
   1 42    2 40    3 30    4 63    5 89 
   1 79    2 59    3 14    4 39    5 86 
   1 85    2 16    3 62    4 63    5 37 
   1 66    2  7    3 41    4 95    5 52 
   1 99    2 72    3 91    4 45    5 85 

