ta068
100 5
   1 26    2 51    3 23    4 59    5 22 
   1 23    2 52    3 10    4 60    5 34 
   1 92    2 40    3 85    4 61    5 10 
   1 67    2 67    3 83    4 68    5 54 
   1 41    2 87    3 27    4 72    5  6 
   1 58    2  4    3 42    4 12    5  8 
   1  3    2 78    3 87    4 46    5 29 
   1  3    2 50    3 84    4 27    5  6 
   1 37    2 87    3  1    4 45    5 60 
   1 69    2 81    3 45    4 60    5 97 
   1 91    2 29    3 65    4 31    5 97 
   1 20    2 25    3  2    4 99    5 82 
   1 40    2 64    3 86    4 34    5 59 
   1 14    2 79    3 26    4 25    5 39 
   1 31    2 73    3 14    4 43    5  4 
   1 36    2 91    3 43    4 96    5 16 
   1 51    2  5    3 58    4 58    5 46 
   1 87    2 32    3 40    4 40    5 84 
   1 47    2 78    3 43    4 63    5 27 
   1 74    2 14    3 82    4 62    5 60 
   1 49    2 12    3 25    4 17    5 86 
   1 21    2 74    3 21    4 74    5  9 
   1 47    2 21    3 66    4 99    5 91 
   1 39    2 79    3 93    4 16    5 75 
   1 80    2 30    3 32    4 13    5 26 
   1  2    2  3    3 63    4 64    5 37 
   1  7    2 73    3 65    4 47    5 17 
   1 98    2 90    3 77    4 47    5 21 
   1 23    2  4    3 40    4 36    5 41 
   1 17    2  1    3 78    4 39    5 31 
   1 26    2 60    3 76    4 57    5 47 
   1 19    2 37    3 65    4 82    5 49 
   1 94    2 86    3 74    4 22    5 20 
   1 33    2 96    3 59    4 17    5 47 
   1 18    2 85    3 48    4 17    5 32 
   1 94    2 54    3  7    4  9    5  4 
   1 68    2 75    3 89    4 11    5 77 
   1 68    2 77    3 82    4 96    5 44 
   1 18    2 88    3 89    4 14    5 90 
   1 16    2 73    3 44    4  2    5  1 
   1 94    2  1    3 70    4 25    5  3 
   1 24    2  1    3  7    4  8    5 34 
   1 67    2  7    3 92    4 68    5 35 
   1 14    2 27    3 87    4 89    5 69 
   1 39    2 86    3 44    4 10    5 46 
   1 29    2 65    3 34    4 18    5 85 
   1 73    2 11    3 25    4 64    5 85 
   1 64    2 36    3 49    4 79    5 51 
   1  9    2 38    3 68    4 71    5 62 
   1 82    2 99    3 21    4 16    5 98 
   1 36    2 17    3 86    4 95    5 72 
   1 44    2 23    3 61    4 24    5 62 
   1 33    2 44    3  4    4 30    5 18 
   1 65    2 32    3 32    4 59    5 97 
   1 10    2 84    3  9    4 93    5 36 
   1  1    2 12    3 64    4  8    5 31 
   1 26    2 60    3 47    4 97    5 94 
   1 53    2 74    3 28    4 98    5 68 
   1 65    2 16    3 55    4 45    5 79 
   1 22    2 90    3 47    4 82    5 85 
   1 64    2 68    3 54    4 81    5 14 
   1 74    2 44    3  8    4 75    5 91 
   1 76    2 99    3 89    4 31    5 73 
   1 13    2 95    3  8    4 59    5 26 
   1 68    2 65    3 36    4 25    5 53 
   1 93    2 63    3 88    4 23    5  1 
   1 15    2 78    3 14    4 71    5 43 
   1 74    2 61    3  2    4 64    5 85 
   1 32    2 67    3 17    4 88    5 77 
   1 74    2 10    3 51    4 21    5 79 
   1 50    2 91    3 25    4 78    5 78 
   1 25    2 81    3 39    4 67    5 26 
   1 30    2 38    3 73    4  8    5 75 
   1  9    2 35    3 45    4 37    5 52 
   1 41    2 65    3 70    4 24    5 25 
   1 35    2 14    3 50    4 96    5 21 
   1 19    2 80    3 87    4 26    5 95 
   1 89    2 42    3 95    4 62    5 23 
   1 42    2 58    3  7    4 88    5 80 
   1  2    2 52    3 21    4 68    5 77 
   1 59    2 95    3 57    4 63    5 84 
   1 27    2 30    3 46    4 41    5  4 
   1  7    2 45    3  5    4 82    5 76 
   1 53    2  6    3 98    4 86    5 30 
   1 43    2 31    3 62    4  9    5 91 
   1 40    2 11    3 39    4 40    5 41 
   1 53    2  5    3 30    4 12    5 51 
   1 67    2 47    3 35    4 93    5 68 
   1 98    2 35    3 87    4 13    5 67 
   1 33    2 56    3  7    4 37    5  8 
   1 16    2  4    3 49    4 70    5 66 
   1  5    2 85    3 60    4 95    5 53 
   1 53    2 40    3 72    4 76    5 60 
   1 39    2 99    3 86    4 30    5 76 
   1 60    2 61    3  4    4  1    5 13 
   1 52    2  9    3 54    4 60    5 90 
   1 28    2  9    3 24    4 89    5  5 
   1 20    2 13    3 31    4 48    5  1 
   1 84    2 15    3 86    4 39    5 47 
   1 93    2 67    3  9    4  8    5 78 

