ta079
100 10
   1 73    2 11    3 23    4  7    5 83    6 40    7 62    8 55    9 90   10 41 
   1 39    2 37    3 51    4 56    5 35    6 31    7 52    8 62    9 32   10 76 
   1 77    2 29    3 47    4 89    5 37    6 40    7 23    8 17    9 53   10 42 
   1 45    2 94    3 54    4  3    5 51    6 37    7 64    8 23    9 60   10 47 
   1  7    2 18    3 90    4 93    5  6    6 61    7 71    8  5    9 68   10 94 
   1 96    2 59    3 24    4 30    5 18    6  2    7 54    8 26    9 59   10 93 
   1 62    2 62    3 44    4 56    5 91    6 52    7 70    8 40    9 66   10 51 
   1 56    2 65    3 63    4 33    5 94    6 97    7 48    8 36    9 81   10 34 
   1 78    2 38    3 61    4 54    5 24    6 23    7 31    8 36    9  3   10 37 
   1 60    2 72    3 16    4 42    5  4    6 92    7 18    8 55    9 90   10 65 
   1 85    2 40    3 16    4 94    5 75    6 71    7 24    8 45    9 21   10 32 
   1  5    2 93    3 41    4 41    5 22    6 94    7 46    8 78    9 77   10 85 
   1 97    2 68    3 60    4  4    5 93    6 77    7 66    8 99    9 97   10 33 
   1 93    2 62    3 98    4 40    5 93    6 63    7 25    8 58    9 42   10 99 
   1  2    2 82    3 32    4 10    5 69    6  7    7 84    8 50    9 94   10 99 
   1 79    2 56    3 42    4 25    5 83    6 37    7 30    8 87    9 88   10 85 
   1 71    2 94    3 49    4 24    5  4    6 89    7 76    8 17    9 42   10 34 
   1 22    2 52    3 36    4 82    5 83    6 13    7 10    8 37    9 81   10 14 
   1 28    2 82    3 41    4 33    5 32    6 26    7 63    8 18    9 59   10 16 
   1 91    2 40    3 39    4 20    5 62    6 70    7 46    8 41    9 73   10 55 
   1 26    2 20    3 29    4 37    5 70    6 39    7 81    8 68    9 13   10 24 
   1 75    2 58    3 41    4 92    5 11    6 47    7 86    8 89    9 97   10 83 
   1 32    2  3    3 58    4 27    5 78    6 17    7 48    8 36    9 92   10 69 
   1 19    2 92    3 30    4  1    5 59    6 43    7 29    8 95    9 33   10 98 
   1 60    2 63    3 55    4 74    5 73    6 38    7 43    8  6    9 55   10 57 
   1 29    2 73    3 22    4 83    5 90    6  5    7 86    8 58    9 36   10 42 
   1 97    2 30    3 11    4 38    5 79    6 79    7 90    8 21    9 89   10 24 
   1 30    2 61    3 54    4 77    5 93    6 88    7  9    8 95    9 64   10 83 
   1 78    2 41    3 37    4 48    5 20    6 46    7 76    8 78    9 51   10 19 
   1 33    2 60    3 62    4 72    5 35    6 61    7 97    8 78    9 37   10 65 
   1 89    2 19    3 40    4 55    5  1    6 94    7 88    8  7    9 87   10 74 
   1 90    2 33    3 67    4 25    5 78    6 74    7 63    8 83    9 17   10 77 
   1 99    2 96    3 29    4 72    5 24    6 72    7 54    8 54    9 11   10  1 
   1 89    2 56    3 31    4 12    5 87    6 15    7 10    8 25    9 72   10 73 
   1 54    2 96    3 37    4 65    5 76    6 12    7 47    8 99    9 93   10 68 
   1 54    2  9    3 44    4 25    5 85    6 23    7 95    8 23    9 52   10 17 
   1 42    2 67    3 27    4  1    5 18    6 70    7 25    8 84    9 98   10 75 
   1 38    2 88    3  4    4 31    5 40    6  4    7 23    8 17    9 91   10 91 
   1 84    2 76    3 19    4 58    5 73    6 96    7 27    8 73    9 30   10 85 
   1 41    2 19    3 21    4  3    5 88    6 79    7 92    8 51    9 52   10 90 
   1 61    2 34    3 41    4 84    5 25    6 97    7 76    8 38    9 69   10 79 
   1 32    2 64    3 41    4 42    5 57    6 68    7 59    8 12    9 39   10 80 
   1 11    2 48    3 68    4 23    5 46    6 17    7 22    8 56    9 59   10 23 
   1 58    2 77    3 84    4  3    5 16    6 40    7 60    8 39    9 43   10 95 
   1 84    2 18    3 56    4 60    5 67    6 16    7 88    8  8    9 84   10 82 
   1 31    2 30    3 52    4 24    5 33    6 20    7 93    8  8    9 26   10 33 
   1 48    2  2    3 66    4 89    5 75    6  2    7 92    8 86    9 62   10 57 
   1 94    2 53    3 19    4 47    5 61    6  2    7 16    8 47    9 45   10 93 
   1 32    2 42    3 66    4 30    5 57    6 27    7 77    8 24    9 89   10 38 
   1 68    2 82    3 97    4 35    5 39    6 12    7 31    8 88    9 88   10 99 
   1 87    2 11    3 77    4 94    5  6    6 28    7 44    8 47    9 47   10 93 
   1 95    2  6    3 93    4  3    5 53    6 72    7 45    8  6    9 85   10 47 
   1 72    2 19    3 34    4 64    5 28    6 30    7 28    8 91    9 57   10 17 
   1 42    2  3    3 12    4 34    5 52    6 14    7  6    8 85    9 49   10 84 
   1 49    2 96    3 95    4 90    5 31    6 19    7 63    8 62    9 83   10  4 
   1 53    2 47    3 52    4 70    5 71    6 43    7 12    8 84    9 40   10 76 
   1 85    2 61    3 27    4  9    5 29    6 62    7 69    8 61    9 50   10 59 
   1 26    2 93    3 93    4 72    5 13    6 76    7 53    8 65    9 20   10 59 
   1 51    2 76    3 95    4 90    5 33    6 15    7 15    8 93    9 85   10 10 
   1 81    2 35    3 74    4 32    5 58    6 25    7 46    8 26    9  2   10 82 
   1  7    2 60    3 56    4 71    5 88    6 50    7 19    8 17    9 79   10 99 
   1 43    2 76    3 92    4 53    5  7    6 19    7 26    8 98    9 10   10 47 
   1 79    2 70    3 87    4 66    5 62    6 43    7 52    8 72    9 98   10 22 
   1 27    2  6    3 48    4 22    5 85    6 35    7  2    8 42    9 51   10 10 
   1 66    2 95    3 32    4 11    5 32    6 67    7 18    8 33    9 96   10 26 
   1 27    2 42    3 69    4 77    5 30    6 78    7  4    8 80    9 35   10 52 
   1 92    2 61    3  6    4 32    5  6    6 74    7 64    8 18    9 32   10 83 
   1 29    2 40    3 18    4 60    5 87    6 80    7 62    8 34    9 18   10 62 
   1 87    2 27    3 94    4  3    5 99    6 88    7 36    8 31    9 66   10 84 
   1 57    2 70    3 46    4 21    5 96    6 71    7 59    8 72    9  9   10 42 
   1 67    2 69    3 40    4 83    5 86    6 70    7 62    8 26    9 51   10 87 
   1 95    2 74    3 32    4 49    5 85    6  1    7 81    8 67    9 62   10 28 
   1 10    2 44    3 60    4 26    5 24    6 23    7 96    8 70    9 34   10  8 
   1 84    2 13    3 84    4 75    5 94    6 41    7  9    8 14    9  4   10 60 
   1 25    2 26    3 24    4 50    5 56    6 44    7 26    8 72    9 65   10 47 
   1 96    2 71    3 37    4 61    5 64    6 34    7 46    8 25    9 38   10 46 
   1 27    2 94    3 51    4 20    5 13    6 34    7 98    8 80    9 28   10 85 
   1 35    2 56    3  9    4 80    5 85    6 85    7 95    8 71    9 37   10 90 
   1 59    2 15    3 43    4 15    5 41    6 66    7 84    8 92    9 50   10 54 
   1  1    2  7    3 89    4 32    5 74    6 76    7 35    8 74    9 30   10 78 
   1 55    2  5    3 66    4 88    5 56    6 50    7 86    8 58    9 32   10 32 
   1 30    2 86    3 94    4 36    5 37    6 86    7 81    8 27    9 67   10 83 
   1 78    2 66    3  8    4 15    5 90    6 11    7 52    8 96    9 13   10 59 
   1 29    2 19    3  4    4 90    5 71    6  8    7 75    8 49    9 87   10 48 
   1 76    2 30    3 58    4 79    5 84    6 67    7 51    8 33    9  6   10  5 
   1 39    2 54    3 59    4 41    5 19    6 19    7 52    8 74    9 93   10 61 
   1 10    2 15    3 16    4 12    5 94    6 98    7 51    8 11    9 78   10 25 
   1 89    2 83    3 44    4 41    5 23    6 82    7 98    8  4    9 31   10 80 
   1 77    2 74    3 29    4 97    5 61    6 66    7 65    8 58    9 16   10 76 
   1 49    2 66    3 99    4 94    5 52    6 41    7 20    8 19    9 63   10  4 
   1 56    2  8    3  8    4  5    5 26    6  2    7 87    8 11    9 37   10 18 
   1 52    2 46    3  1    4 15    5  5    6 45    7 19    8 83    9 60   10 28 
   1 43    2 85    3 76    4 77    5 70    6  8    7 20    8 90    9 91   10 82 
   1 37    2 69    3 66    4  4    5 28    6 88    7 41    8 44    9 56   10 74 
   1 22    2  2    3 14    4 97    5 11    6 99    7  9    8 95    9  5   10 21 
   1 85    2 97    3  2    4 46    5 43    6 75    7 21    8 27    9 78   10 11 
   1 61    2  8    3 59    4 85    5 59    6  8    7 12    8 93    9 85   10 32 
   1 49    2  8    3 93    4  5    5 78    6 22    7 64    8 35    9  9   10 45 
   1 82    2 10    3 60    4 38    5 85    6 31    7 63    8 71    9  5   10 11 
   1 49    2 44    3 11    4 83    5 53    6 28    7 94    8 96    9 20   10 77 

