ta071
100 10
   1 52    2 82    3 63    4 79    5 80    6 53    7 71    8 95    9 92   10 61 
   1 95    2 21    3 55    4 21    5 13    6 19    7 90    8 53    9 62   10 86 
   1 42    2 79    3 59    4 93    5 64    6 99    7 59    8 54    9 11   10 16 
   1 75    2 95    3 35    4 32    5 77    6 62    7 82    8 22    9 83   10 42 
   1 44    2 46    3 21    4  8    5 17    6 88    7 22    8 84    9 87   10 14 
   1 57    2 23    3 59    4 45    5 78    6 93    7 88    8 54    9 66   10 92 
   1 89    2 40    3 78    4 37    5 82    6 34    7 35    8  2    9 98   10 67 
   1 53    2 95    3 25    4 78    5  4    6 72    7 49    8 80    9 42   10 77 
   1 84    2 87    3 30    4 26    5 72    6 42    7 78    8 84    9 23   10 46 
   1 62    2 37    3 38    4 98    5 93    6 65    7 69    8 66    9 45   10 41 
   1 91    2 24    3 78    4 17    5 68    6 39    7 76    8 25    9 52   10 78 
   1 14    2 24    3 79    4 25    5 25    6 79    7  2    8 16    9  6   10  3 
   1 95    2 65    3 58    4 21    5 67    6  9    7 14    8 79    9  3   10 72 
   1 89    2 62    3 44    4 28    5 80    6 26    7  3    8 90    9 64   10 95 
   1  4    2 19    3 38    4 68    5 43    6 72    7 22    8 51    9 55   10 53 
   1 95    2 67    3 76    4 24    5 93    6 29    7 26    8 29    9 97   10 59 
   1  2    2 66    3 70    4 62    5 21    6 36    7 44    8 29    9 83   10 34 
   1 97    2  6    3 72    4 89    5 33    6 48    7  1    8 90    9 42   10 66 
   1 68    2 65    3 85    4 60    5 14    6 57    7  4    8 83    9 81   10 42 
   1 20    2 59    3  8    4 64    5 30    6 95    7 16    8 83    9 92   10 63 
   1 33    2  2    3 10    4 38    5 59    6 93    7 55    8 19    9 68   10 27 
   1 51    2 67    3 84    4 90    5 83    6 79    7 43    8 95    9 46   10 92 
   1 98    2 82    3 42    4 87    5 85    6 88    7 87    8 87    9 56   10  8 
   1  8    2 90    3 67    4  1    5 85    6 77    7 35    8 12    9 88   10 65 
   1 85    2 30    3 20    4 99    5 70    6 94    7 76    8 34    9 50   10 34 
   1 86    2 63    3 24    4 34    5 35    6 39    7 98    8 23    9 13   10  6 
   1 73    2  5    3 75    4  9    5  2    6 74    7 78    8 44    9 23   10 42 
   1  4    2 93    3 23    4 22    5 76    6 46    7 81    8 30    9 13   10 39 
   1 40    2 53    3 33    4 74    5 46    6 17    7 48    8 82    9 49   10  2 
   1 98    2 85    3 60    4 14    5 72    6 30    7 25    8 83    9 18   10  7 
   1 12    2 81    3 20    4 14    5 69    6 62    7 81    8 42    9 50   10 85 
   1 59    2 73    3 75    4 84    5 46    6 77    7 27    8 56    9 94   10 32 
   1 44    2 34    3 83    4 75    5  3    6 43    7 84    8 89    9 71   10 14 
   1 46    2 74    3 26    4 37    5 57    6 98    7 59    8 38    9 64   10 74 
   1  2    2 13    3 92    4 32    5 71    6 48    7 98    8 96    9 31   10 59 
   1 41    2 78    3 29    4 29    5 77    6 14    7 14    8 10    9 21   10 95 
   1 28    2 35    3 39    4 32    5 33    6 45    7 32    8  3    9  2   10 48 
   1 83    2 20    3 14    4 89    5 49    6 25    7 95    8 53    9 63   10 37 
   1 28    2 16    3 74    4 12    5 59    6 98    7 30    8 97    9 58   10 59 
   1 21    2 48    3 66    4 47    5 82    6 30    7 13    8 11    9 36   10  4 
   1 80    2 12    3 86    4 19    5 59    6 90    7 68    8 65    9 64   10 42 
   1 71    2 11    3 10    4 97    5 70    6 92    7 19    8 47    9 52   10 93 
   1  4    2 80    3 27    4  7    5 76    6 35    7 57    8 76    9  8   10 32 
   1 60    2  9    3  8    4 12    5 10    6 13    7 65    8 22    9 94   10 30 
   1 34    2 24    3  7    4 43    5 65    6 75    7 13    8 17    9 51   10 16 
   1 55    2 76    3 97    4 89    5 19    6 55    7 63    8 14    9 36   10 95 
   1 53    2 32    3 84    4 14    5 77    6 80    7 26    8 11    9 82   10 58 
   1 96    2 35    3 56    4 33    5 86    6 67    7 96    8 69    9 30   10 12 
   1 37    2 66    3 61    4 56    5 21    6  3    7 53    8 91    9 17   10 95 
   1 37    2 48    3  9    4 57    5 75    6 93    7 94    8 53    9 21   10 21 
   1 63    2 16    3 94    4 22    5 96    6 54    7 27    8  3    9 80   10 74 
   1 99    2 26    3 34    4  6    5  3    6 67    7 93    8 80    9 38   10 38 
   1 69    2 46    3 89    4 24    5 50    6 25    7 49    8 78    9 55   10  4 
   1 70    2 66    3 62    4 55    5 57    6 77    7 63    8 32    9 34   10 31 
   1 53    2 76    3 47    4 48    5 66    6 38    7 65    8 53    9 85   10 62 
   1 21    2 31    3 66    4 57    5 84    6 98    7 34    8 43    9 44   10 39 
   1 10    2 36    3 76    4 78    5 98    6 96    7 10    8 85    9 47   10 97 
   1 31    2  8    3 15    4  5    5 55    6 20    7 56    8 19    9 66   10 57 
   1 80    2 37    3 18    4 50    5 70    6 15    7 51    8 48    9 19   10  9 
   1 18    2 21    3 54    4 83    5 32    6 36    7 97    8 49    9 66   10 54 
   1  5    2  3    3 24    4 70    5 31    6 65    7 52    8 66    9 61   10 13 
   1 18    2 76    3 55    4 21    5 64    6 97    7 46    8 22    9 60   10 47 
   1 17    2 67    3 96    4 71    5 11    6 27    7 16    8 37    9 98   10  6 
   1 71    2  5    3 10    4 58    5  9    6 25    7 50    8 51    9 82   10 70 
   1 90    2 47    3 12    4 36    5 32    6 61    7 96    8 82    9 79   10 19 
   1 93    2 72    3 96    4 50    5 58    6 24    7 85    8 59    9 71   10 97 
   1 14    2 66    3 53    4 31    5 98    6 97    7 61    8 88    9 28   10 41 
   1 49    2 56    3 92    4 86    5 95    6 61    7 76    8 77    9 74   10  1 
   1 52    2 95    3 77    4 29    5 25    6 75    7 30    8 19    9 27   10 57 
   1  7    2 49    3  6    4 30    5  4    6 92    7 90    8 32    9 33   10 60 
   1 78    2 47    3 91    4 93    5 45    6 73    7 42    8 52    9 13   10 62 
   1 57    2 26    3 14    4 49    5 60    6 21    7 88    8  9    9  9   10 14 
   1 41    2 81    3 41    4 83    5 87    6 29    7 37    8 96    9 12   10 90 
   1 75    2 56    3 30    4 89    5 31    6  3    7 43    8 23    9 51   10 76 
   1 98    2 76    3 85    4 44    5  1    6 96    7 88    8 64    9 16   10 12 
   1 93    2 66    3 17    4 38    5 96    6 51    7 91    8 22    9 49   10 89 
   1 33    2 36    3 23    4 62    5 22    6 26    7 14    8 37    9 83   10 37 
   1 75    2 53    3 60    4 45    5 95    6 44    7 63    8  3    9 48   10 35 
   1 68    2 26    3 76    4 22    5 73    6 56    7 65    8 52    9 13   10 91 
   1 33    2 52    3 39    4 85    5 77    6 31    7 74    8 44    9 78   10 69 
   1 60    2 29    3 85    4 39    5 30    6 64    7 71    8 11    9 96   10 55 
   1 82    2 36    3 10    4 98    5 88    6 38    7  8    8 21    9 77   10 48 
   1 24    2 68    3 65    4 56    5 14    6 44    7 39    8 85    9 68   10 56 
   1 99    2 21    3 15    4 68    5 22    6 46    7 95    8  6    9 88   10 84 
   1  4    2 71    3 55    4 84    5 93    6 66    7 82    8 40    9 77   10 22 
   1 97    2 61    3 41    4 77    5 48    6 31    7 17    8 68    9 76   10 51 
   1 24    2 71    3 28    4 67    5 10    6 48    7 38    8 30    9 73   10 43 
   1 50    2 69    3 93    4 53    5  7    6 27    7 69    8 35    9 92   10 50 
   1 55    2 28    3 88    4 46    5 14    6 82    7 17    8 58    9 72   10 62 
   1 91    2 86    3 27    4 24    5 91    6 51    7 24    8 31    9 87   10 61 
   1 46    2 27    3 77    4 52    5  5    6 90    7 66    8 11    9 66   10 10 
   1 58    2 41    3 81    4 96    5 43    6 63    7 75    8 11    9 98   10 87 
   1 17    2 86    3 19    4  2    5 30    6 85    7 52    8  6    9 40   10 99 
   1 47    2 55    3 76    4 88    5 79    6 36    7 59    8 59    9 31   10 40 
   1 82    2 17    3 55    4 33    5 39    6 69    7  4    8 64    9 75   10 91 
   1  6    2 62    3 67    4 27    5 34    6 67    7 73    8 65    9 45   10 64 
   1 15    2 96    3 65    4 49    5 77    6 81    7 56    8 23    9 98   10 62 
   1 91    2 59    3  8    4 78    5 81    6 18    7 19    8 80    9 90   10 53 
   1 74    2 53    3 18    4 82    5 11    6 81    7 39    8 75    9  4   10 33 
   1 42    2 93    3 56    4 65    5 10    6 72    7 51    8 63    9 23   10 16 

