ta075
100 10
   1 68    2  1    3 10    4 50    5 77    6 79    7 68    8 70    9 26   10 64 
   1 40    2 37    3 76    4 87    5 30    6 26    7 48    8 36    9 97   10 32 
   1 43    2 91    3 75    4 77    5 88    6 57    7 56    8 23    9  5   10 23 
   1 72    2 59    3 29    4 88    5 21    6 98    7 54    8 72    9 89   10 94 
   1 87    2  2    3 10    4 80    5 29    6 27    7 38    8 23    9 77   10 93 
   1 59    2 44    3 86    4 75    5 12    6 66    7 65    8 28    9 47   10 69 
   1 67    2 29    3 62    4 41    5  2    6 89    7 56    8 14    9 60   10 75 
   1 89    2 37    3 26    4 84    5 95    6 90    7 29    8 48    9 12   10 65 
   1 84    2 30    3  1    4 24    5 24    6 44    7 21    8 54    9 96   10 68 
   1 43    2 20    3 62    4 27    5 20    6 91    7 99    8 86    9 63   10 93 
   1 92    2 19    3 89    4 52    5 66    6 36    7 34    8 81    9 27   10  4 
   1 90    2 79    3  2    4 73    5 82    6 66    7 25    8 12    9 87   10 91 
   1 23    2 41    3 62    4 75    5 45    6 71    7 66    8 26    9 46   10 15 
   1 20    2 79    3 96    4 23    5  4    6 32    7 54    8 76    9 10   10 83 
   1 97    2 49    3 99    4 52    5 22    6 80    7  1    8 41    9 97   10 38 
   1 57    2 21    3 91    4 97    5 81    6 25    7 52    8 89    9 59   10 34 
   1 33    2 97    3 85    4 40    5 56    6 32    7 23    8 70    9 58   10 67 
   1  7    2 86    3 42    4 50    5 85    6 39    7 50    8 54    9 73   10 24 
   1 69    2 15    3  7    4 95    5  3    6 38    7 61    8  6    9 11   10 78 
   1 56    2 57    3  4    4 34    5 82    6  5    7 36    8 65    9 31   10 41 
   1 16    2 76    3 23    4  2    5 94    6 97    7 60    8  7    9 41   10 87 
   1 41    2 14    3 74    4 76    5 72    6 56    7  1    8 14    9 23   10 55 
   1  7    2 57    3 83    4 26    5 96    6 65    7 57    8 88    9 36   10 83 
   1 74    2 80    3 41    4 48    5 55    6 14    7 38    8 98    9 54   10  5 
   1 54    2 93    3 63    4 16    5  3    6 58    7 68    8 57    9  7   10 34 
   1 67    2 31    3 99    4 20    5 63    6 35    7 45    8 19    9 31   10 16 
   1 15    2 66    3 55    4 86    5 65    6 97    7 85    8 72    9 90   10 57 
   1 85    2 30    3 37    4 62    5 20    6 24    7 13    8 41    9 83   10 66 
   1 83    2 82    3 23    4 54    5  4    6 46    7 55    8 40    9 65   10 23 
   1 42    2 11    3  1    4 50    5 95    6 91    7 98    8 62    9 61   10 13 
   1 29    2 71    3 84    4 26    5 20    6 53    7 12    8 47    9 15   10 35 
   1 64    2 94    3 46    4  4    5 57    6 29    7 97    8 65    9 10   10  8 
   1  3    2 35    3 31    4  4    5 38    6 72    7  6    8 14    9 61   10 17 
   1  9    2 71    3 93    4 59    5 46    6 43    7 94    8 99    9 55   10 20 
   1 35    2 76    3 79    4 24    5 76    6 62    7 43    8 65    9 81   10 18 
   1 24    2 76    3 32    4 14    5 10    6 27    7 86    8 14    9 87   10 66 
   1 72    2 26    3 71    4 49    5 79    6 57    7  2    8 99    9 81   10 10 
   1 70    2 31    3 60    4 35    5  7    6 14    7 84    8 65    9 50   10 48 
   1 47    2 58    3 42    4 78    5 12    6 92    7 94    8 62    9 43   10 71 
   1 78    2 31    3 24    4 77    5 60    6 69    7 28    8 30    9 67   10 64 
   1 60    2 98    3 51    4 72    5 85    6 61    7 68    8  6    9 54   10 97 
   1 11    2 26    3 98    4 10    5 73    6  8    7 45    8 80    9 79   10 59 
   1 60    2 92    3 64    4 87    5 18    6 78    7 43    8 52    9 26   10 25 
   1  5    2 11    3 85    4 24    5 75    6 43    7 89    8 35    9 64   10 67 
   1 24    2 72    3 31    4 26    5 77    6 53    7 86    8 25    9 83   10  5 
   1 52    2 46    3 11    4 46    5 71    6  2    7  8    8 54    9 56   10 15 
   1 39    2 20    3 95    4 40    5 83    6 72    7 32    8 44    9  8   10 33 
   1 14    2 38    3 58    4 86    5 63    6 23    7 62    8 40    9 78   10  6 
   1 65    2 57    3 57    4 40    5 52    6 85    7 11    8 99    9 27   10 27 
   1 99    2  5    3 28    4  8    5 66    6 49    7 36    8 21    9  1   10 34 
   1 69    2 19    3 76    4 39    5 30    6  6    7  3    8 74    9 97   10 12 
   1 96    2 65    3 40    4 11    5 71    6 34    7 23    8 10    9 35   10 28 
   1 54    2 35    3 96    4 96    5 57    6  6    7 79    8 46    9 29   10 15 
   1 37    2 89    3 54    4 74    5 83    6 51    7 99    8 99    9 22   10 36 
   1 35    2 41    3 91    4 22    5 34    6 17    7 57    8 88    9 16   10 22 
   1 19    2 15    3 90    4 22    5 31    6 66    7  4    8 91    9 87   10 82 
   1 10    2 99    3 41    4 50    5 11    6 31    7 69    8 57    9 79   10 43 
   1 88    2 19    3 72    4  6    5 50    6 58    7 69    8 85    9 82   10 97 
   1 61    2 74    3 37    4 95    5 22    6 84    7 30    8 62    9 65   10  6 
   1 95    2 63    3 38    4 83    5  7    6 70    7 99    8 46    9 62   10 28 
   1 18    2 92    3 64    4 70    5 82    6 87    7 51    8 88    9 99   10 65 
   1 49    2 29    3 98    4  1    5 34    6 99    7 66    8 11    9 22   10 45 
   1 69    2 47    3 36    4  8    5  5    6 88    7 33    8 27    9 79   10 73 
   1 86    2 80    3 20    4 94    5 62    6 60    7 13    8 35    9 37   10 63 
   1 28    2  7    3  3    4 65    5  3    6  4    7 89    8 50    9 31   10 41 
   1  6    2 43    3 41    4 70    5 68    6  2    7 73    8 68    9 30   10 12 
   1 40    2 89    3 93    4 61    5 35    6 99    7 26    8 58    9 40   10 11 
   1 88    2  9    3 44    4 80    5 79    6 79    7 25    8 47    9 93   10 85 
   1 94    2 99    3  3    4 82    5 10    6 49    7 88    8 44    9 22   10 82 
   1 78    2 38    3 19    4 23    5 60    6 53    7 70    8 37    9 91   10 41 
   1 43    2 76    3 66    4 51    5 67    6 16    7 72    8 76    9  8   10 87 
   1 31    2 52    3 55    4 92    5 10    6 64    7 56    8 30    9 44   10 84 
   1 54    2 48    3 66    4 25    5 87    6 72    7  1    8 98    9 95   10 25 
   1 80    2 55    3 68    4 23    5 25    6 59    7  6    8 57    9 93   10 59 
   1 11    2 17    3  1    4 40    5 24    6 62    7 97    8  7    9 83   10 89 
   1 27    2 63    3  5    4 69    5  4    6 66    7 57    8 15    9 38   10 86 
   1  3    2 92    3 59    4 42    5 36    6 92    7 64    8 84    9 74   10 15 
   1 32    2 77    3 64    4 13    5 44    6 28    7 40    8 39    9 24   10 17 
   1  2    2 31    3  1    4 17    5 22    6 72    7  4    8 62    9 50   10 44 
   1 49    2 44    3  5    4 27    5  8    6 50    7 71    8  1    9 75   10 71 
   1 27    2 76    3 11    4 74    5 49    6 80    7 84    8 41    9 60   10 15 
   1 81    2 18    3 46    4  7    5 97    6 48    7 50    8 59    9 15   10 10 
   1 18    2  7    3 10    4 25    5  8    6 12    7  1    8 92    9 73   10 68 
   1 83    2 40    3 56    4 73    5  9    6 32    7 30    8 51    9 68   10 58 
   1 84    2 47    3 25    4 81    5 18    6 76    7 84    8 82    9 63   10 33 
   1 49    2 73    3 95    4 84    5 34    6 33    7 33    8 49    9 79   10 14 
   1 64    2 41    3 12    4 40    5 54    6 65    7 69    8 78    9 40   10  3 
   1 20    2 70    3 48    4 28    5 42    6 18    7 19    8 87    9  2   10 89 
   1 52    2 86    3 11    4 86    5 70    6 88    7 37    8 60    9 45   10 94 
   1 42    2  8    3 45    4 17    5 59    6 60    7 25    8 55    9 94   10 19 
   1 51    2 63    3 25    4 66    5  8    6 67    7 27    8 57    9  3   10 33 
   1 66    2 77    3 62    4 33    5 29    6 54    7 71    8 70    9 16   10 55 
   1 95    2 91    3 12    4 20    5  6    6 61    7 55    8 11    9 29   10 55 
   1 18    2 24    3 67    4 84    5 42    6 72    7 19    8 62    9 55   10 37 
   1 37    2 19    3 17    4 23    5 33    6 50    7 43    8 53    9  3   10 26 
   1 70    2 63    3 59    4 73    5 67    6 42    7 80    8 95    9 72   10 22 
   1 22    2 72    3 30    4 25    5  7    6 30    7 93    8 97    9 87   10 75 
   1 87    2 17    3 73    4 87    5 64    6 24    7 76    8  9    9 64   10  4 
   1 67    2 46    3 34    4  2    5  7    6 27    7 52    8 85    9 33   10 82 
   1 15    2 66    3 27    4 15    5 60    6  6    7 26    8 17    9 64   10 30 

