ta073
100 10
   1 47    2 94    3 56    4 59    5 74    6 78    7 17    8 74    9 12   10 98 
   1 12    2 93    3 31    4 94    5 26    6 58    7 60    8 71    9  5   10 97 
   1 19    2 53    3 66    4 87    5 84    6 53    7 51    8 89    9 15   10 69 
   1 32    2 63    3 73    4 22    5 41    6 17    7 61    8 81    9 16   10 24 
   1 63    2 41    3 96    4 59    5  3    6 36    7 26    8 59    9 64   10 10 
   1 78    2 81    3 31    4 30    5 46    6  3    7 60    8 62    9  6   10  7 
   1 77    2 74    3 41    4  2    5 39    6 83    7 80    8 64    9 65   10 79 
   1 51    2 37    3 79    4 55    5 90    6 91    7 45    8 62    9 53   10 84 
   1 59    2 52    3 66    4 36    5 62    6 73    7 20    8 67    9 19   10 50 
   1 54    2 24    3 49    4 73    5 63    6 81    7 62    8 68    9 93   10 86 
   1 48    2 45    3 39    4 98    5 74    6 74    7 55    8 87    9 21   10 24 
   1 96    2 19    3 28    4 15    5  4    6  2    7 25    8 47    9 38   10 28 
   1 52    2 72    3 24    4 54    5 37    6 31    7 68    8 60    9 54   10 73 
   1 42    2 62    3 85    4 55    5 75    6 37    7 56    8 10    9 46   10 72 
   1 57    2 78    3 64    4  3    5 72    6 78    7  5    8 76    9 33   10 19 
   1 30    2 83    3 37    4 54    5 30    6 74    7 14    8 46    9 38   10 20 
   1 34    2 98    3 85    4 89    5 43    6 51    7 20    8 56    9 32   10  8 
   1 77    2 83    3 40    4 50    5 95    6 41    7 19    8 48    9 12   10 20 
   1 80    2 58    3 35    4 68    5 41    6 78    7 92    8 61    9 90   10 45 
   1  7    2 61    3 77    4  9    5 97    6 26    7 88    8 13    9 46   10 59 
   1 11    2 47    3 30    4 81    5 70    6 33    7 23    8 13    9  8   10 51 
   1  2    2 16    3 26    4 42    5 92    6 70    7 78    8 38    9 78   10 54 
   1 91    2 28    3 41    4 11    5 36    6 10    7 35    8 37    9 95   10 58 
   1 99    2 48    3  6    4 12    5 70    6 45    7 94    8 11    9 28   10 16 
   1  5    2 63    3 19    4 55    5 37    6 70    7 31    8 12    9 47   10 38 
   1 43    2 74    3 83    4 75    5 36    6  2    7 67    8 63    9 10   10 94 
   1 39    2 45    3 52    4 10    5 42    6 92    7 10    8 97    9 16   10 72 
   1 64    2 36    3 54    4 91    5 34    6 50    7 15    8 26    9 45   10 69 
   1  8    2 29    3 71    4 87    5 29    6 54    7 32    8 27    9 18   10 14 
   1 26    2 38    3 86    4  5    5 80    6 64    7 94    8 89    9  4   10 83 
   1 71    2 66    3 45    4 44    5 91    6 44    7 15    8 74    9 98   10 86 
   1 32    2 62    3 78    4 56    5 56    6  4    7 53    8 80    9 35   10 58 
   1 73    2 96    3 61    4 18    5 71    6 99    7 42    8 83    9 85   10 61 
   1 26    2 22    3  5    4 89    5 14    6 43    7 45    8 49    9 77   10 77 
   1 91    2 95    3 87    4 51    5 31    6 43    7 39    8 79    9  4   10 63 
   1 92    2 81    3 43    4 94    5 75    6 11    7 84    8 49    9 33   10 67 
   1 55    2 92    3 44    4 11    5 80    6 60    7 64    8 44    9 87   10  1 
   1 51    2 20    3 42    4 56    5 73    6 53    7 27    8 30    9 47   10 59 
   1 11    2 51    3 30    4 37    5 32    6 45    7 10    8 30    9  5   10 18 
   1 22    2 71    3 12    4 85    5 56    6 63    7 22    8 53    9 81   10 26 
   1 75    2 30    3  7    4 55    5 84    6 87    7 14    8 46    9 25   10 45 
   1 49    2 23    3 18    4 33    5 20    6 20    7  8    8 26    9 31   10 82 
   1 95    2 77    3 80    4  9    5 64    6 71    7 70    8 31    9 83   10 78 
   1 88    2 20    3 53    4 20    5 44    6 95    7 91    8  1    9 45   10 43 
   1  6    2  1    3  6    4 26    5 69    6 71    7 23    8 43    9 23   10 61 
   1 19    2 96    3 81    4 80    5 63    6 99    7 35    8 27    9 30   10  2 
   1 99    2 32    3 29    4 98    5 94    6 79    7  6    8 91    9 89   10 70 
   1 73    2 13    3 22    4 88    5 86    6 19    7 52    8 70    9 40   10 52 
   1 27    2  8    3 49    4 55    5 66    6 41    7 93    8 89    9 92   10 99 
   1 50    2 36    3  1    4 78    5 97    6 74    7 26    8 68    9 48   10 60 
   1 25    2 18    3 79    4 53    5 25    6  8    7 89    8  2    9 63   10 97 
   1 33    2 64    3 56    4 46    5 90    6 55    7 49    8 82    9 63   10  1 
   1 94    2 58    3 15    4  3    5 12    6 87    7 89    8 72    9 76   10 76 
   1 35    2  1    3 36    4 56    5 62    6 87    7 60    8 29    9 90   10  8 
   1 63    2 72    3 48    4 46    5 83    6 37    7  6    8 12    9  1   10 15 
   1 44    2 10    3 31    4 34    5 32    6 52    7 60    8 37    9 24   10 69 
   1 80    2 20    3 57    4 27    5 12    6 36    7 24    8 46    9  1   10  5 
   1  7    2  6    3 49    4 21    5 38    6  6    7 70    8 50    9 77   10 31 
   1 72    2 40    3 20    4 81    5 22    6 42    7 42    8 93    9 91   10 39 
   1 95    2 91    3 67    4 14    5 92    6 30    7 86    8 77    9 78   10 34 
   1 40    2 56    3 20    4 52    5 63    6  3    7 64    8  6    9 93   10  9 
   1 48    2 39    3 34    4 50    5 61    6 86    7 47    8 77    9 32   10 81 
   1 41    2 68    3 78    4 80    5 46    6  3    7 19    8  7    9 97   10 34 
   1 15    2 50    3 27    4 48    5  6    6 89    7 17    8 63    9 85   10 16 
   1 18    2 93    3 40    4 22    5 83    6 57    7 30    8 21    9 91   10 14 
   1 31    2 71    3 46    4 10    5 49    6 27    7 79    8 85    9 40   10 13 
   1 68    2 79    3 23    4 56    5 78    6 28    7 53    8 67    9 67   10 36 
   1 99    2 57    3 28    4 18    5 84    6 88    7 71    8 77    9 84   10 73 
   1 79    2  5    3 84    4 67    5 97    6 48    7 77    8 95    9 31   10  6 
   1 78    2 95    3 33    4 63    5 56    6 26    7 95    8 52    9  5   10 43 
   1 95    2 41    3 87    4 47    5 76    6 58    7 73    8 97    9 89   10 29 
   1 37    2 12    3 76    4 43    5  9    6  6    7 97    8 79    9 59   10 68 
   1 37    2 84    3 18    4 71    5 38    6 33    7 32    8 21    9 69   10 59 
   1 50    2 81    3  3    4  4    5 21    6  3    7 25    8 20    9 68   10 76 
   1 79    2 88    3 77    4 29    5 80    6 25    7 85    8  7    9 46   10 86 
   1 30    2 32    3 50    4 99    5 47    6 61    7 79    8 54    9  4   10 43 
   1  2    2 94    3 96    4  6    5 24    6 93    7 17    8 71    9 90   10 12 
   1 30    2 37    3 75    4 19    5 95    6 69    7 31    8 79    9 76   10 18 
   1 78    2 31    3 91    4 56    5 80    6 53    7 78    8 22    9 97   10 55 
   1 99    2 25    3 12    4 96    5 65    6 47    7 31    8 77    9 33   10 21 
   1 42    2 92    3 34    4 44    5 72    6 28    7 21    8 59    9 23   10  9 
   1 99    2 74    3 51    4 94    5 91    6 36    7  5    8 11    9 46   10 47 
   1 16    2 49    3 54    4 83    5 21    6 39    7 34    8 69    9 36   10 17 
   1 58    2 10    3 37    4 30    5 70    6 63    7 96    8 85    9 70   10 49 
   1 35    2 76    3 82    4 65    5 12    6 66    7 95    8  7    9 98   10 28 
   1 84    2 11    3 69    4 61    5 67    6 44    7 63    8 85    9 45   10 12 
   1 84    2 44    3 49    4 21    5 65    6 18    7  4    8 42    9 49   10 84 
   1 35    2 32    3 19    4 76    5 90    6 67    7 60    8 44    9 50   10 12 
   1 20    2 89    3 69    4  8    5 47    6 17    7 35    8 74    9 52   10 62 
   1  4    2 56    3 48    4 99    5 82    6 84    7  6    8 69    9 67   10 15 
   1  9    2 69    3 96    4 68    5 62    6  9    7 75    8 68    9  6   10  7 
   1 44    2 76    3 13    4 42    5  3    6 33    7 41    8 64    9 58   10 26 
   1 35    2 65    3  4    4 38    5 84    6 80    7 61    8 37    9 71   10 58 
   1  5    2 47    3 28    4 44    5 30    6 27    7 11    8  4    9 53   10 30 
   1 68    2 53    3 74    4  7    5 91    6 42    7 74    8 89    9 36   10  5 
   1 43    2 39    3  7    4  3    5  5    6 60    7 52    8 96    9 80   10  7 
   1 69    2 41    3 24    4 61    5 11    6 96    7 60    8 92    9  8   10 40 
   1  9    2 89    3 98    4 10    5 41    6 81    7 43    8 74    9 27   10 50 
   1 78    2 39    3 30    4 84    5 14    6 31    7 50    8 33    9 21   10 30 
   1 57    2 20    3 97    4 78    5 28    6 88    7 66    8 90    9 66   10 64 

