ta087
100 20
   1 26    2 10    3 96    4 51    5 22    6 56    7 43    8 91    9 72   10 41   11 28   12 80   13 27   14  7   15 70   16 73   17 37   18 27   19 32   20 31 
   1 99    2 37    3  7    4 11    5 57    6 24    7 51    8 78    9 40   10 61   11 96   12 54   13 80   14  2   15 18   16 59   17 80   18 32   19 41   20 42 
   1 68    2 69    3 16    4 52    5 50    6 10    7 85    8 60    9 88   10 28   11 51   12 21   13 35   14 31   15 13   16 18   17 47   18 59   19  6   20 95 
   1 38    2 91    3 74    4 11    5 63    6 91    7 51    8 42    9 94   10 93   11 98   12 17   13 75   14 22   15 35   16 30   17 12   18 89   19 44   20 39 
   1 74    2 75    3 74    4 22    5 22    6  7    7 86    8 29    9 27   10 79   11 40   12 79   13 49   14 82   15 26   16 14   17 31   18  6   19 69   20 55 
   1 84    2 54    3 50    4 20    5 18    6 95    7 23    8 77    9 83   10 81   11  5   12 75   13 86   14  9   15 97   16  5   17 87   18 66   19 87   20 90 
   1  3    2 37    3 76    4 52    5 85    6 47    7 33    8 65    9 82   10 38   11 48   12 95   13 63   14 59   15 17   16 81   17 98   18 89   19 40   20  3 
   1 38    2 44    3 65    4 60    5 89    6 96    7 86    8 60    9 53   10 41   11 96   12 86   13 30   14 31   15 63   16 37   17 64   18 63   19 80   20 69 
   1 60    2 37    3 34    4 95    5 35    6 30    7 12    8 97    9 44   10 63   11 51   12 95   13 33   14 69   15  9   16 17   17 74   18 96   19 28   20 21 
   1 87    2 69    3 69    4 57    5 93    6 96    7 94    8 88    9  6   10 90   11 80   12 22   13 70   14 44   15  7   16 78   17 29   18 36   19 39   20 61 
   1 87    2 45    3 64    4 17    5 14    6 91    7  2    8 72    9 86   10 66   11 90   12 86   13 34   14 57   15 98   16 57   17 22   18 58   19 66   20 21 
   1 88    2 56    3 47    4 77    5 94    6  3    7 36    8 62    9 18   10 77   11  8   12 24   13 86   14 59   15 43   16 64   17 88   18 27   19 94   20 56 
   1 68    2  6    3 28    4 48    5 90    6 45    7 96    8  6    9 14   10 51   11 81   12 75   13 19   14 11   15 79   16 10   17 27   18 72   19 98   20 78 
   1 37    2 76    3 59    4 10    5 39    6 18    7 63    8 88    9 47   10 41   11 65   12 34   13 65   14  7   15 84   16 65   17 52   18 47   19 46   20 53 
   1 99    2 60    3 45    4 97    5 69    6  9    7 10    8 12    9 26   10 11   11 92   12 10   13 56   14 69   15 54   16 45   17 67   18 13   19 48   20 29 
   1 62    2 41    3 19    4 62    5 89    6 50    7 66    8 57    9 46   10 35   11 50   12 65   13 95   14  5   15  9   16 49   17 67   18 81   19 83   20 90 
   1 75    2 13    3 69    4 11    5 93    6 81    7 18    8 78    9 88   10 44   11 27   12 63   13 62   14 61   15 65   16 97   17  2   18  4   19 61   20 77 
   1 54    2 92    3 37    4 54    5 80    6 91    7 79    8 96    9 48   10  5   11 53   12  2   13 72   14 13   15 50   16  5   17 32   18 57   19 85   20 71 
   1  8    2 74    3 41    4 35    5 40    6 70    7 98    8  9    9  8   10 14   11 26   12 70   13 77   14 30   15 13   16 31   17 92   18 31   19 61   20 77 
   1 36    2 44    3 39    4 12    5 50    6 96    7 58    8 18    9 66   10 61   11 61   12  6   13 17   14 63   15 66   16 17   17  6   18 56   19 94   20 71 
   1 85    2 41    3 28    4 40    5 33    6 98    7 45    8 24    9 89   10 27   11 57   12 39   13 72   14 63   15 11   16 41   17 87   18 19   19 77   20 75 
   1 20    2 16    3  2    4 99    5 90    6 15    7 97    8 68    9 16   10 80   11  9   12  6   13 62   14 59   15 71   16 16   17 15   18 21   19  9   20 95 
   1 68    2  6    3 77    4 73    5 12    6 42    7 46    8 45    9 49   10 30   11 74   12 82   13 43   14 90   15 50   16 68   17 43   18 33   19 85   20 45 
   1 55    2 74    3 48    4 60    5 92    6 11    7 32    8  6    9 46   10 66   11  6   12 55   13 85   14 24   15 77   16 77   17 38   18 60   19 42   20  2 
   1 22    2 50    3 57    4  9    5 96    6 67    7 11    8 29    9  3   10 10   11 68   12 63   13 75   14 19   15 70   16  5   17 23   18 43   19  6   20 16 
   1 48    2 18    3 75    4 70    5 50    6 87    7 63    8 18    9 12   10 18   11 51   12 48   13 80   14 53   15 21   16 13   17 77   18 39   19 74   20 20 
   1  9    2 62    3 88    4  7    5 25    6 24    7  6    8 40    9 21   10 73   11 18   12 39   13 45   14 38   15 13   16 28   17 46   18 10   19 83   20 60 
   1 38    2 96    3 46    4 35    5 15    6  8    7 38    8 70    9 55   10  9   11 10   12 26   13 95   14 75   15 36   16  4   17 20   18 74   19 67   20 12 
   1 44    2 50    3 97    4 36    5 65    6 43    7 32    8 62    9 15   10 68   11 25   12 80   13 89   14 40   15 42   16 89   17 84   18 89   19 18   20 96 
   1 37    2 12    3 64    4 75    5  8    6 70    7 29    8 62    9  2   10 94   11  6   12 92   13 33   14 35   15 43   16 15   17 92   18 98   19 39   20 26 
   1 63    2 46    3 15    4 20    5 57    6 83    7 87    8  9    9 87   10 97   11 56   12 32   13 93   14 95   15 89   16 20   17 91   18 68   19 52   20 22 
   1 60    2 54    3  7    4 89    5 66    6 49    7 42    8 86    9 17   10 96   11 42   12 76   13 83   14  6   15 21   16  4   17 88   18 50   19 95   20 26 
   1 43    2 53    3 88    4 20    5 29    6 38    7  8    8 15    9 68   10 21   11 43   12 38   13 19   14 85   15 89   16 46   17 31   18 33   19 72   20 30 
   1 97    2 72    3 41    4 10    5 20    6 46    7  8    8 76    9 76   10 73   11 63   12 93   13 52   14 94   15 24   16 88   17 68   18 61   19 64   20 58 
   1 42    2 10    3 89    4 73    5 35    6 75    7 90    8 23    9 87   10  6   11 50   12 22   13 57   14 21   15 50   16 55   17 85   18 30   19  7   20  9 
   1 68    2 52    3 95    4 54    5 59    6 13    7 48    8 40    9 77   10 13   11 91   12 17   13 55   14 84   15 98   16 84   17 18   18 51   19 68   20 22 
   1 45    2 88    3 77    4 88    5  1    6 12    7 89    8 63    9 77   10 53   11 32   12 48   13 24   14 92   15  7   16 66   17 32   18 33   19 26   20 61 
   1 46    2 95    3 13    4 70    5 73    6 35    7 94    8 39    9 12   10 79   11 81   12 25   13  4   14 49   15 76   16  9   17 22   18 26   19  9   20 76 
   1 19    2 41    3 88    4 25    5 45    6 96    7 47    8 24    9 56   10 66   11 92   12 74   13 96   14 49   15 20   16 82   17 45   18  6   19 87   20 54 
   1 69    2 91    3 70    4 48    5 79    6  7    7 23    8 36    9 57   10 39   11 85   12 60   13 31   14 98   15 66   16 43   17 94   18 24   19  4   20 56 
   1 66    2  5    3 85    4  2    5 64    6 10    7 59    8 24    9  7   10 35   11 40   12 34   13 17   14 38   15 87   16  2   17 84   18 70   19 95   20 19 
   1 22    2 37    3 68    4 67    5 54    6 89    7 61    8 89    9 46   10 38   11 70   12 14   13 93   14 28   15 19   16 59   17 98   18 68   19 75   20 45 
   1 42    2 47    3  4    4 56    5 49    6 91    7 58    8  9    9 69   10 18   11 51   12 92   13 23   14 60   15 64   16 61   17 74   18 80   19 64   20 27 
   1 54    2 96    3 31    4 59    5 24    6 36    7 83    8 18    9  2   10 82   11 48   12 95   13 34   14 38   15 62   16 37   17  8   18 13   19 19   20 60 
   1  2    2 53    3 67    4  7    5 81    6 33    7 89    8 89    9 69   10 62   11  7   12 51   13 27   14 58   15 19   16 90   17 37   18 73   19 85   20 74 
   1 94    2 14    3 67    4 32    5 94    6 52    7 95    8 32    9  5   10 37   11 44   12 50   13 70   14 82   15 94   16 90   17 21   18 13   19  2   20 40 
   1 95    2  6    3 75    4 61    5 67    6 34    7  3    8 56    9 77   10 93   11 75   12 96   13 26   14 20   15 12   16 71   17 51   18 35   19 70   20 84 
   1 69    2  4    3  9    4 32    5 70    6 94    7 78    8 77    9 53   10 84   11 99   12 89   13 80   14 39   15 69   16 82   17 62   18 39   19 96   20 11 
   1 15    2 15    3  9    4 59    5 39    6 73    7 46    8 76    9 39   10 48   11 91   12 94   13  4   14 24   15  5   16 88   17 68   18 44   19 58   20  2 
   1 38    2  7    3 44    4 33    5 87    6 36    7  5    8  8    9 55   10 58   11 22   12 10   13 48   14 43   15 44   16  6   17 43   18 86   19 19   20 27 
   1 15    2 96    3 24    4 60    5 21    6 27    7  8    8 56    9 17   10 56   11 93   12 91   13 81   14 76   15 75   16 57   17 97   18 24   19 27   20 31 
   1 53    2 43    3 16    4 72    5 13    6 27    7 59    8 85    9  3   10 88   11 88   12 50   13 76   14  3   15 23   16 32   17 70   18 30   19 39   20 31 
   1 43    2 12    3 25    4 79    5 90    6 81    7 25    8 79    9 54   10 24   11 29   12 72   13 28   14 28   15 66   16 90   17 24   18 83   19  6   20 53 
   1 94    2 42    3 42    4 89    5 70    6  1    7 67    8 72    9 18   10 37   11 94   12 60   13 64   14 82   15  5   16 69   17 65   18 27   19 67   20 45 
   1 90    2 89    3 88    4 42    5 71    6  1    7 15    8 50    9 12   10 94   11 11   12 98   13 47   14 26   15 82   16 92   17 35   18 74   19 51   20 86 
   1 92    2 86    3 85    4 49    5 86    6 83    7 90    8 39    9 96   10  4   11 13   12 27   13  4   14 71   15 25   16 54   17  4   18 81   19 72   20 31 
   1  3    2  7    3 17    4  4    5 41    6 22    7 99    8 69    9 82   10 92   11 47   12 85   13 46   14  4   15 67   16 98   17 28   18 15   19 20   20  2 
   1 31    2 56    3 32    4 94    5 23    6 73    7 38    8 96    9 67   10 88   11 12   12 71   13 84   14 71   15 76   16 59   17 45   18 13   19 84   20 13 
   1 74    2 20    3 36    4 30    5 18    6 98    7 19    8 94    9  8   10 37   11 81   12 63   13 20   14 93   15 68   16 51   17 37   18 87   19 35   20 74 
   1 35    2 34    3 60    4 23    5 63    6  2    7 77    8 83    9 25   10  3   11 77   12 29   13 77   14 75   15 57   16 12   17 40   18 27   19 58   20 50 
   1 51    2 77    3 85    4 89    5  9    6 88    7 61    8 76    9 55   10 70   11 15   12 34   13 66   14 98   15 86   16 46   17 39   18 88   19 46   20 44 
   1 75    2 24    3 15    4  7    5 50    6 32    7 55    8 55    9 25   10 30   11 97   12 61   13 21   14 84   15 13   16 45   17 68   18 17   19 88   20  7 
   1 61    2 85    3 65    4 76    5 87    6 78    7 12    8 33    9 76   10 92   11 64   12 56   13 94   14 35   15 97   16 27   17 70   18 37   19 38   20  5 
   1 27    2 52    3 68    4 35    5 43    6 57    7  8    8 15    9  2   10 54   11 87   12 35   13 77   14 53   15 73   16 26   17 12   18 65   19 79   20 10 
   1 17    2 93    3 62    4 47    5 33    6 74    7 95    8 76    9 59   10 94   11 33   12  9   13 53   14 45   15  6   16  8   17 28   18 45   19 82   20 60 
   1 31    2 31    3 60    4 77    5 18    6 30    7 88    8 36    9 72   10 72   11 93   12 12   13 34   14 18   15 90   16 56   17  9   18  6   19 27   20 58 
   1  9    2 65    3 27    4 47    5 28    6 56    7 55    8 54    9 88   10 86   11 65   12 53   13 53   14 32   15 71   16 12   17 99   18 77   19 91   20 69 
   1 70    2 94    3  9    4 10    5 21    6 90    7 81    8 67    9 48   10 18   11 89   12 67   13 48   14 59   15  5   16 14   17 83   18 27   19 14   20  4 
   1 56    2 45    3 97    4 88    5 61    6  5    7  9    8 56    9 75   10 23   11  3   12 16   13 18   14  2   15 70   16 90   17 92   18 20   19 86   20 42 
   1 98    2 20    3 73    4 16    5 57    6 48    7 32    8 92    9 44   10 28   11 97   12 68   13 89   14 33   15 91   16 96   17 41   18  1   19  3   20 21 
   1 67    2 79    3 41    4 88    5 69    6 98    7 62    8 18    9 10   10 11   11  3   12 12   13 76   14 63   15 28   16 66   17 62   18 28   19 50   20 39 
   1 57    2 19    3 89    4 82    5  9    6 36    7 50    8 67    9 22   10 33   11 31   12 45   13 86   14 47   15 26   16 97   17 83   18 69   19 40   20 58 
   1 41    2  3    3 95    4 34    5 18    6 55    7 75    8 94    9 42   10 57   11 80   12 25   13 42   14 99   15 75   16 32   17 34   18 81   19 91   20 99 
   1 78    2 96    3 71    4 52    5 68    6 54    7 66    8 28    9 98   10 84   11 47   12 83   13 57   14  8   15 34   16 98   17 24   18 87   19 29   20 28 
   1 60    2 84    3  7    4 79    5  8    6  7    7 43    8  1    9 33   10 71   11  8   12 76   13 77   14 41   15 10   16 16   17  6   18 33   19 26   20  8 
   1  7    2 18    3 79    4 77    5 24    6 85    7 87    8 33    9 52   10 31   11 79   12  7   13 86   14 23   15 80   16 14   17  2   18  6   19 42   20  2 
   1 15    2 26    3 75    4 74    5 90    6 61    7 40    8 36    9  1   10 47   11 62   12 97   13 71   14 38   15 38   16 86   17 89   18 98   19 36   20  2 
   1 21    2 52    3 15    4  8    5  7    6 94    7 98    8 18    9 99   10 38   11 80   12 63   13 21   14 49   15 16   16 48   17 24   18 25   19 42   20  4 
   1 43    2 68    3 86    4 69    5 47    6 88    7 42    8  3    9 37   10 34   11 11   12 78   13  4   14 86   15  5   16 65   17 22   18 49   19 66   20 81 
   1 26    2 28    3  9    4 11    5 32    6 33    7 49    8 65    9 74   10 25   11 95   12 76   13  5   14 54   15 99   16  4   17 13   18 32   19 21   20 24 
   1 42    2 84    3 74    4 18    5 95    6 78    7 50    8 44    9 35   10 95   11  5   12 40   13  2   14 12   15 13   16 47   17 42   18  9   19 28   20 57 
   1 82    2 23    3 45    4 37    5 70    6 89    7 29    8 79    9 15   10 20   11 83   12 57   13 66   14 57   15 83   16 86   17 99   18 19   19 58   20 19 
   1  7    2  1    3 83    4 47    5 86    6 18    7 28    8 86    9 58   10 39   11 48   12 37   13 81   14  1   15 45   16  8   17 22   18 24   19 60   20 24 
   1 43    2 44    3 31    4 84    5 86    6 14    7 35    8 19    9 15   10 90   11 23   12 93   13 49   14  3   15 93   16 99   17 80   18 63   19 23   20 46 
   1 14    2  3    3 84    4 17    5  8    6 46    7 48    8 58    9 41   10 17   11  8   12 92   13 42   14 63   15 96   16 37   17 96   18 37   19 48   20 27 
   1  1    2 37    3 70    4 70    5 71    6 20    7 37    8 30    9 48   10 58   11 60   12 54   13 14   14  7   15 62   16 42   17 20   18 11   19 24   20 51 
   1 62    2 42    3 63    4 74    5 23    6 89    7 42    8 64    9 94   10 98   11 54   12 92   13  4   14 35   15 70   16 76   17 79   18 68   19  2   20 12 
   1 71    2  1    3  2    4 26    5 50    6 17    7 11    8  4    9 96   10 39   11 12   12 42   13 64   14 78   15 96   16 84   17  4   18 94   19 31   20 18 
   1 26    2 55    3 42    4 90    5 53    6 65    7 38    8 65    9 89   10 99   11 97   12 29   13 30   14 54   15 58   16 63   17 92   18 34   19 80   20 78 
   1 96    2 76    3 79    4 53    5 32    6 80    7 24    8 57    9  8   10 44   11 98   12 85   13 52   14 89   15 65   16 63   17 26   18 33   19 50   20 87 
   1 17    2 41    3 59    4 74    5  6    6 13    7 97    8 73    9 82   10 45   11 36   12  3   13 86   14  7   15 16   16 78   17 28   18 90   19 47   20 71 
   1 75    2 71    3 59    4 87    5 38    6 70    7 45    8 37    9 36   10 53   11 95   12 10   13 34   14  2   15 29   16 41   17  5   18 58   19 61   20 83 
   1  5    2 40    3 11    4 30    5 93    6  7    7 54    8 44    9 31   10 88   11 69   12  6   13 86   14 34   15 46   16 62   17 34   18 36   19 91   20  7 
   1 38    2 31    3 73    4  8    5 66    6 43    7 28    8 51    9 13   10  8   11 46   12 53   13 94   14 41   15 77   16 54   17 41   18 57   19 71   20 33 
   1 28    2  9    3 44    4 60    5  1    6 24    7  4    8 21    9 26   10 17   11 93   12 34   13 94   14 25   15 36   16 79   17  9   18  4   19 39   20 54 
   1 20    2  8    3 13    4 60    5 99    6 23    7 68    8 15    9 40   10 13   11 44   12 45   13  3   14 56   15 24   16 40   17 55   18 81   19 65   20 30 
   1 32    2 46    3 63    4 74    5 62    6 31    7 89    8 63    9 77   10 72   11 92   12 78   13 60   14 40   15 66   16 57   17 12   18 84   19 63   20 84 
   1 85    2 20    3 25    4 34    5  5    6 38    7 86    8 65    9 83   10 60   11 71   12 96   13 90   14 89   15 60   16 17   17 78   18  8   19 78   20  8 
   1 97    2 66    3 68    4 46    5 37    6 63    7 39    8 28    9 44   10 62   11 63   12 17   13 35   14 92   15 86   16 63   17 37   18  8   19 87   20  4 
   1 36    2 19    3 94    4 26    5 41    6 43    7 71    8 82    9 77   10  2   11 74   12 85   13 96   14 12   15 12   16 28   17 15   18  8   19 96   20 95 

