ta085
100 20
   1  1    2 87    3 92    4 71    5 47    6 12    7 91    8 45    9 74   10 96   11 68   12 97   13 52   14 42   15 89   16 35   17 83   18 27   19 75   20 65 
   1 61    2 33    3 75    4 85    5  7    6 29    7 19    8 12    9 87   10 41   11 69   12 98   13 21   14 11   15 51   16 92   17 34   18 84   19 84   20 35 
   1 82    2 38    3  4    4 37    5 33    6 76    7 69    8 58    9  9   10 83   11 80   12 58   13  2   14 54   15 46   16 60   17 22   18 96   19 82   20 68 
   1 63    2 36    3 88    4 66    5 48    6 97    7 20    8 63    9 78   10 13   11 71   12 60   13 86   14 16   15 17   16 14   17 99   18 46   19 74   20 70 
   1  9    2 28    3 28    4 81    5 61    6 43    7 34    8 41    9 33   10 79   11 11   12 97   13 47   14 10   15 76   16 20   17 85   18  6   19  2   20 45 
   1 98    2 94    3 37    4 59    5 67    6 48    7 28    8 92    9 84   10 71   11 44   12  9   13 91   14 12   15 14   16 96   17 94   18 55   19  8   20 92 
   1 85    2 61    3 67    4 45    5 99    6 81    7 24    8  7    9 63   10  4   11 86   12 44   13 22   14 82   15 24   16 67   17 37   18  9   19 16   20 68 
   1 76    2 89    3  1    4 96    5 32    6 10    7 16    8  3    9 71   10 60   11 86   12 24   13  7   14 60   15 58   16 21   17 67   18 80   19 60   20 85 
   1 35    2 33    3 54    4 89    5 19    6 55    7 89    8 35    9 13   10 93   11 18   12 24   13 56   14 83   15  4   16 28   17 78   18 48   19 33   20 33 
   1 26    2  3    3  1    4 23    5 50    6 90    7 40    8 97    9  1   10 24   11 55   12 18   13 44   14 29   15 26   16 69   17 97   18 36   19 81   20 21 
   1 10    2 28    3 88    4 32    5 91    6 19    7 82    8 32    9 72   10 16   11 96   12 77   13  3   14 55   15 77   16 26   17 51   18 32   19 94   20 28 
   1  7    2 79    3  1    4 18    5 65    6 29    7 63    8 18    9 36   10 22   11 82   12 75   13 21   14 67   15 40   16  6   17 82   18 42   19  8   20 84 
   1 55    2 68    3 67    4 71    5 25    6 10    7 32    8 44    9 86   10 21   11 39   12  3   13 52   14 62   15 47   16 22   17 83   18 14   19 10   20 56 
   1  4    2 35    3 12    4 61    5 64    6 49    7 11    8 87    9 68   10 99   11 17   12 88   13 99   14  6   15 36   16 15   17 38   18 83   19 93   20  8 
   1 28    2 51    3 25    4 65    5 64    6  5    7 82    8  5    9 39   10 12   11 69   12 48   13 45   14 39   15 37   16  3   17 12   18 23   19 92   20 71 
   1 59    2 14    3 75    4 16    5 64    6 12    7 71    8 25    9 56   10 44   11 98   12 78   13 36   14 39   15 66   16 45   17 23   18 94   19 71   20 69 
   1 59    2 24    3 42    4 47    5  9    6 98    7 22    8 97    9 34   10 57   11 61   12 71   13 42   14 74   15 26   16 81   17 26   18 12   19 78   20 49 
   1  8    2 31    3 84    4 15    5 96    6 55    7 38    8 48    9 76   10 75   11 68   12 24   13 42   14 57   15 13   16 29   17 73   18 11   19 26   20  9 
   1 98    2 47    3 67    4 54    5 65    6 38    7 29    8 59    9 63   10 13   11 62   12 50   13 80   14  2   15 81   16 13   17 32   18 14   19 47   20 37 
   1 34    2 95    3 23    4 61    5 72    6 30    7 93    8 83    9 45   10 14   11 88   12 19   13 38   14  8   15  4   16 49   17 80   18 66   19 72   20 24 
   1 90    2 64    3 40    4 61    5 61    6 41    7 14    8 40    9 16   10 49   11 37   12 98   13 68   14 32   15 95   16 99   17 11   18 81   19 32   20 87 
   1 32    2 39    3 36    4 66    5 45    6 86    7 74    8  3    9 82   10 72   11 39   12 38   13 71   14  6   15 70   16 33   17  6   18 47   19 16   20 59 
   1 57    2 98    3 37    4 55    5 29    6 50    7 93    8 42    9 30   10 40   11  7   12 43   13 18   14 62   15 55   16 64   17 24   18 84   19 35   20 57 
   1 87    2 15    3 86    4 18    5 36    6 43    7 63    8 91    9 32   10 98   11 51   12 10   13 11   14 78   15 40   16 96   17 78   18 46   19 63   20  9 
   1  1    2 51    3 14    4  9    5 64    6 96    7 94    8 82    9 73   10 88   11  2   12 51   13 37   14  3   15 11   16 16   17 66   18 23   19 34   20 31 
   1 88    2 69    3 39    4 78    5 14    6 18    7 64    8 40    9 57   10 37   11 62   12 64   13 30   14 26   15 40   16 56   17 21   18 69   19 91   20 74 
   1 46    2 50    3 30    4 59    5 86    6 42    7 31    8 86    9 49   10  6   11 35   12  5   13 55   14 80   15 28   16 85   17 73   18  7   19 77   20  4 
   1 46    2  3    3 61    4 70    5 22    6 75    7 85    8 63    9 29   10  5   11 75   12 77   13 25   14 75   15 70   16 65   17 38   18 63   19 82   20 89 
   1 84    2 60    3 62    4 69    5 87    6 88    7 61    8 94    9 43   10 58   11  5   12 72   13 58   14 73   15 75   16 70   17 80   18 67   19 57   20 67 
   1 43    2 31    3 39    4 41    5 22    6 50    7 13    8 46    9 99   10 33   11 97   12  2   13 11   14 18   15 84   16 46   17 83   18 23   19 35   20 12 
   1 52    2 23    3 74    4 37    5 91    6 66    7 80    8 56    9 27   10 40   11 87   12 34   13 51   14 34   15 70   16  6   17 99   18 11   19 74   20 45 
   1 26    2 14    3 19    4 99    5 40    6 23    7 33    8  5    9 81   10 22   11 52   12 78   13 44   14 89   15 33   16 55   17 72   18 66   19 37   20 84 
   1 21    2  5    3 14    4 24    5 56    6 35    7 81    8 48    9  2   10 50   11 30   12 32   13  5   14 22   15 96   16 73   17 35   18 17   19 27   20 43 
   1 55    2 97    3 85    4 67    5 97    6 22    7  6    8 34    9 65   10 23   11 75   12 14   13 84   14 38   15 63   16 79   17  7   18 12   19 48   20 30 
   1 94    2 94    3 55    4 52    5  7    6 13    7 84    8 49    9 91   10 89   11 27   12 98   13 10   14 75   15 64   16 81   17 82   18 88   19 10   20 45 
   1 32    2 44    3 95    4 63    5  5    6 11    7 19    8 24    9 13   10 34   11 75   12 90   13 58   14 32   15 39   16 15   17 61   18 31   19 54   20 33 
   1 52    2 56    3 58    4 62    5 83    6 39    7  9    8 28    9 68   10 66   11 40   12  4   13 21   14 29   15 26   16 46   17 83   18 92   19 94   20 27 
   1 21    2 24    3 66    4 24    5 98    6 16    7 61    8 94    9 48   10 27   11  4   12 45   13  4   14 97   15 14   16 51   17 74   18 78   19 56   20 11 
   1 33    2 46    3 61    4  7    5 25    6 63    7 72    8 55    9 22   10  9   11 43   12 49   13 16   14 24   15 67   16 13   17 98   18 89   19 23   20 43 
   1 68    2 44    3 75    4 50    5 87    6 87    7 42    8  9    9  7   10 92   11 90   12 80   13 72   14 96   15 63   16 36   17 45   18 38   19 91   20  6 
   1 62    2 51    3 91    4 44    5 27    6 31    7 93    8 66    9 41   10 13   11 35   12 95   13 64   14 91   15 39   16 85   17 40   18 80   19 47   20 90 
   1 71    2 47    3 27    4 28    5 88    6  1    7 57    8 80    9 59   10 83   11 24   12 89   13 87   14 89   15 58   16  1   17  7   18 61   19 53   20 29 
   1 85    2 18    3 60    4 84    5 74    6 54    7  6    8 38    9 92   10 13   11 28   12 56   13  4   14 23   15 67   16 38   17 30   18 53   19 42   20 46 
   1 32    2 54    3 90    4 49    5 98    6 41    7 56    8 37    9 20   10 77   11 58   12 42   13 10   14 17   15 61   16 29   17 87   18 28   19 16   20  1 
   1 32    2  7    3 71    4 94    5 15    6 53    7 86    8 92    9 52   10 17   11 36   12 27   13 69   14 67   15 47   16 87   17 51   18 40   19 72   20 29 
   1 62    2 26    3 99    4  3    5 97    6 99    7 44    8 90    9 71   10 66   11 43   12 74   13 24   14 45   15 97   16 95   17 64   18 82   19 35   20 90 
   1 97    2 16    3 99    4 22    5 16    6  9    7 39    8 42    9  6   10 96   11 49   12  5   13 47   14 30   15 63   16  8   17 25   18 35   19 33   20 86 
   1 93    2 67    3 73    4 95    5 13    6  3    7 90    8 43    9 78   10 40   11 86   12 33   13 53   14  9   15 45   16 10   17 17   18 89   19 69   20 46 
   1 72    2  3    3 39    4 69    5 13    6 24    7 31    8 13    9 37   10 30   11 60   12 52   13 25   14  6   15 49   16 76   17  2   18 20   19 92   20 81 
   1 28    2 38    3 25    4 69    5 38    6 83    7 18    8 29    9 91   10 38   11 25   12 95   13 36   14 47   15 99   16 63   17 92   18 58   19 26   20 43 
   1  5    2 13    3 37    4 16    5 94    6  9    7 13    8  7    9 42   10  9   11 89   12 60   13 13   14 13   15 49   16 25   17 14   18 25   19 16   20 20 
   1 66    2 28    3 56    4  5    5 88    6 66    7  6    8 67    9 61   10 10   11  1   12 29   13 23   14 93   15 80   16  2   17 54   18 83   19 74   20 78 
   1 96    2 23    3 83    4 24    5 57    6 61    7 71    8 36    9 97   10 87   11 46   12 53   13 19   14 80   15 54   16 50   17 34   18 62   19 97   20 96 
   1 36    2 62    3 27    4 90    5 46    6 51    7  2    8 80    9  4   10 41   11 83   12 73   13 78   14 23   15 28   16 81   17 23   18 48   19 38   20 11 
   1 55    2 87    3 19    4 92    5 82    6 79    7 72    8  5    9 55   10 72   11 34   12  7   13 19   14 55   15 83   16 11   17 47   18 32   19 44   20 29 
   1 22    2 75    3 27    4 65    5 32    6 93    7 67    8 15    9 79   10 89   11 32   12 17   13 38   14 76   15 67   16 80   17 69   18 46   19 33   20 27 
   1 82    2 55    3 47    4 82    5 10    6 64    7 71    8 12    9 78   10 67   11 59   12 97   13 63   14 37   15 89   16 77   17 50   18 12   19 46   20 71 
   1 64    2 20    3 19    4  9    5 59    6 86    7 67    8 31    9 41   10 54   11 29   12 65   13 64   14 64   15 30   16 74   17 34   18 62   19 71   20 54 
   1 62    2 68    3 59    4 73    5 81    6 20    7 69    8  1    9 23   10  9   11 11   12 32   13 28   14 16   15 91   16 20   17 80   18 22   19 56   20 68 
   1 68    2 13    3  8    4 58    5 91    6 88    7 30    8 29    9 19   10 73   11 82   12 19   13 89   14 55   15 23   16 64   17 18   18 41   19 98   20 28 
   1 27    2 80    3 20    4 60    5 30    6 52    7 60    8 36    9 10   10 61   11 54   12 89   13 72   14  2   15 79   16 43   17 19   18 68   19 42   20 12 
   1 21    2 47    3 12    4 14    5 41    6 68    7 12    8 48    9 22   10 80   11 92   12 70   13 70   14 60   15 73   16 23   17 25   18 35   19 14   20  8 
   1 63    2 48    3 62    4 20    5 70    6 49    7 83    8 98    9 27   10 50   11 98   12 22   13 32   14 66   15 80   16 10   17 16   18 56   19 19   20 12 
   1 22    2 20    3  4    4 14    5 50    6 61    7 94    8 28    9 27   10 42   11 27   12 91   13 53   14 90   15 68   16 41   17 71   18 67   19 69   20 90 
   1 40    2 13    3 36    4 90    5 75    6 55    7 71    8 41    9 43   10 86   11 57   12 59   13 55   14 95   15 75   16 51   17  7   18 74   19 34   20 94 
   1 85    2 23    3 80    4 93    5 63    6 50    7 43    8 13    9 80   10 27   11 57   12 12   13 40   14 47   15 16   16 94   17 89   18 82   19 77   20 48 
   1 52    2 76    3 71    4 26    5 32    6 44    7 12    8 21    9 62   10 79   11 63   12 44   13 13   14 32   15 75   16 31   17 41   18 64   19  1   20  4 
   1 51    2 63    3 64    4 24    5 79    6 36    7 69    8 50    9 85   10 75   11 63   12 20   13 48   14 58   15  2   16  4   17 48   18 43   19 29   20 68 
   1 41    2 91    3  8    4 46    5 68    6 63    7  2    8 57    9 87   10 46   11 95   12 74   13 91   14 54   15 28   16 74   17 96   18 40   19 34   20 73 
   1 30    2 49    3 40    4 93    5 24    6 89    7 42    8 14    9 69   10 59   11 74   12 75   13 55   14 89   15 77   16 76   17 13   18  6   19 35   20 88 
   1 23    2 34    3 93    4 17    5 95    6 10    7  4    8 41    9 69   10 10   11 63   12 79   13 31   14 66   15  4   16 29   17 20   18 22   19 69   20 50 
   1 66    2 34    3  1    4 11    5  7    6 80    7 81    8 59    9  3   10 51   11  7   12 20   13 85   14 27   15 13   16 51   17 87   18 76   19 21   20 97 
   1 52    2 17    3  1    4 71    5 80    6 20    7 98    8 86    9 32   10  1   11 67   12 69   13 51   14 27   15 47   16 26   17 60   18 59   19 45   20  7 
   1 52    2 20    3 39    4 19    5 95    6 41    7 49    8 56    9 97   10 11   11 70   12 20   13 15   14 80   15 19   16 61   17 57   18 85   19 31   20 76 
   1 65    2 92    3 32    4  4    5 60    6 23    7 40    8 28    9 47   10  1   11 32   12 28   13 31   14 75   15 68   16 44   17 65   18 46   19 12   20 42 
   1 70    2 65    3 31    4 96    5 17    6 16    7 21    8 76    9  2   10 19   11 86   12 32   13 64   14 89   15 20   16 90   17 21   18 88   19 59   20 88 
   1 47    2 80    3  8    4 87    5 19    6 10    7 60    8 69    9 39   10 88   11 26   12 99   13 30   14 30   15 61   16 34   17 34   18 13   19 45   20 27 
   1 38    2 26    3 26    4 58    5 65    6  2    7 78    8 67    9 67   10 65   11  2   12 27   13 90   14 21   15  4   16 59   17  6   18 85   19 15   20 15 
   1 81    2 24    3 50    4 13    5 41    6 79    7 37    8 90    9 96   10  7   11 54   12 14   13 36   14 71   15 22   16 48   17 23   18 61   19 34   20 72 
   1 88    2 30    3 50    4 53    5 19    6 70    7  3    8 95    9 37   10 45   11 67   12 81   13 42   14 87   15  5   16 66   17  1   18 91   19 14   20 77 
   1 66    2  2    3 47    4 50    5 59    6 22    7 92    8 45    9 94   10 67   11  8   12 71   13  3   14 46   15 43   16 43   17 62   18 91   19 44   20 62 
   1 91    2  9    3 79    4 63    5 71    6 32    7  3    8 95    9 79   10 97   11 45   12 83   13 90   14 79   15 43   16 86   17 52   18 79   19 20   20 51 
   1 90    2 16    3  2    4 20    5 71    6 44    7 53    8 43    9 30   10 45   11 46   12 84   13 18   14 68   15 64   16 11   17 18   18  7   19 66   20 48 
   1 98    2 86    3 36    4 52    5 30    6 51    7 46    8 43    9 29   10 30   11 99   12 75   13 23   14 41   15 84   16 19   17 94   18 30   19 65   20 22 
   1 52    2  2    3 72    4 79    5 47    6 58    7 34    8 16    9 90   10 28   11  1   12 73   13 75   14 38   15 44   16 48   17 94   18 63   19 31   20 97 
   1 88    2  8    3 57    4 29    5 38    6  9    7 80    8 95    9 83   10 92   11 29   12 10   13 68   14 45   15  7   16 30   17  2   18 30   19 71   20 93 
   1 84    2 57    3 25    4  2    5  9    6 20    7 91    8 62    9 56   10 28   11 24   12 76   13 37   14 63   15 98   16 59   17 52   18 55   19 36   20 51 
   1 91    2 55    3 15    4 92    5 67    6 75    7 76    8 81    9 75   10 74   11 69   12 66   13 77   14 90   15 26   16 63   17 85   18 62   19 36   20 85 
   1 90    2 67    3 93    4 14    5 25    6 75    7 94    8 46    9 94   10 78   11 39   12 58   13 20   14 81   15 67   16 39   17 19   18 80   19 58   20 26 
   1 36    2 72    3 74    4  7    5 85    6 15    7 11    8 16    9 84   10 95   11 15   12 81   13 50   14 91   15 51   16 73   17 80   18 58   19 18   20 17 
   1 49    2  1    3 34    4 73    5 36    6 45    7 52    8 22    9 31   10 12   11 37   12 29   13 97   14 53   15  9   16 52   17 28   18 37   19  6   20 54 
   1 56    2 30    3 94    4 98    5 78    6 44    7 64    8 65    9 91   10 36   11 80   12 75   13 37   14 55   15 73   16 77   17 47   18 17   19 66   20 99 
   1 51    2 25    3 53    4 97    5 93    6 82    7 54    8 14    9 31   10  6   11 36   12 41   13 10   14 83   15 63   16 60   17 77   18 22   19 41   20  8 
   1 26    2 46    3 48    4 85    5  9    6 60    7 37    8 57    9 43   10 29   11 81   12 54   13 89   14 23   15 99   16 60   17 69   18 46   19 85   20  4 
   1 56    2 23    3 67    4 61    5 82    6 14    7 61    8 35    9 62   10 99   11 55   12  8   13 91   14 22   15  4   16 71   17 58   18 87   19 62   20  2 
   1 57    2 63    3 95    4  9    5 29    6  9    7 98    8 88    9 24   10 14   11 84   12 98   13 97   14 11   15 72   16 25   17 16   18 90   19 12   20 29 
   1 55    2  4    3 84    4 14    5 10    6 19    7 31    8 70    9 17   10 81   11 43   12 68   13 12   14 96   15 74   16 68   17 73   18 57   19 47   20 80 
   1 23    2  6    3  2    4 70    5 27    6  4    7 81    8  2    9  1   10 53   11  7   12 17   13 56   14 93   15 79   16 47   17 10   18 98   19 82   20 20 
   1 57    2 30    3 69    4 45    5  4    6 33    7 78    8 46    9 83   10 36   11 43   12 63   13 16   14 11   15 27   16 83   17 84   18 59   19 75   20  6 
   1 99    2 40    3 30    4 22    5 93    6  5    7 42    8 50    9 34   10 86   11 78   12 77   13  5   14 20   15 28   16 83   17 61   18 22   19 84   20 86 

