ta104
200 20
   1 39    2 69    3 77    4 17    5 25    6  4    7 58    8 11    9 50   10 72   11 17   12 30   13 28   14 15   15 52   16  5   17 53   18 55   19 81   20 47 
   1  3    2 57    3 72    4 81    5  3    6 20    7 55    8 64    9 62   10 81   11 37   12 26   13 82   14 67   15 82   16 44   17 43   18 65   19 44   20 51 
   1 69    2 41    3 43    4 27    5 11    6 62    7 34    8 32    9 28   10  8   11 22   12  2   13 88   14 57   15 17   16  2   17 43   18 38   19 46   20 44 
   1 34    2 24    3 37    4  4    5 17    6 71    7 66    8 10    9  4   10 73   11 71   12 29   13 33   14 64   15 66   16 98   17 56   18 76   19  3   20 27 
   1 88    2 33    3 92    4 73    5 56    6 69    7 67    8 37    9 11   10 93   11 79   12 98   13 69   14 23   15 62   16 27   17 48   18 45   19 93   20 76 
   1 15    2 29    3 83    4 31    5 29    6 87    7 70    8 86    9 13   10 38   11 37   12 67   13 28   14  9   15 57   16 10   17 83   18 99   19 14   20  4 
   1 10    2  3    3 25    4 15    5 73    6 96    7 16    8 35    9 46   10 85   11 69   12 92   13 92   14  1   15 58   16 25   17 34   18 84   19 86   20 76 
   1 19    2  6    3 61    4 19    5 30    6 25    7 25    8 41    9 23   10 94   11 53   12 51   13 66   14  2   15 91   16 27   17 93   18 67   19 23   20 49 
   1 69    2 35    3 45    4 94    5 95    6 98    7 34    8  7    9 41   10 88   11 59   12 53   13 92   14 43   15 42   16 41   17 95   18 40   19 59   20  5 
   1 68    2 10    3 64    4 65    5 54    6 41    7  1    8 56    9 74   10 69   11 64   12 82   13 30   14 73   15 69   16 59   17 48   18 93   19 47   20 25 
   1 57    2 55    3 12    4 83    5 67    6 99    7 18    8 10    9 15   10 90   11 11   12 86   13 67   14 94   15 48   16 89   17 63   18 70   19 76   20 23 
   1 52    2 75    3 58    4 36    5 28    6  1    7  2    8 15    9 67   10 26   11 67   12 47   13 53   14 96   15 46   16 36   17 93   18 45   19 45   20 67 
   1 97    2 20    3 19    4 53    5 84    6 94    7 86    8 25    9 39   10 23   11 27   12 36   13 93   14 78   15 18   16 62   17 91   18 75   19 64   20 55 
   1 57    2 44    3 48    4 16    5 79    6 91    7 34    8 15    9  4   10 44   11 64   12 23   13 45   14 14   15 94   16 29   17 94   18 91   19 10   20 40 
   1 48    2 18    3 18    4 81    5 43    6 36    7 82    8 54    9 13   10 97   11 59   12 34   13  7   14 32   15 83   16 17   17 32   18 21   19  4   20 58 
   1  3    2 18    3 41    4 24    5  6    6 71    7 55    8  3    9 43   10 67   11 31   12 66   13 70   14 23   15 48   16 37   17 81   18 72   19 29   20 26 
   1  9    2 40    3 48    4 54    5 87    6 28    7 59    8 43    9 84   10 53   11 43   12 43   13 58   14 83   15 81   16 35   17 69   18 15   19 69   20 36 
   1 36    2 32    3 69    4 74    5  3    6 50    7 21    8 10    9 41   10 75   11 42   12 71   13 58   14 29   15 57   16 47   17 29   18 73   19 46   20 83 
   1 37    2 29    3 42    4 44    5 80    6 11    7 31    8 27    9 33   10 69   11 56   12 31   13 17   14 75   15 93   16 37   17 44   18 43   19 68   20 65 
   1  3    2 54    3 34    4 66    5  3    6 14    7 53    8 10    9 41   10 44   11 88   12 36   13 41   14 55   15 67   16 52   17  2   18 62   19 89   20 91 
   1 12    2 64    3 11    4 20    5 39    6 76    7 25    8 39    9 82   10 13   11 71   12 41   13 56   14 91   15 19   16  3   17 66   18 40   19 48   20 77 
   1 90    2 96    3 68    4 18    5  2    6 20    7 69    8  2    9 99   10 47   11 86   12  6   13 34   14 44   15 65   16 87   17 25   18 43   19 68   20 62 
   1 35    2 21    3 88    4  6    5 84    6 78    7 71    8 24    9 63   10 98   11  6   12 28   13 62   14 46   15 49   16  4   17 60   18 96   19 13   20  6 
   1 17    2 33    3 76    4 12    5 33    6 70    7 85    8 50    9 29   10 41   11 54   12 43   13 81   14 59   15 45   16 50   17 69   18 39   19 36   20 57 
   1 77    2 97    3 97    4 91    5 68    6 43    7 80    8 64    9 86   10 46   11 92   12 18   13 44   14 11   15 22   16 96   17 44   18 23   19 85   20 87 
   1 12    2 48    3 35    4 20    5 49    6 59    7 39    8 44    9 28   10 25   11 75   12 64   13 95   14 20   15 92   16 74   17 34   18 79   19 35   20  4 
   1 16    2 48    3 15    4 42    5 43    6 88    7 71    8 34    9 80   10 56   11 83   12 28   13 50   14 68   15 41   16 68   17 68   18 66   19 25   20 11 
   1 68    2  6    3 75    4 70    5 12    6 68    7 66    8 97    9  7   10 50   11  2   12 13   13 88   14  3   15 38   16 30   17 77   18 19   19 21   20 60 
   1 43    2 36    3 83    4 48    5 64    6 48    7 74    8 93    9  1   10 35   11 60   12  7   13 19   14 17   15 26   16 69   17 31   18 41   19 44   20 23 
   1 58    2 10    3 86    4 24    5 71    6 48    7 57    8 81    9  5   10 59   11 62   12 13   13 50   14 55   15  2   16 17   17 10   18 71   19 40   20 87 
   1  6    2 46    3 76    4 83    5 72    6 39    7 54    8 15    9 64   10 78   11 83   12 93   13 25   14 59   15 90   16 34   17 57   18 60   19 20   20 50 
   1 91    2 92    3 70    4 70    5 95    6 36    7  2    8 42    9 17   10 44   11 73   12 93   13 88   14 18   15 79   16 95   17 21   18 72   19 83   20 18 
   1 99    2 14    3 28    4 23    5 68    6  2    7 27    8 34    9 81   10 57   11 55   12 56   13  1   14 31   15 17   16  3   17 56   18 62   19 76   20 23 
   1 92    2 97    3 81    4 57    5 37    6 51    7 55    8 87    9 48   10 21   11  3   12 72   13  6   14 84   15 61   16 24   17 36   18 17   19 26   20 24 
   1 77    2 87    3 82    4 39    5  6    6 91    7  7    8 53    9  9   10 59   11 71   12 71   13 45   14 61   15 81   16 51   17 26   18 25   19 50   20 82 
   1  4    2 15    3 25    4 83    5 16    6  4    7 94    8 82    9 77   10 60   11 34   12 28   13 29   14 55   15 67   16 55   17 11   18 59   19 98   20 16 
   1 57    2 12    3 64    4 46    5 68    6 32    7 85    8 64    9 92   10 52   11 40   12 95   13  2   14 46   15 18   16 60   17  6   18 95   19  6   20 96 
   1 80    2  8    3 10    4 60    5 67    6 62    7  3    8 96    9 15   10 62   11 13   12 96   13 54   14 77   15  1   16 61   17 86   18 47   19 83   20 37 
   1 13    2 37    3 54    4 67    5 74    6 46    7 46    8 60    9 49   10 14   11 62   12 55   13 71   14 59   15 36   16 15   17  2   18 10   19 51   20 29 
   1 70    2 61    3 25    4 61    5 14    6 55    7  7    8 20    9 41   10 58   11 56   12 58   13 81   14 98   15 31   16 38   17 89   18 94   19 46   20 19 
   1  2    2 51    3 44    4 57    5 81    6 73    7 26    8 78    9 17   10 24   11 28   12 66   13 22   14 23   15 85   16 83   17 28   18 39   19 99   20 26 
   1 13    2 66    3 40    4 94    5  7    6 97    7 95    8 12    9 32   10  8   11 53   12  3   13 57   14 18   15 92   16 62   17 62   18 53   19 65   20 56 
   1  8    2 53    3  8    4 35    5  4    6 71    7 21    8 15    9 25   10 22   11 71   12 77   13 16   14 17   15  6   16 84   17 63   18 50   19 46   20 33 
   1 34    2 33    3 62    4 23    5 25    6 50    7  4    8 63    9 89   10 72   11  5   12 80   13 88   14 70   15 78   16 44   17 52   18 99   19 24   20 53 
   1  7    2 16    3 35    4 93    5 34    6 54    7 98    8 81    9  9   10 37   11 73   12  2   13  5   14 73   15 83   16 80   17 12   18 63   19 47   20  6 
   1 46    2 96    3 16    4 68    5 44    6 73    7  9    8 98    9 29   10 90   11 95   12 82   13 52   14 38   15 39   16 48   17 13   18 59   19 24   20 95 
   1  9    2  6    3  8    4  8    5 47    6 44    7 52    8 97    9 38   10 96   11 23   12 86   13 23   14 13   15 74   16 45   17 43   18 30   19 32   20 63 
   1 91    2  6    3 90    4 17    5 67    6 95    7 48    8  2    9  2   10 26   11 49   12 16   13 21   14 77   15 77   16 54   17 99   18 67   19 66   20 84 
   1 23    2 15    3 39    4 54    5  7    6 53    7 59    8  2    9 91   10 23   11 17   12 29   13 21   14 74   15 85   16 71   17 11   18 18   19 48   20 13 
   1 51    2 52    3 53    4 96    5 75    6 18    7 17    8 44    9 57   10 91   11 81   12 24   13 58   14 79   15 88   16 10   17 70   18 12   19 83   20  6 
   1 31    2 83    3 60    4 54    5 84    6 44    7 53    8 64    9 24   10 41   11 88   12 89   13 96   14 51   15 25   16 96   17 82   18  9   19  3   20 19 
   1 65    2 87    3 48    4 97    5 16    6 54    7 26    8 94    9  2   10 80   11 62   12 96   13 37   14 48   15 33   16 23   17 14   18 41   19 74   20 16 
   1 81    2 35    3 71    4 70    5 92    6  7    7 89    8 23    9 51   10 74   11 35   12 99   13 46   14 16   15 36   16  8   17 39   18 67   19 97   20 80 
   1 70    2 67    3 12    4 84    5 12    6 54    7 34    8 88    9 49   10 15   11 78   12 15   13 78   14 93   15 32   16 56   17 83   18 52   19 39   20 37 
   1 17    2 67    3  5    4 31    5 26    6 61    7 29    8 52    9 39   10 89   11 90   12 49   13 87   14 29   15 82   16 35   17  4   18 39   19 80   20 20 
   1 35    2 53    3 89    4 93    5 56    6 18    7 32    8 23    9 62   10 24   11 36   12 78   13 91   14 28   15 98   16 72   17 86   18 90   19 27   20 62 
   1 64    2 32    3 62    4 25    5 44    6 45    7 28    8 26    9 85   10 36   11 46   12 48   13  9   14  6   15  3   16 53   17 93   18 25   19 70   20 81 
   1 14    2 23    3 70    4 69    5 98    6 64    7 46    8  9    9 70   10 86   11 98   12 64   13 96   14 82   15 46   16 13   17 87   18 13   19 65   20 52 
   1 56    2  8    3 72    4 20    5 31    6 81    7 49    8 63    9 86   10 98   11 75   12  3   13 93   14 40   15 68   16 72   17 82   18 81   19  1   20 14 
   1 22    2 86    3 75    4 38    5 22    6 57    7 55    8 24    9 18   10 51   11 36   12 63   13 98   14  9   15 11   16 38   17 78   18  3   19 26   20 67 
   1 57    2 91    3 97    4 36    5 19    6 13    7  8    8  8    9 90   10 32   11 74   12 14   13 31   14 88   15 30   16  1   17 32   18  8   19 46   20 19 
   1  5    2 92    3  2    4 40    5 29    6 45    7 34    8 32    9 36   10 92   11 86   12 95   13 78   14 51   15 75   16 69   17 82   18 66   19  8   20 86 
   1 68    2 98    3 44    4 67    5 12    6 60    7 40    8 97    9 51   10 51   11 67   12 88   13 20   14 48   15 42   16 85   17 24   18 67   19 74   20  1 
   1 66    2 49    3 80    4 28    5 47    6 12    7 48    8 17    9 20   10 98   11 87   12  9   13 75   14  1   15 93   16  2   17 88   18 51   19 47   20 53 
   1 79    2 28    3 40    4 91    5 16    6 89    7 68    8 76    9 23   10 88   11 68   12 61   13 18   14  4   15 36   16 28   17 45   18 54   19 19   20 21 
   1 23    2  2    3 10    4  2    5 91    6 20    7 59    8 45    9 17   10  1   11  1   12 24   13 34   14 77   15 97   16 18   17 48   18 85   19 85   20 33 
   1 47    2 77    3 96    4 69    5 80    6 47    7 87    8 28    9 23   10 13   11 87   12 38   13 48   14 48   15  1   16 10   17 67   18 10   19 62   20 68 
   1 70    2 42    3 11    4 55    5 24    6 81    7  1    8 89    9 47   10 50   11 87   12 50   13 49   14  6   15 63   16 70   17 14   18 95   19 33   20 28 
   1 23    2 68    3 58    4 47    5 40    6 11    7 87    8 75    9 66   10 80   11  7   12 47   13 69   14  1   15 86   16 67   17 34   18 59   19 96   20 25 
   1 49    2 35    3 77    4 46    5 19    6 56    7 91    8 71    9  3   10 56   11 34   12 42   13 88   14 32   15 54   16 95   17 76   18 64   19 33   20 69 
   1 72    2 96    3  6    4 24    5  1    6 30    7 99    8 46    9 59   10 50   11  1   12 30   13 30   14 79   15 33   16 72   17  1   18 90   19  5   20 71 
   1  7    2 94    3 30    4 91    5 43    6 51    7 95    8 40    9 30   10 58   11 91   12 97   13 34   14 40   15 71   16 64   17 51   18 28   19 23   20 60 
   1 11    2 25    3 96    4 51    5 62    6 18    7 21    8 66    9 85   10 75   11  7   12 49   13 22   14 14   15  1   16 19   17 15   18 48   19 43   20 69 
   1 59    2 84    3 59    4 27    5 44    6 91    7 62    8 87    9 16   10  4   11  6   12 79   13 81   14 20   15 18   16 60   17 67   18 57   19 63   20 99 
   1 65    2 24    3 82    4  8    5  1    6 48    7 87    8 91    9 81   10 73   11 46   12 19   13 50   14 86   15 75   16 31   17 57   18 85   19 10   20 53 
   1 50    2 55    3 78    4 98    5 31    6 94    7 84    8 50    9 95   10 90   11  3   12 80   13 40   14 40   15 55   16 29   17  3   18 78   19 47   20 77 
   1 19    2 14    3 13    4 25    5 97    6 32    7 96    8 54    9 81   10  2   11 45   12 30   13 73   14 25   15 62   16 43   17 37   18 18   19 73   20 27 
   1 14    2  7    3 13    4 33    5 43    6 67    7 47    8 60    9 14   10 73   11 55   12 24   13 91   14 94   15 21   16 17   17 15   18 59   19  1   20 29 
   1 68    2 76    3 85    4 81    5 71    6 95    7 60    8 10    9 96   10 75   11 92   12 58   13  7   14 73   15 71   16 78   17 50   18 11   19 19   20 83 
   1 32    2 17    3 88    4 75    5 80    6 75    7 82    8 79    9 23   10 67   11 67   12 43   13  1   14 44   15 80   16 28   17 75   18 67   19 92   20 22 
   1 62    2 38    3 14    4 61    5 83    6 82    7 60    8 43    9 44   10 99   11 13   12  6   13 71   14 98   15  5   16 47   17 80   18 36   19 31   20 10 
   1 93    2 50    3 45    4 22    5 12    6 41    7 53    8 34    9  8   10 93   11 30   12 95   13 72   14 94   15 48   16 78   17  3   18 24   19 29   20 42 
   1 99    2  2    3 76    4 61    5 47    6  7    7 98    8 77    9 15   10  9   11 27   12 43   13  8   14 61   15 87   16 77   17  9   18 59   19 68   20 64 
   1 24    2 12    3  9    4 35    5 33    6 39    7 48    8 92    9 48   10 27   11 19   12 99   13 68   14 65   15 22   16 92   17 28   18 24   19 31   20 80 
   1 86    2 41    3  6    4 19    5 84    6 25    7 30    8  3    9 95   10 61   11 51   12 22   13 49   14 44   15  5   16 42   17 44   18 39   19 92   20 73 
   1 86    2 11    3 47    4 26    5 81    6 49    7 39    8 98    9 62   10 64   11 86   12 99   13  7   14 75   15 71   16 86   17  2   18  1   19 48   20 91 
   1 51    2 63    3 16    4 45    5 62    6 39    7 52    8 40    9 90   10 43   11 20   12 11   13 47   14  4   15 69   16  6   17 71   18 80   19 87   20 38 
   1 60    2 27    3 92    4 11    5  4    6 53    7 22    8 19    9 41   10 32   11 95   12 99   13 90   14 17   15 75   16 19   17 89   18 58   19  8   20 60 
   1 57    2 63    3  4    4 63    5 60    6 66    7 63    8 68    9 70   10 56   11 79   12 60   13 59   14  1   15 72   16 28   17 24   18 76   19 90   20 53 
   1 87    2 27    3 74    4 89    5 54    6 96    7 19    8 85    9 56   10 61   11 48   12 42   13 39   14 12   15 36   16 18   17 73   18 59   19 57   20 38 
   1 84    2 70    3  7    4 55    5 81    6 36    7 49    8  2    9 50   10 55   11 83   12 33   13 49   14 78   15 54   16  4   17 28   18 90   19 40   20 19 
   1 25    2 33    3 91    4 68    5 43    6 41    7 50    8 51    9 29   10 99   11 91   12 68   13 28   14 51   15 24   16 24   17 98   18 92   19 25   20 14 
   1 84    2 73    3 52    4 30    5 39    6  8    7 20    8 35    9 39   10 77   11 78   12 78   13 22   14 55   15 55   16 57   17 17   18  3   19 49   20 35 
   1 16    2 21    3 81    4 89    5 63    6 92    7 85    8 91    9 72   10 66   11 41   12 26   13 10   14 53   15  5   16 82   17 27   18 51   19 26   20 10 
   1 86    2 52    3 86    4  8    5  5    6 92    7 31    8 68    9 94   10 25   11 61   12 77   13 96   14 96   15 40   16  7   17 90   18  1   19 35   20 44 
   1  4    2 14    3 36    4 90    5 51    6 82    7 99    8  3    9 70   10 28   11 90   12  1   13  2   14 92   15 56   16  4   17  4   18 55   19 90   20 97 
   1 10    2 16    3 22    4 46    5 91    6 78    7 61    8 26    9 40   10 87   11 57   12 13   13 88   14 82   15  8   16 94   17 13   18 50   19 99   20 17 
   1 90    2 72    3 72    4 55    5 22    6 19    7 96    8 49    9 33   10 25   11  4   12 67   13 90   14 20   15 19   16  9   17 83   18 15   19 30   20 50 
   1 23    2 64    3 95    4 78    5 49    6 12    7 82    8 37    9 16   10 18   11 21   12 87   13 69   14 22   15  7   16 57   17 43   18 31   19  5   20 22 
   1 34    2 55    3 87    4 32    5 69    6 54    7 75    8 25    9 79   10 61   11 68   12 31   13 44   14 13   15 12   16 82   17 63   18 99   19 52   20 19 
   1 49    2 88    3 30    4 25    5 13    6 15    7 80    8 50    9 56   10 18   11 87   12 49   13 74   14 40   15 44   16 98   17 68   18  8   19 12   20 70 
   1 89    2 51    3 86    4 91    5 10    6 80    7 35    8 83    9 43   10 39   11 62   12 90   13 16   14 43   15 66   16 54   17 74   18 44   19 11   20 88 
   1 57    2 23    3 10    4 69    5 94    6 61    7 39    8 82    9 63   10 96   11 69   12  6   13 90   14 23   15 39   16  2   17 12   18 91   19 72   20 31 
   1  9    2 53    3 10    4 96    5 22    6 37    7 85    8 78    9 60   10 18   11 79   12 76   13  7   14 30   15 41   16 71   17 69   18 83   19 32   20  7 
   1 27    2 40    3 44    4 29    5 47    6 72    7 45    8 44    9  3   10 16   11 69   12 94   13 14   14 16   15 60   16 94   17 38   18 75   19 81   20 81 
   1 89    2 53    3 95    4  2    5 49    6 73    7 13    8 23    9 89   10 48   11 35   12 76   13 47   14 76   15 11   16 69   17 74   18 66   19 21   20 58 
   1 60    2 45    3 68    4 25    5 68    6 55    7 81    8 66    9 52   10 22   11 25   12 79   13 48   14 30   15 31   16 51   17 98   18 98   19 81   20  2 
   1 27    2 45    3 97    4 61    5 87    6 19    7 78    8 24    9 42   10 53   11 68   12 66   13 36   14 59   15 65   16 80   17 86   18 77   19 64   20 89 
   1 29    2  9    3 79    4  3    5 43    6 80    7 25    8 56    9 24   10 71   11 14   12 51   13 62   14 64   15 16   16 79   17 72   18  8   19 45   20  1 
   1 12    2 74    3 80    4 83    5 12    6 48    7 81    8 92    9 53   10 24   11  9   12 14   13  1   14 72   15 67   16 85   17 76   18  6   19  4   20 80 
   1 51    2  5    3 21    4 38    5 16    6 10    7 21    8 30    9 77   10 17   11 74   12 89   13 63   14 61   15 19   16 56   17 53   18 26   19 10   20 52 
   1 20    2 71    3 55    4 38    5 60    6 17    7 87    8 31    9 12   10 47   11 61   12 87   13 86   14 13   15 69   16 79   17 94   18 47   19 90   20 15 
   1 91    2 72    3 71    4 94    5 87    6 67    7 40    8 88    9 71   10 44   11 58   12  1   13 49   14 81   15 56   16 46   17 45   18 55   19 11   20 25 
   1 31    2 63    3 12    4 36    5 65    6 21    7 30    8 85    9 14   10 62   11 81   12 65   13 48   14 25   15 96   16 71   17 30   18 39   19 88   20 11 
   1 50    2 88    3 86    4  3    5 36    6  9    7 11    8 50    9 62   10  4   11 52   12 53   13  3   14 90   15 78   16 85   17 39   18 91   19 52   20 97 
   1  5    2 77    3 81    4 23    5 73    6 79    7 76    8 34    9 75   10 85   11 93   12 19   13 51   14 67   15 36   16 52   17 60   18 78   19 96   20 90 
   1 77    2  7    3 94    4 93    5 25    6 89    7 79    8 91    9 97   10 74   11 44   12 21   13 80   14 21   15 56   16 42   17 69   18 49   19 92   20 62 
   1 65    2 88    3 47    4 93    5 13    6 20    7 75    8 55    9  3   10 59   11 57   12 98   13 86   14 70   15 12   16 66   17 12   18 23   19 44   20 69 
   1 65    2 39    3 78    4 75    5 29    6 94    7 77    8  7    9 54   10 41   11 89   12 90   13 97   14 96   15 37   16 82   17 83   18 92   19 54   20 34 
   1  3    2 30    3 54    4 77    5 94    6 47    7 17    8 49    9 41   10 13   11 81   12 45   13  4   14 99   15  1   16 91   17 21   18 68   19 28   20 66 
   1 99    2 70    3 74    4 35    5 89    6 90    7 51    8 38    9 71   10 82   11 69   12 77   13 58   14 64   15 50   16 48   17 25   18 88   19 85   20 54 
   1 92    2 95    3  2    4 84    5  2    6 44    7 29    8 73    9 11   10 26   11 98   12 54   13 79   14 68   15 43   16 70   17 50   18  9   19 51   20 84 
   1 58    2 79    3 28    4 24    5 25    6 49    7 11    8 47    9 12   10 39   11 78   12 86   13 28   14 61   15 58   16 21   17 47   18 38   19 21   20 62 
   1 17    2 70    3 42    4  7    5 71    6 28    7 73    8 95    9 54   10 28   11 70   12  2   13 19   14 36   15 13   16 82   17 43   18 60   19  4   20 71 
   1 60    2 92    3 90    4 40    5 17    6 46    7 50    8 48    9 21   10 59   11  3   12  3   13 93   14 57   15 55   16 12   17 58   18  2   19 42   20 70 
   1  5    2 12    3 79    4  4    5 30    6 82    7 86    8 54    9 14   10 49   11 70   12 88   13 88   14 86   15 87   16 94   17 11   18  8   19 43   20 60 
   1 90    2 21    3 78    4 18    5 74    6 96    7 56    8 94    9 82   10 87   11 62   12 39   13 44   14 10   15 20   16 17   17 63   18 86   19 55   20 54 
   1 43    2 34    3 83    4 25    5 22    6 91    7 93    8 21    9 35   10 32   11 81   12 56   13 74   14 57   15 84   16 45   17 74   18 62   19 89   20 52 
   1 59    2 11    3 56    4  5    5 49    6 28    7 79    8 41    9 21   10 65   11 61   12 24   13 18   14 88   15 28   16 68   17  6   18 41   19  4   20 71 
   1 13    2 92    3  8    4 56    5 53    6 93    7 57    8 30    9 38   10 24   11 65   12 91   13 95   14 59   15 59   16 60   17 23   18 66   19  1   20  9 
   1 70    2 50    3 43    4 96    5  6    6 30    7 85    8 42    9 52   10 48   11 65   12 86   13  2   14 73   15 65   16 93   17 94   18 94   19 97   20 99 
   1 28    2  3    3 38    4 93    5 44    6 64    7 17    8 44    9 82   10 72   11 33   12 80   13 22   14 43   15 56   16 30   17 93   18 54   19 65   20 41 
   1 64    2 33    3 95    4 10    5 68    6 41    7 88    8 28    9 40   10 15   11 62   12 58   13  7   14 25   15  2   16  5   17 26   18  9   19 38   20 30 
   1 50    2 39    3 87    4 33    5 52    6 53    7 89    8 82    9 47   10  5   11 19   12 54   13 82   14 37   15 36   16 31   17 49   18 75   19 87   20 23 
   1 11    2 49    3 79    4 82    5 95    6 86    7 39    8  4    9 91   10 68   11 57   12 57   13 52   14 70   15 41   16 30   17 30   18 43   19 58   20 60 
   1 11    2 25    3 16    4 91    5 85    6  6    7 41    8 64    9 60   10 36   11 82   12 42   13 17   14 97   15  7   16 71   17 50   18  9   19 47   20  1 
   1 38    2 16    3 39    4 14    5 22    6 68    7  8    8 38    9 61   10  7   11 78   12 32   13 59   14 29   15 23   16 29   17 47   18 10   19 53   20 67 
   1 23    2 48    3 61    4 46    5  6    6 25    7 21    8  9    9 21   10 52   11 94   12  5   13 42   14 33   15 25   16 82   17 89   18 79   19 51   20 55 
   1 97    2 56    3 19    4 38    5 42    6  8    7 33    8 37    9 67   10 45   11 65   12 43   13 51   14 99   15 81   16 20   17 43   18 10   19 40   20 64 
   1 65    2 52    3 75    4 73    5 68    6 62    7 36    8 87    9 29   10 87   11 14   12 80   13 79   14 34   15  6   16 13   17 32   18 97   19 80   20 21 
   1 26    2 78    3 92    4 16    5  1    6 17    7 75    8 37    9 46   10 42   11  9   12 86   13 93   14 96   15 67   16 94   17 45   18 39   19 20   20 16 
   1 26    2 93    3 89    4 52    5 48    6 49    7  2    8 26    9 74   10 68   11 29   12 47   13 65   14 65   15  5   16 47   17 47   18 30   19 24   20 94 
   1 17    2 74    3 17    4 99    5 22    6 92    7 65    8 80    9 11   10  9   11 70   12 95   13 27   14 90   15 89   16 57   17 68   18 74   19 77   20 11 
   1 43    2 68    3 66    4 63    5 62    6 20    7 57    8 83    9 72   10 53   11 90   12 86   13 25   14 52   15 71   16 95   17 13   18 52   19 37   20 90 
   1  5    2 41    3 34    4 45    5 62    6 77    7 22    8 50    9 56   10 59   11 86   12 40   13 60   14 95   15 86   16  8   17 86   18 90   19 13   20 48 
   1 87    2  5    3 87    4 68    5 42    6 24    7 41    8 50    9 81   10 65   11 12   12 31   13 72   14  3   15 48   16 46   17 97   18 12   19 29   20 85 
   1 59    2 14    3 25    4  2    5 44    6 53    7 89    8 50    9 80   10 81   11 40   12 61   13 29   14 64   15 50   16 80   17  2   18 61   19 28   20 34 
   1 40    2 92    3 20    4 72    5 22    6 71    7 62    8 42    9 87   10 12   11 12   12 12   13 55   14 21   15 54   16 32   17 16   18 34   19 18   20  7 
   1 65    2 46    3 58    4 22    5 14    6 88    7 43    8 88    9 44   10 39   11 64   12 64   13 58   14 16   15 21   16  7   17 27   18 88   19 22   20 79 
   1 90    2 18    3 57    4 52    5 40    6 88    7 30    8 55    9 41   10 62   11 32   12 17   13 22   14 70   15 83   16 34   17 38   18 27   19 75   20 95 
   1 60    2 95    3 85    4  1    5 40    6 24    7 56    8 22    9 59   10 90   11 18   12 52   13 58   14 67   15 27   16 33   17 53   18 68   19 24   20 50 
   1 37    2 90    3 69    4 72    5 32    6 75    7  8    8  1    9 41   10 34   11 11   12 56   13 61   14 13   15 38   16 33   17 37   18 14   19 79   20 78 
   1 26    2 10    3 13    4 95    5 31    6 31    7  1    8 88    9 64   10 66   11 40   12 35   13 89   14 96   15 79   16 18   17 94   18 88   19 99   20 39 
   1 83    2 88    3 13    4 26    5 33    6 34    7 51    8 69    9 30   10 10   11 14   12 60   13 67   14 57   15 71   16 29   17 78   18 74   19 35   20 79 
   1 47    2  7    3 63    4 30    5 22    6 87    7 73    8 50    9 51   10 95   11 22   12 75   13 14   14  7   15 53   16 19   17 84   18 71   19 45   20 69 
   1 81    2 57    3 62    4 93    5 75    6 88    7  4    8 79    9 16   10 51   11 49   12 10   13 10   14 30   15  2   16 74   17 49   18 14   19 95   20 27 
   1 92    2 95    3 38    4 51    5 67    6 62    7 58    8 59    9 64   10 15   11 95   12 50   13 40   14 96   15  9   16 58   17 25   18 16   19 46   20 42 
   1 95    2 67    3 62    4  2    5 94    6 59    7 24    8 18    9 72   10  4   11 82   12 66   13 11   14 98   15 49   16 52   17 59   18 46   19 15   20 15 
   1  8    2 84    3 75    4 75    5 37    6 39    7 69    8 98    9 68   10 66   11  7   12 53   13 99   14 72   15 79   16 10   17 36   18 47   19  7   20 51 
   1 24    2 55    3 79    4 39    5 81    6  4    7 39    8 21    9 31   10 24   11 19   12 58   13  7   14 31   15 39   16 70   17 33   18 54   19 24   20 44 
   1 90    2 70    3 65    4 99    5 89    6 74    7 33    8 35    9 93   10 53   11 95   12 12   13 20   14 11   15 28   16 78   17 15   18 91   19 45   20 71 
   1  2    2 26    3  8    4 20    5 62    6 90    7 16    8 94    9 86   10 87   11 39   12 66   13 78   14 36   15 39   16 59   17 36   18 89   19 20   20 32 
   1 62    2 58    3 39    4 68    5 67    6 29    7 75    8 57    9 91   10 26   11 71   12 81   13  6   14 10   15 70   16 32   17 47   18 59   19 35   20 66 
   1 45    2 81    3 40    4 40    5  5    6 99    7 19    8 71    9 34   10 64   11 34   12 51   13 71   14 20   15 72   16 20   17 83   18 39   19 61   20 49 
   1 28    2 45    3 13    4 77    5 42    6 74    7  1    8 76    9  6   10 13   11 89   12 75   13 48   14 26   15 70   16 12   17 24   18 52   19 97   20  8 
   1  2    2 19    3 85    4 57    5 47    6  4    7 30    8 97    9 27   10 16   11 63   12 71   13 39   14 67   15 38   16 98   17 71   18 91   19 69   20  7 
   1 90    2 95    3 90    4 57    5 27    6 86    7 44    8  7    9 62   10 23   11 85   12 46   13 58   14 13   15 48   16 18   17  7   18 21   19 78   20 44 
   1  9    2 19    3 82    4 13    5 65    6 22    7  8    8 87    9 35   10 61   11 60   12 88   13  7   14 60   15 57   16 12   17  6   18 90   19 13   20  1 
   1 31    2 98    3 62    4 43    5 70    6 10    7 45    8 89    9 57   10 78   11 91   12 58   13 17   14 50   15 11   16 57   17 55   18 58   19 53   20 15 
   1 65    2 74    3 93    4 45    5 12    6 96    7 19    8 53    9 67   10 58   11 49   12 73   13 63   14 28   15 38   16 73   17 43   18 74   19 16   20  6 
   1 65    2 31    3 29    4 74    5 94    6 56    7 53    8 19    9 96   10 13   11 46   12 27   13 73   14 32   15 37   16 91   17 82   18 30   19 94   20 51 
   1 31    2 70    3 40    4 98    5 56    6 28    7 38    8 69    9 69   10 99   11 10   12 26   13 43   14 49   15 56   16 46   17 40   18 63   19 59   20 91 
   1  6    2 17    3 96    4 80    5 79    6 90    7 39    8 66    9  8   10 87   11 19   12 38   13 14   14 54   15 64   16 64   17 78   18 19   19 64   20 33 
   1  3    2  6    3  6    4 46    5 82    6 71    7 68    8 61    9 92   10 70   11 50   12 48   13 66   14 46   15 64   16 92   17 64   18 18   19 72   20 77 
   1 38    2 28    3 82    4  7    5 72    6 12    7 83    8 18    9  1   10 84   11 65   12  8   13 59   14 15   15 68   16 45   17 96   18 88   19 13   20 69 
   1 98    2 84    3 85    4 40    5 98    6  1    7 94    8 86    9 37   10  3   11 41   12 14   13 75   14 49   15 27   16 86   17 27   18 22   19 47   20 28 
   1 17    2 45    3 34    4  5    5  1    6  6    7 34    8 51    9 69   10 48   11 58   12 58   13 96   14 94   15 36   16 84   17 99   18 43   19 22   20  8 
   1 37    2 96    3 18    4 79    5 72    6 41    7  1    8 90    9 57   10 78   11 62   12 89   13 28   14 63   15 94   16 15   17 11   18 60   19  9   20  8 
   1  6    2  9    3 62    4 40    5 80    6 30    7 23    8 80    9 59   10 79   11 45   12 44   13 12   14 96   15 65   16 99   17 91   18 20   19 68   20 48 
   1 21    2 63    3 56    4 48    5 39    6 21    7 32    8 22    9 85   10 20   11 67   12 16   13 99   14 43   15 89   16  8   17 78   18 32   19  4   20  7 
   1 84    2 80    3 32    4 38    5 68    6 64    7 70    8  6    9 86   10 51   11 64   12 20   13 63   14 73   15 23   16 87   17 97   18 67   19 67   20 55 
   1 53    2 27    3 39    4  4    5 93    6 92    7 35    8 52    9 98   10 83   11  6   12 69   13 19   14 19   15 93   16 61   17 23   18  1   19 92   20 51 
   1 67    2 31    3 14    4 48    5 16    6  1    7 78    8 16    9 96   10 51   11 77   12 67   13 26   14 19   15 14   16 42   17 48   18 42   19 49   20 89 
   1 28    2 38    3 63    4 33    5 43    6 85    7 89    8 84    9 55   10  1   11 94   12 80   13  8   14 81   15 57   16 25   17 20   18 95   19 23   20 61 
   1 10    2 68    3 40    4 94    5 16    6 94    7 88    8 12    9  9   10  2   11 24   12 81   13 72   14 82   15 93   16 35   17 99   18 84   19 37   20 82 
   1 50    2 91    3  5    4 32    5 81    6 24    7 92    8 74    9  2   10 73   11 38   12 82   13 55   14 69   15 60   16 64   17 39   18 37   19 16   20 39 
   1 91    2 89    3 10    4 89    5  2    6 83    7 50    8 69    9 71   10 82   11 73   12 27   13 67   14 13   15 82   16 74   17 53   18 30   19 39   20 89 
   1 34    2 15    3 49    4 85    5 73    6  4    7 64    8 22    9 85   10 34   11 59   12  5   13  1   14 85   15 16   16 40   17  3   18 12   19 47   20 47 
   1 68    2 10    3 98    4 84    5 55    6 57    7 61    8 12    9  2   10 26   11 61   12 44   13 23   14 32   15 69   16 89   17 65   18 87   19 94   20 24 
   1 52    2 61    3 96    4 86    5 81    6  8    7 35    8 80    9 96   10 49   11 14   12 38   13 35   14 34   15 57   16  4   17 81   18 13   19 71   20 79 
   1 30    2 30    3 39    4 84    5 72    6 17    7 81    8 45    9  7   10 39   11 59   12 53   13  6   14 57   15  8   16 43   17 47   18 60   19 36   20 86 
   1 14    2 15    3 65    4 78    5 88    6 83    7 69    8 51    9 78   10 24   11 83   12 16   13 89   14 69   15 52   16 12   17 25   18 92   19 72   20 60 
   1 37    2 91    3 52    4 77    5 20    6 47    7 80    8 96    9 55   10 39   11  3   12 48   13 93   14 63   15 98   16 28   17 36   18 52   19 67   20 67 
   1 31    2 78    3 33    4 15    5 44    6 57    7 38    8 80    9  7   10 69   11 46   12 16   13 88   14 49   15 67   16 68   17 44   18 51   19 78   20 10 
   1 86    2 52    3  4    4 71    5 14    6 93    7 44    8 87    9 50   10  1   11 16   12 31   13 86   14 56   15 19   16 46   17 29   18 91   19 13   20 61 
   1  9    2 70    3 47    4 67    5 79    6 54    7 49    8 92    9  5   10  1   11 56   12 79   13 37   14 37   15 56   16 23   17 85   18 76   19 68   20 60 
   1 31    2 21    3 72    4 70    5 99    6 79    7 85    8 20    9 60   10 79   11 40   12 75   13 53   14 54   15 38   16  3   17 26   18 32   19 36   20 68 
   1 90    2 57    3 70    4 67    5 43    6  5    7 26    8 95    9 61   10 27   11  7   12 14   13 45   14 60   15 75   16 70   17  4   18 81   19 69   20 72 
   1 53    2 28    3 17    4 80    5 57    6 30    7 15    8 16    9 68   10 20   11 79   12 67   13 32   14 97   15 69   16 81   17  9   18 57   19 28   20  9 
   1 64    2 14    3 72    4 58    5 22    6 90    7 97    8 64    9 87   10 22   11 55   12 70   13 69   14 44   15 14   16 14   17 59   18 71   19 69   20 47 

