ta110
200 20
   1 31    2 67    3 84    4 38    5 24    6 45    7 69    8 98    9 99   10 57   11 22   12 86   13  4   14 37   15 49   16 58   17  8   18 34   19 70   20 14 
   1  6    2 80    3 52    4 58    5 62    6 39    7 87    8 82    9 76   10 34   11 71   12 24   13 18   14 83   15 28   16  7   17 66   18 42   19 74   20 74 
   1  1    2 76    3 21    4  1    5 79    6 29    7 97    8 98    9 36   10 22   11 89   12 81   13 34   14 89   15 78   16 12   17 50   18 79   19 46   20 37 
   1 38    2 74    3 39    4 71    5 85    6 22    7 43    8 30    9 34   10 91   11 32   12 27   13 63   14 90   15 67   16 29   17 43   18 18   19  5   20 63 
   1 93    2 79    3 25    4 80    5 30    6 77    7 24    8 49    9 38   10 98   11 71   12 38   13 17   14 63   15 93   16 55   17 52   18 98   19 33   20 95 
   1 48    2 91    3 54    4 63    5 40    6 15    7 99    8 66    9 23   10 63   11 99   12 53   13 35   14 20   15 63   16 62   17  7   18 19   19  3   20 20 
   1 70    2 68    3  8    4 65    5  9    6 44    7 51    8  7    9 23   10 54   11 42   12  2   13 59   14 46   15 64   16 44   17 92   18 26   19 19   20 36 
   1 22    2 87    3  4    4 72    5 86    6 54    7 14    8 49    9 62   10 50   11 60   12 35   13 29   14 72   15 23   16  9   17  5   18 56   19 53   20 51 
   1 77    2 22    3 61    4 51    5  4    6 25    7 15    8 50    9 58   10 82   11 50   12 38   13 30   14 94   15  3   16 90   17 12   18 49   19 98   20  9 
   1  9    2 95    3 43    4  4    5  4    6 35    7 24    8 82    9 28   10 96   11 80   12 89   13 46   14 85   15 24   16 38   17 13   18 57   19 61   20 31 
   1 86    2 45    3 64    4 47    5 30    6 95    7 82    8 76    9 61   10  5   11 93   12 23   13 40   14 75   15 62   16 13   17 26   18 49   19 37   20 64 
   1 40    2 47    3 50    4  9    5 27    6 47    7  7    8  5    9 26   10 91   11 56   12 64   13 57   14 68   15 70   16 63   17  7   18 44   19 60   20  6 
   1 38    2 67    3 34    4 63    5  6    6 46    7 75    8 83    9 70   10 16   11 26   12 37   13 89   14  1   15 99   16 11   17 14   18  8   19 41   20 51 
   1 13    2 24    3 65    4 62    5 24    6 56    7 82    8 70    9 73   10 26   11 27   12 28   13 37   14 47   15 51   16 26   17 40   18 44   19 14   20 81 
   1 18    2 70    3 43    4 25    5 21    6 21    7  2    8 58    9 37   10 38   11 21   12 59   13 11   14 27   15 36   16 57   17 85   18 25   19 79   20 66 
   1  8    2 84    3 56    4 25    5 10    6 17    7 98    8 67    9 46   10 14   11  1   12  5   13 37   14  9   15 32   16 12   17 57   18 25   19 49   20 24 
   1 96    2 77    3 24    4 74    5 15    6 71    7 46    8 90    9  7   10 49   11  3   12 35   13 26   14 48   15 93   16 73   17 60   18 95   19 88   20 59 
   1 86    2  7    3 56    4 31    5 53    6  5    7 59    8 96    9 92   10 19   11 27   12  1   13 20   14 33   15 75   16 93   17  9   18 47   19 70   20 50 
   1 65    2  5    3  9    4 55    5 92    6 38    7 10    8 32    9 62   10 36   11 80   12 93   13 46   14 86   15 73   16 41   17 29   18 87   19 80   20  1 
   1 14    2 94    3 16    4 45    5  6    6 80    7 80    8 39    9 56   10 91   11 32   12 84   13 39   14 22   15 78   16 45   17 27   18 85   19 76   20 49 
   1 34    2 10    3 55    4 12    5 22    6 77    7 55    8 73    9 89   10 93   11 45   12 38   13  7   14 83   15 78   16  6   17 36   18 32   19  5   20 27 
   1 96    2 42    3 83    4 57    5 50    6 55    7 68    8 80    9 68   10 74   11 45   12 23   13 25   14 56   15 18   16 92   17  3   18 22   19 20   20 42 
   1 92    2 64    3 68    4 86    5 80    6 47    7 91    8 69    9 31   10 94   11 56   12 21   13 52   14 29   15  5   16 61   17 62   18 99   19 36   20 54 
   1 97    2 74    3 51    4 56    5 19    6 17    7 33    8 21    9 55   10 96   11 74   12 75   13 85   14 41   15 55   16 35   17 59   18 68   19 64   20 48 
   1 73    2 17    3 59    4 26    5 10    6 10    7 79    8 80    9 37   10  9   11 37   12 89   13 38   14 96   15 10   16 84   17 98   18 50   19 42   20 48 
   1  4    2 84    3 96    4 98    5 68    6 19    7 58    8 76    9 75   10 68   11 15   12 76   13 45   14 30   15 53   16 23   17 43   18 87   19  8   20 64 
   1 95    2  7    3 26    4 40    5 98    6  1    7 79    8 19    9 74   10 23   11 90   12 76   13 11   14 86   15 77   16 78   17 23   18  1   19 36   20 24 
   1  5    2 59    3 75    4 77    5  1    6 72    7 54    8 24    9 76   10 60   11 40   12  8   13 89   14 71   15 82   16 30   17 48   18 20   19 66   20 13 
   1 60    2 51    3 21    4 85    5 95    6 63    7 13    8 77    9 81   10 36   11 92   12 33   13 55   14 43   15 20   16 27   17 12   18 94   19 18   20 42 
   1  2    2 42    3 58    4 11    5 89    6 48    7 70    8 66    9 93   10 70   11 59   12 85   13 52   14 32   15 49   16 66   17 56   18 83   19 98   20 52 
   1 83    2 70    3 33    4 17    5 18    6 55    7 26    8 32    9 28   10 63   11 75   12 92   13 40   14 71   15 39   16 71   17 30   18 16   19 87   20 34 
   1 34    2 95    3 13    4  4    5  3    6 58    7 34    8 12    9 61   10 36   11 63   12 69   13 76   14  2   15 92   16 79   17 34   18 84   19 78   20 14 
   1 56    2 76    3 59    4 99    5 78    6 40    7  9    8 77    9 30   10 83   11 84   12  4   13 82   14  8   15 80   16 85   17 60   18 56   19 53   20 46 
   1  3    2 83    3 48    4 85    5 37    6 90    7  7    8 29    9  7   10 18   11 82   12 33   13 72   14  9   15 82   16 70   17  2   18 38   19 64   20 33 
   1 16    2 86    3 75    4 44    5 21    6 18    7 74    8 82    9 43   10 41   11  3   12 78   13 10   14 46   15 95   16 59   17 11   18 58   19 78   20 10 
   1  7    2 58    3 75    4 71    5 50    6 97    7 73    8 97    9 42   10 50   11  7   12 28   13 93   14 47   15 98   16 91   17 28   18 68   19 99   20 37 
   1 45    2 60    3 30    4 39    5 60    6 40    7 70    8 30    9 39   10 83   11 43   12 70   13  7   14 65   15 99   16 94   17 82   18 38   19 85   20 34 
   1  4    2 89    3 91    4 62    5 94    6 54    7 92    8 61    9 52   10 75   11  9   12  9   13 88   14 38   15 41   16 40   17 17   18 34   19 13   20 78 
   1 17    2 78    3 70    4 38    5 27    6  9    7 97    8 95    9 59   10 22   11 31   12 44   13 60   14 50   15 73   16 94   17 39   18 95   19 80   20 86 
   1 74    2 97    3  8    4 91    5 11    6 28    7 60    8 53    9 68   10  8   11 37   12 21   13 63   14 33   15 94   16 51   17 39   18 43   19 76   20 44 
   1 42    2 44    3 25    4 31    5 69    6 99    7 60    8 80    9 73   10 81   11 89   12 59   13 45   14 69   15 80   16  2   17  4   18 50   19 59   20 98 
   1 69    2 10    3 17    4 44    5 57    6 44    7 21    8 33    9 75   10 16   11 68   12 62   13 43   14 45   15 72   16 86   17 62   18 16   19  2   20 36 
   1 13    2 82    3 96    4 76    5 93    6 19    7 16    8  2    9 33   10 99   11 17   12 46   13 88   14 65   15 11   16  1   17 89   18 41   19 64   20 63 
   1  5    2 26    3 79    4 41    5 29    6 80    7 64    8 87    9 94   10 62   11 82   12 53   13 40   14  3   15 46   16 21   17 66   18 44   19 94   20 58 
   1 24    2 14    3 52    4 26    5 53    6  7    7 94    8 86    9 30   10 79   11  9   12 16   13 47   14 99   15 81   16 10   17 85   18 30   19 64   20 91 
   1 42    2 32    3 89    4  9    5 20    6 39    7 94    8 97    9 32   10 24   11 63   12 50   13  3   14 71   15 60   16 61   17 62   18 38   19 58   20 42 
   1 13    2 25    3 76    4 58    5 24    6 45    7 16    8 17    9 38   10 33   11 36   12 72   13 87   14 21   15 56   16 29   17  9   18 76   19 70   20 15 
   1 30    2 25    3 73    4 56    5 21    6 35    7 56    8 61    9 39   10 71   11 30   12 23   13 30   14 93   15 27   16 78   17 76   18 84   19 53   20 45 
   1 75    2 30    3 66    4 76    5 68    6 75    7 96    8 98    9 65   10 50   11 49   12 55   13 20   14 40   15 39   16 26   17  1   18 65   19 41   20 52 
   1 57    2 22    3 12    4 38    5 52    6 52    7 20    8 62    9  4   10 19   11 59   12 18   13 61   14 39   15 14   16 34   17 34   18 78   19 40   20 68 
   1 73    2 27    3 24    4 25    5 52    6 20    7 32    8 87    9 74   10 53   11 94   12 48   13 36   14 26   15 98   16 42   17 93   18 23   19 37   20 84 
   1 63    2 20    3 65    4 51    5 73    6 89    7 31    8 15    9 31   10 71   11 59   12 67   13  4   14 63   15 29   16 87   17 47   18  5   19 23   20 92 
   1 71    2 15    3 66    4 83    5  8    6 43    7 44    8 95    9 31   10  8   11 26   12 94   13 24   14 55   15 26   16 68   17 97   18 64   19 56   20 12 
   1 70    2 72    3 53    4 64    5 86    6 20    7 38    8 39    9 71   10  8   11  6   12 86   13 78   14 15   15 52   16 82   17 53   18 33   19 60   20 57 
   1 20    2 48    3 35    4 94    5 53    6 46    7 14    8  4    9 86   10 57   11 27   12 97   13 67   14  4   15 59   16 13   17 20   18 63   19 65   20 13 
   1 93    2 71    3 12    4 58    5 81    6 12    7 17    8 58    9 60   10 46   11 35   12 12   13 56   14 21   15 57   16  2   17 87   18 85   19 50   20 28 
   1 94    2  3    3 63    4 55    5 41    6 58    7 43    8 62    9 82   10 74   11 44   12 80   13 82   14 45   15 40   16 40   17 49   18 13   19 26   20 89 
   1 89    2  3    3 14    4 96    5 89    6 87    7 59    8 95    9  2   10 75   11 66   12 91   13 76   14 80   15 33   16 30   17 51   18 45   19 65   20 21 
   1 54    2 21    3 97    4  2    5 69    6 11    7 17    8 47    9 17   10 22   11 73   12 81   13 64   14 87   15 58   16 87   17 17   18 24   19 18   20  4 
   1 29    2 69    3 45    4 21    5  4    6 96    7 11    8 34    9 36   10 60   11 29   12 19   13 47   14 66   15 15   16  6   17 13   18 58   19 65   20 99 
   1 14    2 94    3 37    4 10    5 75    6 77    7 91    8 91    9 62   10  6   11 24   12 32   13 99   14 13   15 95   16 51   17 82   18 26   19 91   20 19 
   1 67    2 43    3 61    4 91    5 15    6 85    7 61    8 92    9 21   10 31   11 51   12  7   13 48   14 83   15 44   16 79   17 15   18 49   19 11   20 70 
   1 16    2 93    3 37    4 90    5 72    6 81    7 63    8 94    9 16   10 33   11 91   12 39   13 85   14 47   15 26   16 70   17 11   18 84   19 29   20 79 
   1 56    2 61    3 63    4 26    5 87    6  8    7 89    8 40    9 14   10 15   11 35   12 54   13 22   14 69   15  9   16 75   17 56   18 29   19 87   20 51 
   1 54    2 40    3 91    4 84    5 20    6 36    7 62    8 17    9 65   10 93   11 48   12 63   13 25   14 13   15 37   16 88   17  8   18 11   19 75   20 34 
   1 49    2 83    3 45    4 63    5 96    6  3    7 23    8 22    9 68   10 71   11  9   12 92   13 95   14 27   15 78   16  9   17 30   18 62   19 82   20  5 
   1 65    2 92    3 45    4 27    5 23    6 61    7 27    8 81    9 30   10 79   11 14   12 38   13  1   14 41   15 85   16  9   17 97   18 48   19 37   20 94 
   1  6    2 30    3 65    4 76    5 57    6 63    7 13    8  6    9 42   10 57   11 96   12 95   13 24   14 28   15 29   16 90   17 96   18 24   19 22   20 11 
   1 89    2 86    3 28    4 99    5 88    6 47    7 52    8 33    9 46   10 60   11 18   12 53   13 59   14 20   15 96   16 87   17 14   18 42   19 57   20 49 
   1 70    2  1    3  2    4 70    5 89    6 68    7 47    8 51    9 49   10 18   11 14   12 18   13 38   14 34   15 20   16 54   17 41   18 33   19  8   20 84 
   1 86    2 41    3 10    4 64    5 64    6 86    7  4    8  6    9 99   10 26   11 13   12 42   13 84   14 90   15 86   16 35   17  7   18 90   19 29   20  4 
   1 16    2  2    3 50    4 75    5 40    6 62    7  6    8 48    9 93   10 75   11 30   12 82   13 26   14  7   15 50   16 56   17 54   18 65   19 93   20 69 
   1 39    2 68    3 51    4 99    5 83    6 87    7  4    8 43    9 22   10 40   11 46   12 27   13 77   14  9   15 71   16 98   17 98   18 16   19 12   20 76 
   1 85    2 50    3 25    4 91    5 95    6 19    7 45    8 15    9 55   10 54   11 66   12 62   13 48   14 76   15 56   16  8   17 42   18 90   19 45   20 16 
   1 35    2 91    3 93    4 66    5 67    6  6    7 22    8 81    9 12   10 58   11  9   12  1   13 31   14 95   15 14   16 33   17 42   18 30   19 39   20 32 
   1 59    2 63    3 26    4 20    5 57    6 63    7 94    8 65    9 42   10 75   11 35   12 86   13  5   14 28   15 10   16 39   17 62   18 38   19 63   20 10 
   1 10    2 93    3 16    4 87    5 59    6  9    7 34    8 56    9 28   10  3   11 46   12 19   13 20   14 62   15 17   16 56   17 24   18 60   19 46   20 80 
   1 79    2 82    3 26    4 69    5 98    6 88    7 31    8 78    9  2   10 38   11 85   12 52   13  3   14 62   15 64   16 51   17 53   18 41   19 89   20 70 
   1 51    2 74    3  5    4 64    5 54    6 53    7 82    8 48    9 54   10 50   11 71   12  9   13 60   14 52   15 67   16 72   17 71   18 14   19 35   20 78 
   1 14    2 73    3 17    4 16    5 90    6 98    7 58    8 72    9 46   10 97   11 48   12 95   13 39   14 51   15  8   16 82   17 80   18 46   19 35   20 69 
   1 97    2 56    3  9    4 68    5 52    6 56    7 46    8 70    9 13   10 28   11 55   12 28   13 86   14 21   15 55   16 53   17 69   18  3   19 13   20 97 
   1  3    2 89    3 76    4  6    5 66    6 93    7 49    8 16    9 67   10 88   11 62   12 79   13 23   14 91   15 35   16 38   17 62   18 73   19 21   20 78 
   1 82    2 73    3 95    4 60    5  4    6 18    7 46    8 11    9 17   10 33   11 62   12 54   13 15   14 51   15 59   16 31   17 70   18 10   19 30   20 98 
   1 39    2 26    3 55    4 91    5 60    6 82    7 64    8 90    9 20   10 15   11 45   12  1   13  8   14 13   15  1   16 60   17 59   18  8   19 57   20 90 
   1 42    2 72    3 70    4 84    5 58    6 89    7 48    8 82    9 53   10 47   11 36   12 69   13 15   14 23   15 64   16 34   17 43   18 83   19 34   20 29 
   1 11    2 36    3  8    4 27    5 86    6 46    7 46    8  5    9 96   10 44   11 95   12 94   13 43   14 45   15 46   16 52   17 38   18  7   19 71   20 62 
   1 56    2 83    3 32    4 69    5 99    6 21    7 28    8 56    9 27   10 49   11 38   12 62   13 35   14 43   15 23   16 86   17 26   18 80   19 40   20 65 
   1 32    2 17    3 61    4 20    5 53    6 91    7 99    8 50    9 34   10 89   11 71   12 16   13 41   14 41   15 57   16 43   17 62   18 42   19 58   20 41 
   1 42    2 94    3 38    4 63    5  4    6 32    7 41    8 55    9 62   10 53   11 53   12 77   13 19   14 86   15 41   16 81   17 81   18 63   19 62   20 64 
   1 59    2 65    3 32    4 84    5 93    6 59    7 85    8 33    9 96   10 95   11  3   12 70   13 75   14 51   15  2   16 63   17 74   18 65   19 13   20 77 
   1 54    2 82    3  4    4  8    5 10    6 60    7 74    8 83    9 78   10 25   11 38   12 47   13 73   14 30   15 35   16 26   17 35   18 26   19 87   20 13 
   1 94    2 84    3 97    4 28    5 69    6 10    7 35    8 52    9 62   10 30   11 95   12 56   13 51   14 20   15 77   16 46   17 43   18 61   19 56   20 47 
   1 16    2 64    3 97    4 97    5  7    6 24    7 74    8 36    9 67   10  1   11  8   12 78   13 20   14 92   15 43   16 79   17 85   18 40   19 45   20 18 
   1  9    2 91    3 24    4 89    5 39    6 14    7 99    8 70    9 19   10 67   11 25   12 22   13 20   14 11   15 45   16 97   17 37   18  5   19 57   20 18 
   1 11    2 73    3  3    4 68    5 95    6 62    7 92    8 97    9 39   10 46   11 26   12 67   13 33   14 57   15 52   16 66   17  6   18 41   19 68   20  9 
   1 27    2 57    3 20    4 55    5 94    6 76    7  7    8 69    9 85   10 56   11 26   12 97   13 65   14 80   15 31   16 34   17 45   18 85   19 81   20 30 
   1 73    2 15    3 86    4 41    5 58    6 92    7 15    8 60    9 92   10 10   11 47   12 12   13 33   14 11   15 82   16 87   17  9   18 88   19 28   20 60 
   1 90    2 50    3 12    4 16    5  9    6 80    7 65    8 75    9  4   10 81   11 18   12 15   13 52   14 81   15 35   16 65   17 79   18 82   19  7   20 90 
   1 46    2 47    3 66    4 90    5 77    6 41    7 27    8 76    9 19   10 95   11 83   12  3   13 85   14 43   15 77   16 47   17 41   18 33   19 94   20 59 
   1 39    2 67    3 96    4  5    5 64    6 67    7 15    8 20    9 54   10  5   11 38   12 33   13 65   14 45   15 54   16 70   17 35   18 13   19 39   20  6 
   1 90    2 19    3 83    4 73    5  8    6  5    7 62    8 73    9 84   10 50   11 62   12 32   13 24   14 81   15 47   16 24   17 55   18 32   19  7   20 65 
   1 18    2 39    3 36    4 71    5 55    6 11    7 70    8 82    9 98   10 32   11 69   12 18   13 93   14 17   15 90   16 80   17 36   18 60   19 25   20 64 
   1 14    2 66    3 89    4 59    5 12    6  9    7 77    8 43    9 46   10  4   11 22   12 85   13 37   14 13   15 73   16 68   17 39   18 10   19 76   20 18 
   1 67    2 26    3 86    4 35    5 49    6 10    7 39    8 18    9 25   10 73   11 92   12 44   13  1   14 93   15 26   16 47   17 68   18 54   19 45   20 30 
   1 68    2 60    3 49    4 69    5 64    6 40    7 43    8 90    9 93   10  9   11 78   12 73   13 75   14 89   15 47   16 78   17 39   18 26   19 49   20 85 
   1 15    2 89    3 29    4 31    5 56    6 40    7 73    8  3    9 44   10 90   11 94   12 76   13 74   14 34   15 68   16 31   17 43   18 16   19 51   20 29 
   1 60    2 49    3  5    4 49    5 87    6 69    7 50    8 56    9 73   10 22   11  2   12 19   13 44   14 27   15 57   16 71   17 83   18 94   19 84   20 37 
   1 57    2 51    3 55    4 21    5 60    6 58    7 95    8 16    9 33   10 35   11 85   12 83   13 34   14 78   15  2   16 83   17 12   18 22   19 76   20  3 
   1 75    2 45    3 34    4 37    5  9    6 56    7 69    8 77    9 75   10 42   11 91   12 49   13 74   14 46   15 41   16  4   17 52   18 81   19 71   20 53 
   1 95    2 54    3 63    4 79    5 85    6 87    7 85    8 29    9 38   10 45   11 63   12 77   13 99   14 87   15 88   16 82   17 16   18 91   19 61   20 26 
   1 69    2 98    3 22    4 79    5 60    6  6    7 64    8 17    9  3   10 94   11 52   12 74   13 70   14 21   15 52   16 63   17  2   18 15   19 94   20 32 
   1 23    2 87    3 35    4 21    5  6    6  3    7 80    8 91    9 86   10 83   11 18   12 11   13 20   14 82   15 27   16 70   17 23   18 37   19 27   20 44 
   1 23    2 23    3 65    4 45    5  7    6 94    7 27    8 90    9 91   10 18   11 10   12 32   13 52   14 82   15 61   16 40   17  6   18 72   19 93   20 20 
   1 33    2 20    3 40    4 87    5 59    6 42    7 36    8 81    9 17   10 80   11 33   12  5   13 97   14 20   15 87   16 89   17 46   18 64   19 35   20 19 
   1 66    2 68    3 55    4 74    5 94    6 47    7 87    8 11    9  7   10 60   11 47   12 77   13 34   14 94   15  3   16 33   17 61   18  1   19 56   20 71 
   1 67    2 63    3 91    4  5    5  3    6 42    7  5    8  6    9 59   10 15   11 58   12 25   13 76   14 34   15 45   16 73   17  1   18 96   19 32   20 28 
   1 40    2 14    3 88    4  7    5 58    6 27    7 72    8 25    9 15   10 78   11 93   12 19   13 95   14 92   15 66   16 76   17 32   18 66   19 83   20 82 
   1 20    2  3    3 89    4 64    5 14    6 23    7  8    8 81    9 66   10 86   11 48   12 31   13 71   14 96   15 31   16 11   17 82   18 33   19  7   20 40 
   1 76    2 32    3 32    4 22    5 79    6 89    7 30    8 34    9 81   10 67   11 47   12 65   13 33   14 59   15 36   16 90   17 97   18 73   19 10   20 47 
   1 18    2  6    3 47    4 10    5 94    6  2    7 30    8 16    9 97   10 23   11 37   12  8   13 73   14 73   15 81   16 91   17 39   18 88   19 44   20 24 
   1  8    2 55    3  5    4 21    5 14    6 57    7 69    8 86    9  6   10 98   11 52   12 63   13 35   14  8   15 84   16 68   17  7   18 59   19 40   20 31 
   1 63    2 79    3 36    4 62    5 70    6 37    7 12    8 37    9 76   10  5   11 90   12 98   13  3   14 98   15 58   16 70   17 44   18 16   19 40   20 45 
   1 57    2 43    3 26    4 93    5 27    6 15    7 33    8 52    9 65   10 94   11 51   12 62   13 92   14 35   15 26   16 50   17 54   18 19   19 17   20 65 
   1 64    2 33    3 34    4  5    5 70    6 35    7 84    8 31    9 30   10 25   11 50   12 15   13 57   14 51   15 99   16 27   17 29   18 80   19 35   20 96 
   1 18    2 90    3 48    4 46    5  7    6 30    7 20    8 94    9 55   10 72   11 90   12 94   13 61   14 70   15 14   16 98   17 84   18  2   19 93   20 14 
   1 49    2 66    3 66    4 77    5  3    6 19    7  8    8 38    9 88   10 73   11 54   12 35   13 28   14  9   15 73   16 72   17 41   18 18   19 70   20 16 
   1  7    2 25    3 93    4 38    5 12    6 71    7 97    8  3    9 21   10 32   11 58   12 42   13  9   14 63   15 95   16 73   17 42   18 17   19 31   20 86 
   1 56    2 34    3 90    4 31    5 33    6 38    7 42    8 95    9 12   10 56   11 88   12 81   13 53   14 61   15 91   16  5   17 22   18 29   19 55   20 86 
   1 95    2 63    3 26    4 71    5 81    6 60    7 57    8  7    9 86   10 79   11 85   12 85   13 27   14 53   15 72   16 76   17 45   18 14   19 31   20 93 
   1 31    2 60    3 14    4 71    5 19    6  3    7 35    8  2    9  6   10 70   11 29   12  3   13 41   14 30   15  9   16 77   17 46   18 95   19 51   20 32 
   1  9    2  9    3 39    4 67    5 25    6 36    7 60    8 12    9 94   10 30   11 49   12 30   13 22   14  3   15 73   16 41   17 86   18 59   19 39   20 33 
   1  1    2 34    3  9    4 72    5  5    6 48    7 19    8 19    9 99   10 24   11 39   12 76   13 58   14 33   15 95   16 52   17 33   18 52   19 39   20  1 
   1 90    2 30    3 30    4 84    5 21    6 10    7 53    8 50    9 44   10 39   11  4   12 63   13 31   14 57   15 35   16 74   17 58   18 50   19 82   20 32 
   1 94    2 80    3 98    4 19    5 87    6 52    7 72    8 10    9 95   10 52   11 81   12 19   13 54   14 34   15 50   16 52   17 55   18 86   19 38   20 13 
   1 63    2 11    3 93    4 90    5 51    6  2    7  5    8 44    9 43   10 21   11 79   12 90   13 33   14 27   15 13   16 93   17 39   18 12   19 52   20 63 
   1 90    2 86    3 86    4 93    5 49    6 98    7 51    8 23    9 75   10 92   11 65   12 39   13 63   14 35   15 77   16 16   17 70   18 46   19 93   20 47 
   1 78    2 27    3 75    4 63    5 39    6 94    7 88    8 69    9 66   10 81   11 35   12 45   13 93   14 37   15 41   16 80   17 93   18 42   19 43   20 16 
   1 75    2 96    3 54    4 29    5 42    6 90    7 96    8 96    9 35   10 31   11 65   12 64   13 57   14 50   15 88   16 19   17 91   18 16   19 80   20 24 
   1 36    2 16    3 99    4 28    5 69    6  8    7 32    8 65    9 26   10  9   11 75   12 46   13 67   14 35   15  8   16 89   17 19   18 99   19 57   20 13 
   1 71    2 57    3  3    4  1    5 97    6 52    7 33    8 41    9 93   10 30   11 45   12 57   13 67   14 69   15 34   16 35   17 42   18  5   19 88   20 80 
   1 18    2  2    3 85    4 84    5 69    6 33    7 16    8 80    9 93   10 38   11 18   12 29   13 36   14 26   15 37   16 12   17 16   18  3   19 69   20 54 
   1 12    2 93    3 34    4 46    5  2    6  5    7 19    8 59    9 36   10 47   11 67   12 55   13 43   14 71   15 24   16 51   17 38   18 18   19 20   20 23 
   1 32    2 81    3 90    4 89    5 54    6 99    7 97    8 43    9 88   10 21   11 66   12 20   13 86   14 11   15 71   16 39   17 68   18 53   19 83   20 47 
   1 47    2 76    3 75    4 51    5  5    6 37    7 17    8 61    9 52   10  5   11 28   12 95   13 28   14 23   15 37   16 89   17 42   18 47   19 79   20 11 
   1 69    2  7    3 74    4 21    5 64    6 32    7 81    8 17    9  7   10 42   11 65   12 61   13 40   14 49   15 94   16 74   17 93   18 71   19 23   20 67 
   1 53    2 71    3 91    4 17    5 36    6 66    7 19    8 33    9  4   10 52   11 28   12  7   13  9   14 40   15 78   16 73   17 81   18 73   19 62   20 50 
   1 48    2 59    3 10    4 96    5 66    6 78    7 77    8 59    9 39   10 48   11 39   12 95   13 75   14  8   15 50   16 50   17 56   18 91   19 30   20  9 
   1 82    2 90    3 99    4 22    5 32    6 90    7 18    8 10    9 93   10 57   11 87   12 74   13 62   14 14   15  7   16 57   17 93   18 98   19 94   20 82 
   1 91    2  8    3 71    4 64    5 59    6 50    7 32    8 10    9  6   10 27   11  1   12 71   13 69   14 11   15 62   16 82   17 58   18 22   19 36   20 13 
   1 71    2 38    3 89    4 35    5 64    6 70    7 66    8 78    9 12   10 62   11 13   12 13   13 21   14 99   15 24   16 40   17 57   18 61   19  6   20 40 
   1 20    2 45    3 26    4 10    5 67    6 49    7  7    8 50    9  9   10 96   11 29   12 57   13 60   14 94   15 46   16 79   17 77   18 56   19  4   20 17 
   1 78    2 45    3 65    4 53    5 89    6 57    7 91    8 91    9 39   10 78   11 87   12 62   13 54   14 42   15 17   16 76   17 70   18 91   19 71   20 10 
   1 31    2  5    3 58    4 63    5 25    6 87    7 74    8 58    9 16   10 25   11 72   12 52   13 64   14 47   15 19   16 69   17 20   18 38   19 51   20 98 
   1 46    2 26    3 46    4 16    5  9    6 53    7 64    8 46    9 98   10 41   11 10   12 74   13 92   14 41   15 11   16 14   17 20   18  7   19  2   20 94 
   1 43    2 70    3 33    4 94    5 44    6  8    7 63    8 15    9 70   10 16   11 63   12 63   13 37   14 98   15 98   16 87   17 16   18 10   19 37   20 34 
   1 98    2 33    3  5    4 92    5 65    6 21    7 45    8 34    9  6   10 77   11 43   12 66   13 75   14 97   15 99   16 59   17 89   18 54   19 44   20 37 
   1 64    2 36    3 16    4 71    5 95    6 52    7 23    8 28    9 30   10  1   11 12   12 71   13 88   14 47   15 62   16 84   17 20   18 73   19 96   20 68 
   1 91    2 14    3 82    4 34    5 24    6 67    7 90    8 36    9 97   10 11   11 62   12 70   13 68   14 43   15 55   16 43   17 24   18 84   19 19   20 38 
   1 11    2 32    3 45    4 52    5 75    6 91    7 10    8 44    9  9   10 29   11 62   12  6   13 50   14 79   15 80   16  6   17 15   18 94   19 76   20 52 
   1 49    2 60    3 14    4 41    5  2    6 42    7 40    8 51    9 54   10 23   11 94   12 14   13 56   14 68   15 51   16 40   17 23   18 11   19 65   20 26 
   1 28    2 66    3  2    4  5    5 46    6  3    7 35    8 46    9 92   10 97   11 32   12 96   13 24   14 29   15 67   16 40   17 70   18 22   19 17   20 74 
   1  7    2 20    3 22    4 72    5  9    6 41    7 45    8 31    9 49   10 36   11 13   12 64   13 97   14 79   15 95   16 51   17 28   18 24   19 50   20 91 
   1 23    2 66    3 19    4 61    5  9    6 73    7 44    8 24    9 76   10 31   11 77   12 15   13 27   14 76   15 11   16 17   17 50   18 42   19 44   20 59 
   1 94    2 29    3 57    4 68    5 23    6 63    7 59    8 57    9 93   10 85   11  2   12 54   13 56   14 51   15 99   16 41   17 25   18 22   19 51   20 30 
   1 79    2 52    3 83    4 15    5 84    6 18    7 34    8 18    9 62   10 63   11 13   12 98   13 55   14 86   15 86   16 81   17 72   18 10   19  3   20  5 
   1 51    2 47    3 76    4 77    5 28    6 27    7 83    8 25    9 10   10  2   11  7   12 80   13 65   14 88   15 95   16  4   17 43   18 36   19 65   20 95 
   1 68    2 10    3 97    4 96    5 46    6 77    7 20    8 26    9 60   10  5   11 33   12 34   13 38   14 43   15 83   16 89   17  6   18 90   19  9   20 84 
   1  7    2 61    3 73    4 85    5  6    6  7    7 63    8 22    9 22   10 98   11 96   12 55   13 67   14 49   15 92   16 60   17 92   18 43   19 25   20 16 
   1 24    2 41    3 34    4 88    5 59    6 55    7 53    8 53    9 89   10 49   11 25   12 89   13 27   14 68   15  2   16 21   17  5   18 57   19 22   20 62 
   1 59    2 46    3 99    4 23    5 51    6 83    7 79    8 52    9 60   10 60   11 69   12 13   13  6   14 30   15 66   16 94   17 78   18 41   19 84   20 85 
   1 35    2  9    3 22    4 66    5 60    6 89    7 48    8 74    9 69   10 10   11 33   12 52   13 26   14 45   15 67   16 70   17 97   18 88   19 72   20 98 
   1 97    2 17    3 85    4 87    5 83    6 60    7 66    8 17    9 38   10 16   11 22   12 60   13 16   14  1   15 45   16 52   17 53   18 24   19 54   20 34 
   1 52    2 91    3 46    4 27    5 37    6 44    7 90    8 30    9 67   10 38   11 26   12 47   13 66   14 10   15 20   16 98   17 66   18 50   19 72   20 97 
   1 40    2  5    3 65    4 58    5 74    6 58    7 40    8 24    9 24   10 91   11 98   12 44   13 66   14  1   15 48   16 64   17  8   18  9   19  3   20  6 
   1 90    2 18    3 74    4 12    5 63    6 56    7 10    8 28    9 53   10 86   11 36   12 87   13  5   14 17   15 64   16 16   17 53   18 82   19  7   20 45 
   1 91    2 95    3 79    4 85    5 33    6 25    7 14    8 59    9 98   10 40   11 32   12 88   13 84   14 17   15 99   16 42   17 82   18 88   19 20   20 53 
   1 40    2 10    3 81    4 12    5 11    6 99    7 29    8 72    9 93   10 35   11 10   12 71   13 21   14 85   15 15   16  7   17 79   18 10   19 77   20 57 
   1 35    2 23    3 52    4 44    5 24    6 62    7 94    8 28    9 70   10 71   11 55   12 49   13 45   14 16   15 27   16 59   17 55   18 54   19 36   20 81 
   1 35    2 47    3 97    4  8    5 68    6 26    7 41    8 12    9 99   10 44   11 60   12 98   13 78   14 84   15 83   16 31   17 42   18 35   19 29   20 91 
   1 55    2 66    3 67    4 67    5 50    6  3    7 86    8 28    9 34   10 13   11  4   12  4   13 24   14 36   15 45   16 51   17 90   18  7   19 87   20 47 
   1 91    2 67    3 86    4 82    5 73    6  7    7 49    8 49    9 97   10 33   11 29   12 10   13 97   14 71   15 75   16 16   17 18   18 99   19 30   20 28 
   1 90    2 36    3 59    4 48    5 61    6 87    7 60    8 97    9 93   10 71   11 51   12 13   13 30   14 33   15 41   16 22   17  4   18 71   19  3   20 80 
   1 61    2 23    3 66    4 70    5 33    6 50    7 20    8 81    9 35   10 27   11 35   12 81   13 84   14 57   15 86   16 29   17 99   18  4   19 17   20 93 
   1 68    2 18    3 49    4 57    5 67    6 71    7 44    8 59    9 31   10 87   11 51   12 18   13 42   14 66   15 57   16 64   17 38   18 94   19 42   20 80 
   1 43    2 96    3 50    4 37    5 75    6 49    7 46    8 24    9  4   10 85   11 44   12  2   13 32   14  8   15 88   16 58   17 94   18 51   19 88   20 46 
   1 91    2 98    3 23    4  4    5 23    6 14    7 48    8 87    9 19   10 80   11 67   12 69   13 96   14 62   15 65   16 22   17 59   18  1   19 26   20 57 
   1 86    2 58    3 40    4 55    5 15    6 14    7 59    8 39    9 59   10 66   11 65   12 41   13 32   14 69   15 41   16 44   17 71   18 42   19 89   20 43 
   1  5    2 37    3 47    4 21    5 83    6 37    7 87    8 61    9 45   10  9   11 54   12 62   13 44   14 67   15 19   16 76   17 20   18 42   19 98   20 99 
   1 46    2 18    3 24    4 75    5 15    6 79    7  6    8 59    9 32   10 27   11 20   12 70   13 35   14 75   15 28   16 38   17 14   18  5   19 91   20 12 
   1 85    2 12    3 69    4 79    5 10    6 45    7 76    8 32    9 33   10  4   11 60   12 87   13 26   14 86   15 14   16 53   17 81   18 89   19 90   20 81 
   1 25    2 57    3 56    4 95    5  6    6 27    7 53    8 61    9 67   10 10   11 29   12 24   13 23   14 52   15 23   16 69   17 77   18 90   19 37   20 35 
   1 73    2 24    3 67    4 73    5 50    6 91    7 33    8 13    9 27   10 33   11 20   12 16   13 61   14 40   15 81   16 35   17 70   18 15   19 82   20 81 
   1 65    2 98    3 51    4 55    5 90    6 43    7 92    8 62    9 81   10 32   11 89   12 66   13 70   14 95   15 86   16 33   17 35   18 47   19 78   20 36 
   1 70    2 60    3 93    4 38    5 28    6 97    7 27    8 54    9 17   10 20   11 80   12 63   13 19   14 14   15 90   16  2   17 70   18 94   19 42   20 38 
   1  6    2 29    3 87    4 60    5 74    6 60    7 34    8 81    9 91   10 50   11 81   12 10   13 26   14 31   15 72   16 94   17  1   18 65   19 63   20 72 
   1 38    2 16    3 17    4 59    5 19    6 12    7 16    8 51    9  6   10 60   11 47   12 58   13 23   14 86   15 23   16 77   17 16   18 44   19 33   20 86 
   1 46    2 62    3 64    4 36    5 93    6 36    7 34    8 23    9 36   10 17   11 41   12 54   13 47   14 15   15 16   16 20   17  5   18  2   19 98   20 45 
   1 25    2 97    3 74    4 48    5 38    6 59    7 31    8 29    9 59   10 15   11  5   12 72   13 27   14 66   15 21   16 34   17 14   18 53   19 37   20 43 
   1 32    2 86    3 38    4  3    5 47    6 21    7 73    8 65    9 50   10 14   11 79   12 43   13 75   14  5   15 23   16 85   17 54   18 14   19 46   20 56 
   1 37    2 79    3 57    4 77    5 49    6 64    7 66    8 74    9 56   10  7   11 54   12 49   13 69   14 71   15 34   16 20   17 19   18 19   19 84   20 71 

