ta114
500 20
   1  3    2  7    3  2    4  7    5  3    6 65    7 72    8 74    9 37   10 39   11 55   12 82   13 63   14 41   15 90   16 36   17 44   18 15   19 23   20 74 
   1 94    2 25    3  4    4 65    5 50    6 83    7  6    8 53    9 13   10 63   11 67   12 81   13 80   14 86   15 80   16 46   17 92   18 73   19 58   20 26 
   1 39    2 58    3 77    4  9    5 40    6 85    7  6    8  6    9 97   10 87   11 45   12 98   13 51   14 51   15 18   16 21   17 45   18 27   19 75   20 12 
   1 10    2 38    3 40    4 30    5 99    6 52    7 43    8 11    9 98   10 30   11 76   12 87   13 44   14 90   15 36   16  9   17 61   18 51   19 44   20 41 
   1  2    2 62    3  9    4 75    5 69    6 19    7 62    8 29    9 79   10  8   11 37   12 38   13 20   14 30   15 26   16 30   17 90   18 13   19  5   20 16 
   1 66    2 91    3 13    4  3    5 28    6 65    7 89    8 39    9 86   10 86   11 91   12 60   13 27   14 95   15 79   16 59   17 79   18 66   19  2   20 50 
   1 26    2 40    3 19    4 79    5 92    6 52    7  2    8 99    9 90   10 71   11 20   12 54   13 47   14 55   15 61   16 46   17 18   18 75   19  2   20 25 
   1  6    2 17    3 80    4 92    5 41    6 98    7 66    8 41    9  1   10 42   11 46   12 50   13 26   14 37   15 25   16 75   17 19   18 14   19 77   20 87 
   1 83    2 22    3 91    4 65    5 26    6 52    7 17    8 33    9 59   10 27   11 36   12 51   13 34   14 53   15 85   16 68   17 62   18 96   19 41   20 82 
   1 12    2 22    3 95    4 68    5 54    6 81    7 28    8 48    9 67   10 83   11 34   12 24   13 11   14 41   15  6   16 97   17 45   18 94   19 52   20 98 
   1 16    2 18    3 63    4 32    5 81    6  9    7 88    8  7    9 26   10 16   11 68   12 27   13 28   14 61   15 22   16 30   17 72   18 90   19 89   20 60 
   1 52    2 79    3 28    4 68    5 87    6 29    7 89    8 34    9 59   10 80   11 60   12 85   13 80   14 10   15 55   16 92   17 28   18 65   19 97   20 52 
   1 89    2 11    3 83    4 53    5 28    6 73    7 82    8 30    9 23   10 64   11 61   12 19   13 16   14 95   15 81   16 29   17 49   18 81   19 45   20 98 
   1 65    2 76    3 73    4 59    5 18    6 45    7 31    8 57    9 47   10 29   11 44   12 87   13 46   14  5   15 62   16  4   17 45   18 93   19 72   20 50 
   1 48    2  4    3 75    4 33    5 28    6 81    7 30    8 97    9 27   10 63   11 92   12 65   13 86   14 39   15 40   16 55   17 29   18  7   19 52   20 19 
   1 69    2 61    3 93    4 29    5 62    6 95    7 96    8 64    9  8   10 32   11 47   12 99   13 67   14 13   15 75   16 46   17 49   18 63   19  3   20 70 
   1 11    2 51    3 97    4 91    5 12    6  3    7 53    8 30    9 92   10 41   11 92   12 89   13 23   14 25   15  9   16 13   17 60   18 23   19 60   20 40 
   1 39    2 30    3 91    4 20    5 38    6 38    7 98    8 80    9 34   10 77   11 36   12 29   13 96   14 38   15 28   16 54   17 84   18 25   19 74   20 64 
   1 51    2 26    3  3    4 25    5 68    6 56    7 77    8 71    9 45   10 12   11 64   12 15   13 56   14 59   15 57   16 47   17 57   18 98   19 10   20 20 
   1 46    2 55    3 89    4 15    5  2    6 70    7 61    8 32    9 98   10 93   11 55   12 64   13 18   14 85   15 48   16 74   17 47   18 94   19  1   20 39 
   1 50    2 13    3 48    4 65    5 55    6 32    7 66    8 64    9 56   10 97   11 15   12 45   13  3   14 51   15 45   16 96   17 37   18  6   19 52   20 70 
   1 98    2 35    3 35    4 35    5 10    6  4    7 26    8  4    9 42   10 61   11 34   12 54   13 68   14 79   15  2   16  7   17 93   18  7   19 13   20 90 
   1 32    2 65    3 76    4 37    5 65    6 26    7 43    8 49    9 95   10 89   11 82   12 40   13 26   14 83   15 70   16 13   17 34   18 49   19 48   20 35 
   1 91    2 53    3 68    4 68    5 81    6  1    7 49    8 81    9 32   10 44   11 92   12 49   13 49   14 71   15 33   16  8   17 87   18 81   19 95   20 41 
   1 65    2 82    3 76    4 49    5 29    6 15    7 43    8 65    9 97   10 73   11 39   12 39   13 19   14 50   15 33   16 27   17 57   18 75   19 47   20 62 
   1 29    2 69    3 10    4 39    5 11    6 91    7 12    8 15    9 82   10 92   11 17   12 71   13 76   14 36   15 31   16 16   17 72   18  4   19 80   20 32 
   1 48    2 28    3 81    4 68    5 12    6 87    7 17    8 65    9 23   10  4   11 51   12 62   13 22   14 48   15 33   16 76   17 39   18 85   19 66   20  8 
   1 14    2 93    3 25    4 11    5 99    6 97    7 92    8 63    9 38   10 84   11  2   12 55   13 78   14 12   15  3   16 29   17 26   18 55   19 42   20 93 
   1 83    2 37    3 96    4 48    5 59    6 97    7 12    8  1    9 31   10 72   11 16   12 67   13 53   14 92   15 67   16 75   17 17   18 88   19  1   20 12 
   1 20    2 32    3  6    4 60    5 22    6 45    7 96    8 66    9 54   10 44   11 34   12 94   13 51   14 53   15 97   16  4   17 31   18 36   19 43   20 66 
   1 78    2 51    3 17    4  1    5  2    6 36    7 45    8 17    9 69   10 98   11 21   12 22   13 98   14 16   15 40   16  2   17 75   18 68   19 34   20 47 
   1 22    2  4    3 43    4 24    5 51    6 76    7 22    8 62    9 59   10 35   11 85   12 87   13 82   14 78   15 71   16 45   17 35   18 27   19 58   20 59 
   1 89    2 38    3 30    4 76    5 96    6 70    7 41    8 36    9 24   10 69   11 86   12 74   13 89   14  7   15 18   16 81   17 96   18 99   19 67   20 75 
   1 15    2  7    3 90    4  9    5 43    6 53    7 86    8 54    9 69   10  4   11  3   12 63   13 76   14 75   15 58   16 70   17 77   18 90   19 33   20 19 
   1 85    2 28    3 91    4 63    5 26    6 36    7 13    8 73    9 20   10 37   11  7   12 21   13 92   14 99   15 32   16 70   17 34   18 26   19 43   20 40 
   1 60    2 22    3 94    4 69    5 67    6 86    7 62    8 90    9 87   10 60   11 34   12 35   13 87   14 27   15 78   16 18   17 33   18 29   19 94   20 54 
   1 93    2 77    3 83    4  4    5 32    6 52    7 44    8 34    9 12   10 85   11 69   12 72   13 58   14  9   15 17   16 79   17 96   18 47   19 77   20 78 
   1 18    2 71    3 67    4 77    5 26    6 18    7 10    8 97    9 92   10 70   11 80   12  9   13 19   14 31   15 48   16 29   17 61   18 45   19 18   20 36 
   1  6    2 52    3 64    4 72    5 82    6 74    7 73    8 71    9 48   10 30   11  1   12 37   13 43   14  8   15 57   16 49   17 51   18 12   19 34   20 92 
   1 36    2 46    3 17    4 38    5  1    6 31    7  3    8 88    9 59   10 26   11 49   12 79   13 61   14 42   15 27   16 29   17 50   18 72   19 88   20 96 
   1  7    2  5    3  9    4 51    5 96    6 69    7 54    8 36    9 15   10 34   11 57   12 61   13 54   14  1   15 20   16 40   17 96   18 83   19 76   20 68 
   1 99    2 17    3 15    4 73    5 43    6 79    7 24    8 88    9 50   10 61   11 92   12 67   13 32   14 31   15  7   16 28   17 13   18  2   19  9   20 64 
   1 41    2 48    3 94    4 83    5 39    6 67    7 56    8 12    9 41   10 55   11 79   12  2   13 25   14 85   15 57   16 92   17 58   18 62   19 80   20 95 
   1 36    2 71    3 49    4 46    5 85    6 19    7 21    8 11    9 33   10 10   11 63   12 36   13 15   14 91   15 18   16 39   17 73   18 40   19 67   20 78 
   1 81    2 43    3 51    4 23    5 19    6 77    7 33    8 86    9 90   10 72   11 59   12 51   13 18   14 34   15 68   16 79   17 24   18 78   19 91   20 54 
   1 61    2 15    3 64    4 15    5 70    6 37    7 17    8 49    9 37   10 45   11 25   12  4   13 34   14 49   15 73   16 22   17  6   18 26   19 33   20 35 
   1 72    2 59    3 30    4 55    5 71    6 93    7 50    8 90    9 57   10 63   11 85   12 76   13 28   14 90   15 93   16 68   17 36   18  3   19 15   20 98 
   1 59    2 85    3 69    4 12    5 59    6 13    7 68    8 48    9 11   10 18   11 84   12 30   13 33   14 66   15 64   16 97   17 78   18 42   19  4   20 57 
   1 90    2 31    3 18    4 13    5 86    6 34    7 44    8 74    9 89   10 30   11 55   12 51   13 24   14 81   15  7   16 88   17 22   18 63   19  5   20 68 
   1 53    2 76    3 95    4 41    5 65    6 11    7 39    8 19    9 27   10 54   11 28   12 65   13 16   14 90   15 98   16 44   17 28   18 44   19 72   20 69 
   1  5    2 63    3 57    4 43    5 24    6 89    7 87    8 31    9 32   10 71   11 87   12  9   13 74   14 26   15 26   16 44   17 54   18  5   19  1   20 48 
   1 85    2  6    3 53    4 70    5 26    6 92    7 69    8 21    9 58   10 33   11 12   12 61   13 88   14 57   15  8   16 44   17 97   18 86   19 99   20 12 
   1 81    2 71    3 33    4 92    5 92    6 11    7 23    8 69    9 94   10 12   11 86   12 55   13 74   14  5   15  7   16 35   17 91   18 58   19 35   20 16 
   1 65    2 10    3 49    4 75    5 36    6 57    7 14    8 73    9 19   10 89   11 80   12 87   13 82   14 79   15 65   16 97   17 25   18  9   19 92   20 54 
   1 81    2 83    3 58    4 10    5 19    6 96    7 46    8 81    9 32   10 82   11 37   12  3   13 71   14  3   15 99   16 27   17 43   18 94   19 58   20 87 
   1 74    2 50    3 94    4 60    5 18    6 15    7 29    8 49    9  6   10 34   11 59   12 43   13 81   14 97   15 49   16 33   17 62   18 94   19 26   20 80 
   1 62    2 55    3 13    4 61    5 69    6 25    7 80    8  4    9 10   10  8   11 39   12 89   13  7   14 31   15 82   16 88   17 83   18 45   19 79   20 46 
   1 96    2  6    3 73    4 37    5  9    6 91    7 32    8 68    9 21   10 23   11  8   12 58   13 63   14  2   15 26   16 99   17 14   18 88   19 74   20 76 
   1 54    2 90    3 20    4 69    5 14    6 89    7 70    8 23    9 31   10 67   11 80   12 52   13 71   14 35   15 42   16 79   17 39   18  1   19 49   20 81 
   1 63    2 17    3 39    4 45    5 58    6 42    7 42    8 78    9 65   10 84   11 37   12  3   13 25   14 23   15 40   16 65   17 84   18 85   19 59   20 51 
   1 32    2  7    3 83    4 23    5 99    6 28    7 55    8 86    9 45   10 16   11 50   12 21   13 44   14 37   15  8   16 17   17 13   18 59   19 95   20 14 
   1 49    2 35    3 95    4 93    5 88    6 32    7 75    8  3    9 34   10 66   11 76   12 81   13 53   14 44   15  7   16  8   17 49   18 63   19 66   20 31 
   1 76    2 84    3 68    4 26    5 40    6 71    7 24    8 95    9 70   10 90   11 53   12 33   13  1   14 50   15 16   16 88   17 45   18 59   19 87   20 95 
   1 85    2 85    3 53    4 80    5 32    6 21    7 34    8 48    9  5   10 71   11  3   12 21   13 21   14 66   15 66   16 60   17 43   18 42   19 13   20 34 
   1 70    2 88    3 32    4 54    5 95    6 42    7 87    8 28    9  9   10 48   11 68   12 53   13 84   14 25   15 62   16 77   17 37   18 86   19 75   20 51 
   1 13    2 73    3 14    4 79    5  5    6 75    7 71    8  8    9  9   10 45   11 11   12 95   13 77   14 79   15 79   16 99   17 90   18 91   19 99   20 47 
   1 28    2  5    3 37    4 56    5 35    6 90    7 80    8 66    9 41   10 99   11 69   12 80   13 94   14 22   15 60   16 93   17 67   18 54   19 72   20 12 
   1 87    2 93    3 10    4  2    5 47    6  5    7 37    8 72    9 34   10 14   11 57   12  7   13  3   14 64   15 63   16 73   17 60   18 14   19 15   20 42 
   1 64    2 14    3 68    4 88    5 90    6  6    7 35    8 77    9 27   10 74   11 74   12 35   13 22   14 16   15 75   16 44   17 97   18 98   19 92   20 31 
   1 90    2 13    3 41    4 42    5 63    6 37    7 90    8 80    9 35   10 59   11 94   12 79   13  3   14 86   15 84   16 94   17 68   18  5   19 35   20 31 
   1 84    2  4    3 26    4 56    5 42    6 19    7 42    8 75    9 51   10 46   11  7   12 61   13 65   14 95   15 32   16 78   17 24   18 65   19 49   20 99 
   1 31    2 70    3 90    4 25    5 77    6  3    7 38    8 50    9 44   10 62   11 76   12 15   13 58   14 83   15 67   16 85   17 11   18 73   19 55   20 68 
   1  3    2 74    3  3    4 97    5  8    6  2    7 45    8 32    9 53   10 72   11 91   12 80   13  5   14 75   15 53   16 93   17 68   18 23   19 57   20 27 
   1 87    2  6    3 92    4 21    5 15    6 27    7 60    8 60    9 43   10 97   11 49   12 22   13  1   14 19   15 69   16 23   17 25   18 69   19 75   20 40 
   1 89    2 31    3 95    4 72    5 30    6 29    7 39    8 24    9 92   10 30   11  6   12 91   13 15   14 98   15 11   16 12   17  2   18 73   19 54   20 97 
   1 77    2 74    3 66    4 73    5 60    6 23    7 93    8 40    9 86   10 53   11 80   12 91   13 74   14 42   15 28   16 81   17  5   18 78   19  2   20 51 
   1 31    2  8    3 14    4 69    5 50    6 91    7 92    8 92    9  4   10 30   11 70   12 88   13 83   14 12   15 93   16  5   17 40   18 75   19  8   20 96 
   1 79    2 34    3 61    4 60    5 17    6 10    7 35    8 23    9 30   10 47   11  5   12 12   13 56   14 62   15 54   16 73   17 67   18 75   19 25   20 96 
   1 72    2 74    3 73    4 79    5 14    6 61    7 47    8 22    9 38   10 79   11 36   12 69   13 24   14 66   15 76   16 51   17 23   18 24   19 37   20 73 
   1 89    2 99    3 18    4 14    5 82    6 18    7 57    8 70    9 77   10 41   11 45   12 89   13 21   14 65   15 93   16 78   17 99   18 71   19 71   20 98 
   1 48    2 64    3 31    4 99    5 80    6 31    7 63    8 74    9 93   10 73   11 62   12 62   13 22   14 70   15 67   16 80   17 73   18 78   19 83   20 77 
   1 94    2 35    3 10    4  5    5 55    6 33    7 46    8 48    9 26   10 81   11 26   12 51   13 88   14 55   15 81   16  7   17 29   18 23   19 20   20 29 
   1 59    2 84    3 87    4  4    5 34    6 18    7 68    8 84    9 27   10 22   11 55   12 30   13 20   14 70   15 52   16 57   17 11   18 45   19 96   20 78 
   1 20    2 49    3 84    4 73    5 37    6 45    7 14    8 84    9 82   10 37   11 13   12 40   13 75   14 16   15  3   16 49   17 94   18 60   19 54   20 63 
   1 16    2 97    3 29    4 49    5  6    6 35    7 31    8  5    9 65   10 23   11 38   12 90   13 56   14 81   15 38   16 95   17 27   18 14   19 37   20 16 
   1 35    2 87    3 61    4 66    5 47    6  6    7 30    8 51    9 11   10 92   11 53   12 26   13 55   14 26   15 69   16 85   17 90   18 52   19 83   20 71 
   1 44    2 38    3 84    4 81    5 48    6 58    7 86    8 10    9 69   10 17   11 48   12 69   13 71   14 32   15 15   16 26   17 62   18  8   19 59   20 86 
   1 57    2 13    3 46    4 74    5 31    6 91    7 82    8 45    9  5   10 28   11 69   12 30   13 28   14 34   15 98   16 72   17 34   18  3   19 96   20 43 
   1 62    2 71    3 33    4 33    5 57    6 44    7 24    8  9    9  9   10 73   11 30   12 74   13 77   14 27   15 68   16  4   17 22   18 55   19 88   20  2 
   1 73    2 81    3 41    4 14    5 19    6 18    7 89    8 75    9 33   10 15   11 17   12 19   13 55   14 61   15 53   16 32   17 97   18 25   19  7   20 36 
   1 36    2 83    3 32    4 76    5 72    6 79    7 57    8 43    9 60   10 19   11 85   12  6   13 43   14 82   15 11   16 59   17 44   18 11   19 58   20 68 
   1 79    2 16    3 45    4 66    5  4    6 73    7 68    8 44    9 83   10 76   11 70   12 83   13 69   14 42   15 43   16 35   17 21   18 26   19  6   20 55 
   1 79    2 37    3 35    4 78    5 86    6  1    7 16    8  2    9 21   10  5   11 17   12 63   13 42   14 89   15 85   16 75   17 16   18 81   19 54   20 34 
   1 83    2 58    3 61    4 24    5 61    6 68    7 93    8 17    9 85   10 27   11 71   12 59   13 97   14 39   15 39   16 68   17 15   18 67   19  9   20 73 
   1 40    2 83    3 33    4  8    5 43    6 37    7 80    8 90    9 79   10  7   11 62   12 42   13 72   14 42   15 68   16 13   17  5   18 38   19 27   20 99 
   1 35    2 97    3 52    4  6    5 74    6 35    7 74    8 95    9 91   10 69   11 55   12  9   13 84   14 69   15 91   16 51   17 45   18 78   19  2   20 51 
   1 69    2 55    3  8    4 66    5 54    6 98    7 72    8 61    9 73   10 62   11 24   12 22   13 25   14 52   15 23   16  3   17 59   18 47   19 39   20 56 
   1 75    2 79    3 93    4 58    5 22    6 49    7  9    8 42    9 43   10 26   11 61   12  2   13 45   14  5   15 57   16 12   17 14   18 12   19 61   20 94 
   1 71    2 53    3 58    4 48    5 86    6 96    7 95    8  3    9 47   10 19   11 11   12 95   13 93   14  1   15 63   16 19   17 11   18 12   19 31   20 58 
   1 88    2 90    3 96    4 96    5 68    6 98    7 45    8 70    9  7   10 60   11 31   12 55   13 61   14 37   15 38   16  5   17 93   18 38   19 27   20 85 
   1 92    2 93    3 92    4 31    5 95    6 82    7 83    8 38    9 45   10 81   11 20   12 19   13 92   14  9   15  4   16 55   17  6   18 77   19 35   20 25 
   1 13    2 86    3 55    4  9    5 64    6 58    7 40    8 62    9 90   10 58   11 99   12 24   13 31   14 64   15 95   16 74   17 18   18  7   19 28   20 20 
   1 40    2 58    3 12    4 79    5 69    6 16    7 32    8 20    9  5   10 24   11 52   12  8   13 81   14 72   15 77   16  5   17 74   18  8   19  1   20 60 
   1 67    2 16    3 88    4 59    5 46    6 80    7 90    8 96    9 49   10 25   11 83   12 80   13  2   14 47   15 84   16 49   17 63   18 61   19  2   20 56 
   1 27    2 87    3 75    4 12    5 94    6 29    7 13    8 84    9 76   10 78   11 94   12 93   13 69   14 67   15 45   16 69   17 57   18 85   19 31   20 71 
   1 88    2 65    3 24    4 81    5 79    6 57    7 88    8  1    9 54   10 43   11 74   12 34   13 55   14  1   15 36   16 37   17 17   18 38   19 28   20 38 
   1 27    2 88    3 24    4 53    5 60    6 94    7 74    8 75    9 69   10 73   11 25   12 68   13 25   14  4   15 52   16 54   17 68   18 82   19 56   20  7 
   1 89    2 29    3 53    4 96    5 65    6 62    7 67    8 22    9  2   10 83   11 95   12 81   13 91   14  5   15 55   16 32   17 77   18 45   19 45   20 34 
   1 45    2 43    3 75    4 89    5  3    6 67    7 63    8  5    9 19   10 84   11 62   12  7   13  4   14 54   15 50   16 97   17 78   18 62   19 36   20 89 
   1 24    2 25    3  5    4 12    5 45    6 73    7  4    8 63    9 39   10 59   11 93   12 45   13 92   14 97   15 29   16 80   17 86   18 12   19 10   20 92 
   1 89    2 52    3 27    4 57    5 44    6 31    7 70    8 60    9 80   10 34   11 39   12 20   13 18   14 70   15 80   16  3   17 73   18 78   19 46   20 66 
   1 45    2 24    3 75    4 99    5 31    6 90    7 87    8 50    9 98   10 89   11 87   12 17   13 11   14 53   15 72   16 26   17 48   18  6   19  6   20 70 
   1  9    2 80    3 16    4 55    5 15    6 19    7 72    8 97    9 18   10  1   11 23   12 21   13 81   14 55   15 89   16 95   17 89   18 30   19 67   20 13 
   1 90    2 61    3 30    4 28    5 25    6 34    7 38    8 19    9 94   10  7   11  5   12 35   13 91   14 58   15 76   16 80   17 13   18 56   19 29   20  6 
   1 98    2 28    3 78    4 26    5 75    6 10    7 48    8 47    9 77   10 21   11 19   12 10   13 57   14 55   15 95   16 22   17 72   18 72   19  8   20  5 
   1 44    2  4    3 70    4 26    5 69    6 74    7 91    8 55    9 76   10 93   11 68   12 41   13 72   14 57   15 48   16 37   17 27   18 12   19 92   20 14 
   1 26    2 24    3  1    4 22    5 15    6 52    7 60    8  7    9 73   10 51   11 58   12 19   13 68   14 58   15 27   16 68   17 51   18  8   19 72   20 71 
   1 19    2 53    3  5    4 24    5 27    6 86    7 31    8 82    9 79   10  7   11 77   12 51   13 65   14 66   15 43   16 58   17 64   18 10   19 15   20 77 
   1 71    2 62    3 55    4  1    5 55    6 82    7 99    8 87    9 15   10 23   11 56   12 98   13 53   14  9   15 90   16 98   17 44   18 66   19 65   20 97 
   1 29    2 65    3 17    4 75    5 13    6 29    7 52    8 20    9 83   10 61   11 98   12 13   13 45   14 18   15 33   16 28   17 69   18 99   19 27   20 18 
   1 98    2 82    3 56    4 64    5 30    6  9    7  8    8 64    9  4   10 81   11 70   12 80   13 10   14 28   15 10   16 37   17 23   18 94   19 46   20 27 
   1 70    2  3    3 73    4 13    5 44    6 34    7 91    8 29    9  7   10 69   11 97   12 23   13 28   14 37   15  7   16  9   17 87   18 58   19  2   20 32 
   1 62    2  9    3 58    4 94    5 98    6 59    7  5    8 36    9 95   10 84   11 10   12 81   13 92   14 74   15 13   16 61   17 61   18 65   19 73   20 61 
   1 49    2 46    3 79    4 95    5 45    6 13    7 59    8 20    9  3   10 47   11 57   12 85   13 14   14 32   15 84   16 77   17 80   18 54   19 19   20 14 
   1 27    2 80    3 74    4 15    5  1    6 77    7 92    8 80    9 13   10 92   11 74   12 72   13 82   14 54   15 35   16 27   17 30   18 26   19 44   20 52 
   1 28    2  7    3 93    4  3    5 91    6 78    7 25    8 26    9 90   10 26   11 17   12  1   13 32   14 63   15 11   16 21   17 63   18 10   19 28   20 90 
   1 49    2 52    3 40    4 30    5 50    6 54    7 42    8  2    9 21   10 85   11 86   12  3   13 92   14 15   15 12   16  1   17 97   18 64   19 61   20 94 
   1 45    2 19    3 53    4 76    5 21    6 51    7  2    8 45    9 73   10 98   11 38   12 72   13 79   14 29   15 19   16 70   17 86   18 55   19 14   20 49 
   1 90    2 59    3 15    4 18    5 90    6 77    7 68    8  2    9 56   10 38   11 99   12 11   13 65   14 99   15 51   16 24   17 98   18 49   19 40   20 93 
   1 98    2 96    3 33    4 66    5 26    6 83    7 89    8 50    9 15   10 25   11 86   12 97   13  9   14 54   15 62   16 83   17 64   18 98   19 83   20 68 
   1 49    2 29    3 75    4 15    5 29    6 51    7 23    8 63    9 92   10 90   11 30   12 94   13 37   14  6   15 10   16 96   17 66   18 98   19 41   20 53 
   1 82    2 19    3 42    4 10    5 30    6 51    7  3    8 26    9 70   10 43   11 15   12 62   13  5   14 43   15 39   16  5   17 68   18 17   19 55   20 57 
   1 25    2 32    3 56    4 10    5 64    6 27    7 45    8 78    9  5   10 16   11 30   12  8   13 93   14 34   15 84   16 15   17 83   18 16   19 68   20 15 
   1 73    2 36    3 95    4 51    5 76    6 73    7 94    8 58    9 30   10  8   11 59   12 78   13 39   14 12   15  9   16 74   17 87   18 11   19 57   20 59 
   1 54    2  2    3 59    4 59    5 18    6 18    7 53    8 85    9 17   10 99   11 54   12  1   13 97   14 91   15 94   16 87   17 82   18 59   19 14   20 11 
   1 52    2 16    3 56    4 56    5 93    6 79    7 91    8 26    9 77   10 50   11 14   12 43   13 67   14 87   15  6   16 15   17 42   18 69   19 16   20 94 
   1 25    2 67    3 96    4 88    5 52    6 71    7 46    8 80    9 20   10 98   11  1   12 84   13  5   14 29   15 81   16  1   17 42   18 11   19 37   20 79 
   1 80    2 11    3 20    4 63    5 11    6 85    7 34    8 52    9 35   10 40   11 38   12 27   13 68   14 53   15 59   16 25   17 45   18 33   19  9   20 46 
   1 30    2 16    3 41    4 34    5 16    6 22    7 54    8 90    9 81   10 10   11 91   12  8   13 35   14  7   15 29   16 32   17 34   18 49   19 44   20 67 
   1 86    2 21    3 77    4 33    5 99    6 24    7 28    8 13    9 82   10 31   11 35   12 69   13 36   14 72   15 30   16 66   17 30   18 32   19 60   20 49 
   1 70    2 81    3 81    4 98    5 10    6  3    7  9    8 98    9 65   10  6   11  3   12 14   13 67   14 90   15 93   16 51   17  7   18 21   19 21   20 33 
   1 12    2 16    3 56    4 41    5  6    6 33    7 48    8 69    9 10   10 63   11 61   12 10   13 66   14 12   15 53   16 86   17 64   18 30   19 69   20 17 
   1  5    2 69    3 57    4 98    5 56    6 54    7 54    8 49    9 30   10 20   11 98   12 70   13 54   14 98   15 19   16 35   17 30   18 23   19 75   20 90 
   1 69    2 40    3 75    4 99    5 18    6 49    7 12    8  5    9 90   10 17   11 81   12 66   13 55   14 15   15 47   16 93   17 95   18  8   19 55   20 36 
   1 49    2 65    3 59    4  3    5 56    6 65    7 58    8 88    9 74   10  5   11 32   12 44   13 17   14 57   15 24   16 34   17 98   18  6   19 43   20 38 
   1 45    2 71    3 30    4 87    5 79    6 59    7 52    8  7    9  8   10 12   11 93   12 10   13 19   14 86   15 95   16 28   17 79   18 89   19 83   20 23 
   1  9    2 27    3 75    4 29    5 48    6 39    7 27    8 82    9 38   10 88   11 21   12 79   13 27   14 97   15 55   16 59   17  4   18 60   19 87   20 28 
   1 50    2 23    3 83    4 19    5 25    6 35    7 21    8 25    9  4   10 37   11 40   12 75   13 39   14 69   15 45   16 51   17 45   18 30   19 30   20 88 
   1 31    2 16    3 72    4 46    5 86    6 29    7 84    8 46    9 60   10 64   11 11   12 90   13 26   14 67   15  4   16 75   17 50   18 87   19 63   20 27 
   1  8    2 61    3 52    4 43    5 29    6 51    7 19    8 92    9 34   10 44   11 72   12 10   13 55   14 62   15 33   16 50   17 65   18 61   19 30   20 62 
   1  1    2 19    3 35    4 22    5  2    6  2    7 91    8  3    9 49   10 87   11 45   12 94   13 63   14 62   15 45   16 10   17 74   18 29   19 21   20 92 
   1 59    2 70    3 92    4 51    5 46    6 90    7 17    8 10    9 43   10 26   11 38   12 15   13 23   14 76   15 54   16 71   17 96   18 12   19 47   20 48 
   1 56    2 52    3 20    4 93    5 28    6 93    7 37    8 49    9 88   10 97   11 11   12 65   13  7   14 46   15 95   16  7   17 70   18 15   19 63   20 87 
   1 15    2  8    3 95    4 21    5 24    6 58    7 85    8 31    9 23   10 91   11 48   12 36   13 53   14 56   15 78   16 22   17  6   18 42   19 59   20 80 
   1 67    2 28    3 40    4 90    5 37    6 58    7 76    8 80    9  4   10 37   11 96   12 20   13 56   14 87   15 65   16 39   17 46   18 27   19 34   20 94 
   1 87    2 11    3  7    4 64    5 50    6 16    7 72    8 89    9 56   10 84   11 83   12 53   13 85   14 33   15 28   16 71   17 16   18 62   19 27   20 72 
   1 64    2  6    3 55    4 44    5 64    6 33    7 26    8 43    9 52   10 64   11  7   12 76   13 30   14 73   15 11   16 57   17 88   18 28   19 79   20 71 
   1 95    2 29    3 31    4 21    5  7    6 56    7 10    8 44    9 42   10  7   11 78   12 79   13 69   14 19   15 16   16 67   17 84   18 89   19 60   20 45 
   1 16    2 87    3 18    4 58    5 14    6 10    7 58    8 84    9 61   10 52   11 14   12 40   13 48   14 19   15 85   16 23   17 19   18 36   19 70   20  8 
   1 73    2 93    3 68    4  2    5 90    6  7    7 27    8 89    9  3   10 34   11  8   12 43   13 51   14 38   15 15   16 39   17 93   18 69   19 11   20  4 
   1 58    2 34    3 71    4 47    5 57    6 49    7 13    8 23    9 98   10 19   11 79   12 65   13  8   14 42   15 72   16 84   17 27   18 95   19 91   20 74 
   1 40    2 23    3 20    4 16    5 85    6 78    7 59    8 42    9 78   10 61   11 71   12  6   13 33   14 69   15 91   16 16   17 73   18 96   19 57   20 74 
   1 32    2 20    3 45    4 60    5 10    6 83    7 42    8 63    9 91   10 21   11 21   12 82   13  8   14 87   15 46   16 47   17 72   18 31   19  8   20 14 
   1 69    2 76    3 34    4 32    5 25    6 49    7 72    8 66    9 48   10 96   11 23   12 88   13 51   14 15   15 64   16 61   17 36   18 72   19 65   20 33 
   1  5    2  8    3  9    4 18    5 49    6 97    7 71    8 39    9 63   10 88   11 58   12 59   13 35   14 75   15 44   16 55   17 60   18 46   19 57   20 52 
   1 41    2 15    3  4    4 56    5 11    6 73    7 94    8 88    9 80   10 41   11 91   12  2   13 20   14 68   15 60   16 27   17 11   18 11   19 94   20 54 
   1 76    2 77    3 54    4 33    5 50    6 14    7 39    8 78    9 65   10 52   11 10   12 97   13 62   14 46   15  4   16 73   17 37   18 51   19 73   20 50 
   1 77    2 88    3 24    4 82    5 51    6 92    7 77    8 53    9 41   10 63   11  1   12 95   13 23   14 13   15 63   16 42   17 60   18 12   19 83   20 36 
   1 74    2 41    3 34    4 80    5 14    6  1    7  3    8  4    9 64   10 70   11 97   12 60   13 55   14 24   15 95   16 50   17 93   18 93   19 90   20 81 
   1  7    2 57    3 43    4 13    5 96    6 27    7 12    8 76    9 94   10 28   11 80   12 67   13 76   14 37   15  9   16 22   17 66   18 42   19 12   20 51 
   1 33    2 54    3 24    4 72    5 15    6 22    7 23    8 56    9 41   10 85   11  3   12 64   13 45   14 93   15 70   16 98   17 27   18 19   19 18   20 63 
   1 18    2 20    3 43    4  6    5 52    6 73    7 83    8 97    9 44   10 80   11 43   12 38   13 98   14 80   15 97   16 80   17 81   18 41   19 59   20 23 
   1 13    2 73    3 96    4  7    5 75    6 96    7 20    8 93    9 65   10 88   11 49   12 42   13 77   14 82   15 65   16 35   17 20   18  3   19 34   20 35 
   1  8    2 29    3 49    4 52    5 41    6 33    7 71    8 96    9  6   10 57   11 54   12 14   13 68   14 98   15 53   16 12   17 39   18 60   19 62   20  8 
   1 29    2 91    3 78    4 70    5 84    6 79    7 48    8 59    9 63   10  9   11 58   12  5   13 79   14 60   15 12   16 24   17 40   18 39   19 68   20 35 
   1 45    2 52    3 56    4 18    5 34    6 40    7 81    8 77    9 88   10 67   11 92   12 17   13 61   14 24   15 77   16 69   17 10   18 75   19 88   20 33 
   1 81    2 51    3 65    4 71    5 48    6 27    7 62    8 62    9 33   10 10   11 31   12 80   13 61   14 51   15 82   16 85   17 96   18 44   19 69   20 95 
   1 46    2 96    3 59    4 56    5 58    6 19    7 49    8 28    9 33   10 60   11 48   12 84   13 70   14 81   15 60   16 61   17 80   18 34   19 42   20 33 
   1 18    2 32    3 65    4 73    5 84    6 85    7 41    8 88    9 61   10 31   11 14   12 77   13 70   14 60   15 39   16 32   17 81   18 23   19 27   20 18 
   1 55    2 70    3  3    4 91    5 38    6 63    7 11    8 19    9 98   10 44   11 62   12 89   13 68   14  1   15 34   16 42   17  2   18 12   19 44   20 83 
   1 22    2 17    3 46    4 95    5 98    6 15    7 75    8 80    9 72   10 70   11 20   12 66   13 40   14 77   15 45   16 42   17 64   18 97   19  2   20 69 
   1 69    2 45    3 51    4 20    5 89    6 45    7 23    8 88    9  4   10 23   11 79   12 23   13 48   14 95   15  6   16 22   17 46   18 76   19 10   20 39 
   1 28    2 75    3 97    4 54    5 19    6 46    7 94    8 79    9 53   10 41   11 20   12 49   13 20   14 15   15 16   16 79   17 59   18 58   19 16   20 29 
   1  5    2  7    3 93    4 10    5  8    6 35    7 74    8 63    9 16   10 73   11  8   12 40   13 97   14 85   15 98   16 80   17 95   18 16   19 35   20 63 
   1  9    2 46    3 18    4 72    5 82    6 21    7 64    8 14    9 13   10 75   11 72   12 31   13 89   14 31   15 20   16 95   17 95   18 25   19 92   20 21 
   1 65    2 69    3 54    4 26    5 36    6  5    7 17    8 20    9 77   10 43   11 28   12 45   13 63   14 54   15 96   16 24   17 17   18  6   19 30   20 17 
   1 42    2 95    3 81    4 29    5 97    6 16    7 81    8 82    9 51   10 12   11 51   12 42   13 91   14 78   15 40   16  3   17 33   18 23   19 16   20 67 
   1 57    2 52    3 84    4 52    5 93    6 11    7 83    8 94    9 52   10 15   11 72   12 22   13 50   14 25   15 90   16 68   17  1   18 64   19  2   20 95 
   1 25    2 83    3 79    4 21    5 86    6 94    7 98    8 46    9 87   10 79   11 99   12  7   13 50   14 31   15  8   16 80   17 24   18 43   19 41   20 79 
   1 29    2  1    3 51    4 95    5 91    6 79    7  2    8 36    9 42   10  4   11 54   12 54   13 87   14 89   15 78   16 11   17 14   18  7   19  3   20 40 
   1 30    2 40    3 21    4 12    5 75    6 15    7 67    8 21    9 10   10 30   11 87   12 33   13  5   14 29   15  2   16  8   17 22   18 91   19 71   20 89 
   1 90    2 91    3 17    4  2    5 57    6 47    7 95    8 50    9 43   10 94   11 56   12 71   13 38   14 48   15 10   16 89   17 52   18 16   19 10   20 21 
   1 81    2 46    3 38    4 70    5 12    6 19    7 51    8 62    9 27   10 73   11 71   12 11   13 60   14 25   15 84   16 86   17  4   18 63   19 62   20  8 
   1 13    2 47    3 62    4  9    5 45    6 42    7 93    8 60    9 14   10 26   11  6   12  8   13 90   14 77   15  3   16 85   17 81   18 71   19  9   20 26 
   1 84    2  8    3 91    4  7    5  6    6 31    7 41    8 16    9 91   10 34   11 74   12 17   13 96   14 27   15 91   16 91   17 15   18 83   19 95   20 70 
   1 86    2 39    3 79    4 47    5 56    6  1    7 99    8 93    9 12   10 97   11 44   12 52   13 79   14 97   15 39   16 71   17 44   18 15   19 93   20  9 
   1 13    2 42    3 41    4 42    5 68    6 14    7 36    8 89    9 67   10 22   11 73   12 94   13 43   14 48   15  9   16  1   17 86   18 86   19 97   20 34 
   1  7    2 45    3 84    4 17    5 34    6 26    7 95    8 17    9 32   10 28   11 31   12 43   13 34   14 99   15 15   16 29   17 62   18 54   19 20   20  6 
   1 60    2 87    3 12    4 90    5 45    6 43    7 10    8 29    9 30   10 57   11 56   12 47   13 77   14 37   15 50   16 30   17 27   18 89   19 85   20  1 
   1  3    2 81    3 31    4 58    5 53    6 40    7 90    8 39    9 63   10 69   11 32   12 55   13 53   14 20   15 67   16 79   17 14   18 25   19 55   20 65 
   1 72    2 46    3 86    4 83    5 91    6 58    7 92    8 38    9 40   10 49   11 52   12 77   13 98   14 59   15 97   16 92   17 13   18  4   19 65   20 50 
   1  9    2 77    3 93    4 18    5 62    6 85    7 31    8 90    9 46   10 75   11 10   12 87   13 86   14 75   15 87   16 77   17 36   18 95   19 58   20 69 
   1 33    2 17    3 12    4 43    5 45    6 33    7 39    8 11    9 21   10 57   11 69   12 38   13  7   14 67   15 28   16  9   17 44   18 91   19 39   20 22 
   1 43    2 65    3 20    4 95    5 98    6  6    7 85    8 35    9 46   10 60   11 80   12 55   13 61   14 84   15 22   16 74   17 77   18 71   19 53   20 30 
   1 48    2 25    3 71    4 75    5 91    6 87    7 33    8 35    9 93   10 18   11 81   12 42   13  9   14 42   15 35   16 86   17 96   18 81   19 19   20 59 
   1 63    2  6    3 96    4 21    5 50    6 57    7 22    8  2    9 78   10 88   11 36   12 87   13  2   14 87   15 61   16  6   17 27   18 30   19  3   20 78 
   1 98    2 67    3 45    4 76    5 25    6 87    7 61    8 45    9  3   10 14   11 88   12 80   13 32   14 86   15 66   16 58   17  3   18 71   19 24   20  8 
   1 90    2 98    3 81    4 90    5 95    6  4    7 39    8 87    9 12   10 86   11 67   12 94   13 93   14 65   15 98   16 92   17 44   18 91   19 49   20 16 
   1 93    2 96    3 69    4  8    5 33    6 87    7 44    8 69    9 83   10  5   11 81   12 86   13 93   14  1   15 52   16 73   17 42   18 40   19 37   20 33 
   1  4    2 81    3 51    4 33    5 18    6 48    7 30    8 83    9 96   10 23   11 62   12 97   13 19   14 33   15 70   16 41   17 44   18 73   19 71   20 99 
   1 45    2 71    3 69    4 57    5 19    6 29    7 21    8 55    9 50   10 14   11 86   12 95   13 47   14 71   15 15   16 81   17 83   18 49   19 44   20 35 
   1 82    2 11    3 40    4 58    5 61    6 15    7 71    8 49    9  1   10 70   11 27   12 90   13 92   14 47   15 32   16 60   17 42   18 82   19 40   20 81 
   1 37    2 95    3  3    4 42    5 76    6 76    7 21    8 66    9 45   10 73   11 85   12 13   13 84   14 13   15 33   16  7   17 20   18 80   19 54   20 89 
   1 50    2 39    3 44    4 80    5 10    6 32    7 52    8 99    9 34   10 70   11 26   12 40   13 62   14 65   15 53   16 62   17 39   18 10   19 88   20 55 
   1 97    2 14    3 71    4 71    5 62    6 75    7  9    8 51    9 76   10  9   11 41   12 99   13 84   14 38   15 74   16 31   17 22   18 33   19 26   20 63 
   1 26    2 22    3 30    4 81    5 43    6 56    7 75    8 65    9 55   10 34   11 81   12 15   13 26   14 86   15 89   16 31   17 51   18 90   19 37   20 61 
   1 56    2 84    3 89    4 75    5 30    6 78    7 25    8  6    9 85   10 22   11 50   12 12   13 34   14 82   15 86   16 13   17 63   18 94   19 32   20 59 
   1 71    2 49    3 92    4 28    5 95    6 39    7 76    8 72    9 31   10 98   11 26   12 48   13 24   14 90   15 44   16 76   17 70   18 22   19 96   20 13 
   1 82    2 63    3 38    4  3    5 14    6 56    7 56    8 96    9 54   10 83   11  9   12 95   13  7   14 12   15 65   16 60   17 48   18 11   19 61   20 17 
   1 61    2 46    3 65    4 44    5 27    6 63    7 24    8  1    9 40   10 89   11 63   12 80   13 43   14 85   15 25   16  4   17 17   18 85   19  6   20 80 
   1 69    2 83    3 91    4 94    5 90    6 56    7 62    8 59    9 98   10 91   11 42   12 31   13 61   14 37   15 63   16 93   17 54   18 77   19 80   20 63 
   1 37    2 67    3 78    4 58    5 48    6 75    7 39    8 93    9 91   10 43   11 12   12 98   13 22   14  1   15 30   16 33   17 13   18 89   19 52   20 98 
   1  8    2 49    3 41    4 47    5 84    6 15    7 18    8 88    9  4   10 25   11 21   12  4   13 61   14 76   15 48   16 82   17 78   18 49   19 80   20 97 
   1 10    2 81    3 33    4  4    5  3    6  3    7 44    8 85    9 73   10 87   11 52   12 84   13 59   14 88   15 58   16 58   17 56   18  1   19  3   20 93 
   1 12    2 80    3  7    4 87    5 98    6 30    7 99    8 15    9 75   10 12   11 51   12 23   13 21   14 32   15 50   16 84   17 43   18 64   19 51   20 71 
   1 23    2 86    3 21    4 74    5 77    6 44    7 54    8  2    9  8   10 54   11 21   12 92   13 72   14 49   15 23   16 43   17 15   18 55   19 21   20 94 
   1 67    2 47    3 17    4 38    5 17    6 87    7 95    8 59    9  8   10 29   11 44   12 38   13 35   14 92   15 33   16 21   17 20   18 23   19 40   20 53 
   1  1    2 54    3 64    4 53    5 49    6 79    7 66    8 41    9 26   10 16   11  6   12 62   13 60   14 96   15 24   16 75   17 31   18 31   19 25   20 11 
   1 71    2 29    3 61    4 67    5 94    6 84    7 98    8 85    9 26   10 58   11 34   12 30   13 16   14 97   15 51   16 98   17 72   18 45   19 77   20 45 
   1 37    2 81    3  8    4 21    5 88    6 84    7 50    8 69    9 73   10 20   11 62   12 28   13 94   14  8   15 30   16 43   17 55   18 92   19 26   20 29 
   1 99    2  9    3  5    4 70    5  2    6 50    7 85    8 24    9 34   10 64   11 53   12 36   13 21   14 66   15 28   16 78   17 40   18 49   19 55   20 60 
   1 88    2 81    3 82    4 84    5 31    6 76    7 64    8 47    9 68   10 18   11 89   12 94   13 42   14 45   15 78   16 66   17 44   18 18   19 31   20 78 
   1 87    2 62    3 20    4 83    5 42    6 25    7 41    8 99    9 51   10 25   11 13   12 37   13 80   14 95   15 62   16 56   17 19   18 92   19 88   20 13 
   1 36    2 43    3  2    4 16    5 22    6 91    7 50    8 15    9 76   10 95   11 30   12 27   13  3   14 95   15 66   16 48   17 51   18 99   19 35   20 42 
   1 80    2 11    3 39    4  7    5 32    6 57    7 26    8 44    9 71   10 92   11 79   12 26   13 25   14 78   15 90   16 57   17 99   18 42   19 64   20 55 
   1 73    2 37    3 13    4 78    5 74    6 75    7 78    8 94    9 29   10 16   11 41   12 53   13 76   14 28   15 29   16 43   17 27   18 42   19 87   20 91 
   1 35    2 67    3 39    4 64    5 72    6 17    7 54    8 69    9 10   10 94   11 96   12 90   13 57   14 27   15 72   16 69   17 33   18 96   19 98   20 92 
   1  2    2 90    3 47    4 38    5 37    6 13    7 21    8 67    9 27   10 94   11 71   12 42   13 59   14 33   15 17   16 37   17 82   18 31   19 83   20 39 
   1 96    2 69    3 50    4 99    5 96    6 38    7 47    8 84    9 90   10 30   11 93   12 50   13 99   14  5   15 79   16 47   17 76   18  2   19 37   20 10 
   1 61    2  5    3  1    4 17    5 45    6 86    7 76    8 50    9 27   10 62   11  5   12  1   13 30   14 60   15  3   16 24   17 12   18 43   19 94   20 75 
   1 56    2 87    3 68    4 45    5 38    6 86    7 14    8 23    9 84   10 25   11  1   12 54   13 10   14 39   15 42   16 58   17 75   18 90   19 68   20 90 
   1 70    2 93    3 50    4 40    5 49    6 76    7 28    8 94    9 50   10 35   11 51   12 48   13 20   14 33   15 84   16 77   17 38   18 95   19 88   20 68 
   1 68    2 99    3 89    4 29    5 11    6 85    7 73    8 24    9 94   10 68   11 16   12 93   13 32   14 45   15 19   16 13   17 68   18 42   19 42   20  4 
   1 33    2 14    3 41    4 79    5 13    6 23    7 56    8 87    9 12   10 40   11 81   12 97   13 29   14 30   15  6   16 59   17 36   18  1   19 82   20 36 
   1 12    2 96    3 25    4 17    5  7    6 47    7 42    8 83    9 43   10 77   11  9   12 79   13 87   14 59   15 78   16 62   17 89   18 30   19 81   20  4 
   1 43    2 72    3 14    4 95    5 35    6 46    7 24    8 10    9 87   10 67   11 13   12  7   13 25   14 40   15 45   16 57   17 29   18  9   19 74   20  8 
   1 38    2 81    3 98    4 74    5 43    6 59    7 63    8 27    9 35   10 17   11  2   12 76   13 98   14 47   15 41   16 28   17 95   18 79   19 95   20 69 
   1 64    2 46    3 58    4 82    5 42    6 25    7 34    8 66    9 89   10 46   11 53   12 51   13 29   14 55   15 34   16 21   17 25   18 41   19 65   20  5 
   1 81    2 89    3 39    4 26    5 46    6 49    7 35    8 37    9 92   10 21   11 41   12 37   13 75   14 76   15 44   16 84   17 45   18 23   19 19   20 38 
   1 57    2 30    3  4    4 53    5 91    6 98    7 77    8  3    9 87   10 91   11 10   12 73   13 67   14 25   15 94   16 93   17 57   18 73   19 94   20 32 
   1 27    2 44    3 60    4 78    5 84    6 98    7 28    8 43    9 96   10 58   11 68   12 85   13 55   14 18   15 10   16 99   17 51   18 88   19 53   20 17 
   1 51    2 73    3  8    4 82    5 99    6 43    7 71    8 18    9 98   10  8   11 71   12  7   13 54   14 31   15 48   16 19   17 51   18 35   19 25   20 93 
   1 93    2 34    3 34    4 30    5 96    6 94    7 37    8 51    9  5   10 82   11 29   12 73   13 18   14 58   15 57   16  5   17 33   18 48   19 53   20 15 
   1 61    2  4    3 55    4 55    5 63    6 12    7 43    8 39    9 63   10 85   11  8   12 61   13 46   14 49   15 42   16 55   17 53   18 37   19 95   20 74 
   1 92    2 82    3 80    4 66    5 87    6 79    7 22    8 35    9 16   10  7   11 81   12 25   13 24   14  7   15 71   16 99   17 97   18 78   19 22   20 26 
   1 67    2 81    3 71    4 50    5 84    6 88    7 53    8 62    9 18   10 50   11 55   12 43   13 30   14 38   15 59   16 75   17 70   18 87   19 96   20  5 
   1 53    2 95    3 23    4 76    5 46    6 44    7 44    8 17    9 78   10 77   11 90   12 84   13 25   14 73   15 96   16 97   17 97   18 47   19 39   20 46 
   1 39    2  8    3 19    4 16    5  2    6 84    7 95    8 45    9 54   10 88   11 81   12  6   13 14   14  2   15 75   16 97   17 91   18 22   19 53   20 82 
   1 24    2 12    3 47    4 60    5 28    6 97    7 50    8 58    9  7   10 46   11 84   12 26   13 16   14 96   15  1   16 18   17  1   18 42   19 78   20 18 
   1 85    2 32    3 75    4 44    5 59    6 19    7  3    8 18    9 44   10 79   11 47   12 59   13 56   14  8   15 86   16  3   17 82   18 15   19 14   20 62 
   1 11    2 75    3 70    4 87    5 62    6 76    7 56    8 48    9 38   10 41   11 10   12 80   13 51   14 29   15 10   16 80   17 55   18 92   19  5   20 99 
   1  8    2 76    3 35    4  4    5 80    6 73    7 81    8 27    9 15   10 99   11 69   12 56   13 50   14 65   15 27   16  9   17 30   18  2   19 20   20  5 
   1 44    2 66    3 65    4 25    5 72    6 35    7 37    8 73    9 33   10 10   11 17   12 26   13 38   14  9   15 32   16 77   17 65   18 47   19 70   20 75 
   1 47    2 95    3 36    4 20    5 14    6 62    7 60    8 70    9 64   10 25   11 69   12 37   13 82   14 81   15 10   16 32   17 35   18 87   19 64   20 46 
   1 54    2 83    3 24    4 69    5 36    6 20    7 50    8 11    9 81   10 22   11 18   12 70   13 95   14 81   15 98   16 28   17 45   18  1   19 14   20 37 
   1 40    2 65    3 76    4 87    5 77    6 35    7 68    8 48    9 77   10 11   11 59   12 30   13 41   14  2   15 40   16 71   17  6   18 43   19 37   20 23 
   1 11    2 60    3 87    4 84    5 25    6 82    7 56    8 60    9 95   10  6   11  7   12 87   13 88   14 16   15 14   16 43   17  9   18 89   19 65   20 24 
   1 19    2 40    3 32    4 26    5 86    6 13    7 19    8 13    9 15   10 67   11 64   12  1   13 76   14 86   15 69   16 63   17 41   18 52   19 52   20 19 
   1 99    2 70    3 93    4 20    5 80    6 92    7 52    8 89    9 51   10 83   11 14   12 14   13 36   14 35   15 10   16 47   17 49   18 85   19 69   20 52 
   1 81    2 17    3 16    4 22    5 21    6 30    7 46    8 24    9 16   10 63   11 21   12 20   13 16   14 46   15 19   16 21   17 89   18 48   19 94   20 88 
   1 82    2 67    3 96    4  8    5  9    6 41    7 69    8 57    9 37   10 96   11 80   12 31   13 32   14 11   15 63   16 63   17 10   18 32   19 47   20 81 
   1 32    2 45    3 31    4 10    5  8    6 98    7 32    8 84    9 79   10 81   11  8   12 70   13 64   14 28   15 43   16 83   17 78   18 61   19 18   20 23 
   1  2    2 58    3  9    4 65    5 19    6 77    7 46    8 80    9 21   10 54   11 66   12  4   13 53   14  8   15 87   16 96   17 54   18 55   19  4   20 29 
   1 87    2 84    3 68    4 62    5 26    6 76    7 57    8 75    9 41   10 58   11 37   12 59   13 59   14 34   15  4   16 64   17  4   18 17   19 25   20 76 
   1 59    2 18    3 47    4 72    5 54    6 58    7 30    8  6    9 47   10 67   11 55   12 67   13 76   14 77   15 83   16 72   17 29   18 68   19 45   20 14 
   1 55    2 65    3 48    4  9    5 64    6  8    7 60    8  6    9 43   10 15   11  9   12 32   13 88   14 41   15 22   16 53   17 72   18 15   19  9   20 67 
   1 16    2 73    3 97    4 30    5  9    6 12    7 56    8 82    9 31   10 22   11 92   12 34   13 63   14 19   15 68   16 74   17 65   18 11   19 13   20 24 
   1 58    2 40    3 32    4 52    5  8    6 16    7 16    8 33    9 45   10 68   11 30   12 72   13 46   14 83   15 69   16 17   17 50   18 91   19 44   20 36 
   1 18    2 37    3 84    4 21    5 91    6  7    7 64    8 75    9 12   10 87   11 67   12 39   13 22   14 39   15 13   16 87   17 59   18 90   19 20   20 25 
   1 20    2 33    3 48    4 37    5 68    6 88    7 87    8 37    9 86   10 38   11 88   12 82   13 49   14  9   15 25   16 43   17 60   18  3   19  9   20 76 
   1 96    2  7    3 43    4 84    5 60    6 22    7 78    8 95    9 46   10 98   11 61   12 22   13 50   14 74   15 51   16 51   17 91   18 59   19 47   20 99 
   1 14    2 35    3 71    4 45    5 93    6  5    7 80    8 11    9 91   10 31   11 30   12 85   13 65   14 64   15 45   16 85   17  1   18 92   19 71   20  9 
   1 28    2  9    3 82    4 18    5 37    6 15    7 29    8 38    9 80   10 41   11 88   12 58   13 71   14  5   15 79   16 23   17 83   18 60   19 68   20 19 
   1 80    2 68    3  4    4 46    5 94    6 97    7 70    8 78    9 47   10 55   11 25   12 65   13 64   14 65   15 91   16 34   17  1   18 25   19  9   20 83 
   1 37    2 55    3 38    4  5    5 16    6 69    7 83    8 50    9 12   10 76   11 85   12 19   13 29   14 46   15 96   16 19   17  6   18 76   19 22   20 85 
   1 17    2 73    3 97    4  5    5 28    6 28    7 59    8 94    9 68   10 19   11 24   12 34   13 64   14 13   15 12   16  9   17 50   18 98   19 57   20  3 
   1 90    2 59    3 83    4 94    5 13    6 79    7 48    8 69    9 64   10  3   11 91   12 40   13 76   14 75   15 89   16 79   17 58   18 33   19 14   20 20 
   1 39    2 53    3 68    4 94    5 85    6 32    7 20    8 37    9 71   10 12   11 94   12 50   13 86   14 68   15 85   16 74   17 35   18 89   19 86   20 43 
   1  7    2  7    3 36    4 93    5 49    6 34    7 19    8 98    9 85   10 45   11 33   12 47   13 58   14 52   15 29   16 97   17 29   18  4   19  9   20 51 
   1 78    2 63    3 32    4 16    5 69    6 66    7 52    8 88    9 41   10 59   11 99   12 83   13 38   14 37   15 95   16 86   17 56   18 38   19 67   20 38 
   1 65    2 42    3 65    4 45    5 32    6 81    7 94    8 22    9 88   10 82   11 62   12 34   13 95   14 40   15 36   16 82   17 37   18 35   19 15   20  2 
   1  3    2 86    3  5    4 82    5 24    6 77    7 20    8 63    9 67   10 19   11 18   12 38   13 73   14 57   15 57   16 53   17 88   18 27   19 38   20 83 
   1 20    2 14    3  6    4 25    5 55    6 60    7 63    8 77    9 39   10 11   11 62   12  6   13 59   14 61   15 73   16  3   17 96   18 61   19 20   20 52 
   1 14    2 60    3 51    4 36    5 66    6 32    7 60    8  2    9 81   10 84   11  1   12 79   13 52   14 30   15 44   16 68   17  6   18 26   19 19   20 43 
   1 10    2 87    3 72    4 54    5 35    6 76    7  7    8  2    9 92   10 90   11 45   12  2   13 46   14 38   15  4   16 92   17  4   18 36   19 55   20 98 
   1 17    2 24    3 36    4 28    5 51    6 86    7  8    8 75    9 20   10 52   11 83   12 44   13 15   14 48   15 98   16 71   17 82   18 47   19 29   20 23 
   1 29    2 65    3 18    4 15    5 83    6 93    7 33    8 76    9 81   10  4   11 41   12 87   13 16   14  4   15 47   16 15   17 40   18 89   19 62   20 80 
   1 53    2 15    3 28    4 85    5 99    6 12    7 58    8 57    9 86   10 13   11 71   12 35   13 12   14 85   15 28   16 83   17 19   18 48   19 68   20 52 
   1 26    2  9    3 57    4 79    5  3    6 21    7 70    8 85    9 88   10 42   11 12   12 26   13 68   14 70   15 70   16 21   17 25   18 28   19 54   20 28 
   1 56    2 45    3 89    4 34    5 47    6 48    7 69    8  4    9 23   10 34   11  3   12 60   13 24   14 73   15 52   16 69   17 36   18 31   19 59   20 93 
   1 13    2 10    3 73    4 24    5 42    6  7    7 10    8 83    9 55   10 87   11 35   12 71   13 77   14 56   15 73   16 67   17 72   18 85   19 29   20 14 
   1 37    2 66    3 10    4 25    5 36    6 69    7 62    8 41    9 46   10 73   11 73   12 26   13 42   14 63   15 98   16 46   17  5   18 38   19 86   20  9 
   1 86    2  5    3 93    4 46    5 64    6 60    7 28    8 18    9 51   10 13   11 90   12 46   13 85   14 91   15 10   16 45   17 42   18 56   19 58   20 88 
   1 67    2 74    3 59    4 99    5 97    6 66    7 30    8  7    9 26   10  3   11 24   12 13   13 42   14 37   15 27   16 78   17 92   18 91   19  2   20 90 
   1 85    2 73    3 66    4 82    5 56    6 11    7 84    8  4    9 67   10 20   11  7   12 78   13 77   14 89   15 27   16 48   17  3   18 67   19 57   20 77 
   1 38    2 61    3 24    4 32    5 76    6 92    7 99    8 46    9 75   10  2   11 96   12 41   13 87   14 77   15 45   16 74   17 43   18 10   19 72   20 22 
   1 88    2 34    3  7    4 63    5 78    6 84    7 49    8 62    9  7   10 99   11 14   12 26   13 14   14 29   15 18   16 17   17 19   18 40   19 46   20 39 
   1 14    2 89    3 74    4  7    5 94    6 52    7 61    8 43    9 87   10 27   11 36   12 97   13 55   14 27   15 39   16 55   17 62   18 30   19 84   20 93 
   1 65    2 23    3 86    4 15    5 46    6  1    7 56    8 70    9 82   10 28   11 26   12 68   13 52   14 49   15 51   16 28   17 10   18 95   19 49   20 28 
   1 90    2 77    3 44    4 58    5 96    6 70    7 45    8 60    9 59   10 18   11 80   12 70   13 16   14 53   15 37   16 94   17 54   18 84   19 19   20 65 
   1 67    2 34    3 95    4 34    5 28    6 38    7 52    8 62    9 54   10 69   11 65   12 22   13 87   14 25   15 11   16 78   17 55   18 35   19 48   20 25 
   1 29    2 24    3 32    4 69    5 56    6 88    7 21    8 88    9 66   10 13   11 14   12  9   13 68   14 49   15 23   16 71   17 52   18 75   19 71   20 56 
   1 80    2 51    3 57    4 82    5 86    6 60    7 50    8 10    9 18   10 70   11 10   12 99   13 78   14 15   15  3   16 91   17 40   18 40   19 94   20 48 
   1 79    2 24    3 33    4 89    5 83    6  6    7 92    8 42    9 54   10  1   11 68   12 37   13  6   14 30   15 80   16 75   17 51   18 41   19 38   20 83 
   1 39    2 42    3 26    4 95    5 31    6 39    7 13    8 59    9 78   10 92   11 32   12  1   13 75   14 10   15 39   16 69   17 79   18 19   19 76   20 76 
   1 44    2 65    3 67    4 63    5 75    6 16    7 33    8 37    9 38   10 37   11 86   12 80   13 76   14 53   15 34   16 99   17 71   18 36   19 40   20 79 
   1 92    2 54    3  6    4  6    5 54    6 67    7 30    8 57    9 21   10 44   11  5   12 42   13 57   14 43   15  6   16 66   17 54   18 52   19 38   20 45 
   1 46    2 33    3 60    4 66    5  3    6 29    7 38    8 73    9 97   10 77   11 32   12 82   13 86   14 74   15 56   16 31   17 37   18  4   19 30   20 13 
   1 43    2 98    3 60    4 81    5 59    6 60    7 71    8 77    9 66   10 91   11 24   12 89   13  2   14 61   15 73   16 43   17 98   18 68   19 80   20 20 
   1 72    2 34    3 88    4 93    5 41    6 34    7 14    8 23    9 81   10 23   11 78   12 41   13 79   14 20   15 98   16 83   17 87   18 94   19 24   20 53 
   1 75    2  6    3 85    4 52    5  5    6 43    7 74    8 43    9 45   10 34   11 63   12 33   13 93   14 43   15 26   16 54   17 37   18 89   19 97   20 54 
   1 87    2 43    3 54    4 74    5 80    6 22    7 61    8 31    9 88   10 68   11 26   12 14   13 17   14 33   15 54   16 57   17 34   18 52   19 16   20 98 
   1 48    2 75    3 55    4 91    5 52    6 14    7 98    8 49    9  5   10 37   11 52   12 65   13 22   14 50   15 53   16 73   17 91   18 32   19 56   20 46 
   1 85    2 25    3 75    4 46    5 39    6 71    7 18    8 40    9 55   10 19   11 91   12  8   13 54   14 50   15 93   16 54   17 17   18 59   19 78   20 29 
   1 32    2 24    3  3    4  7    5 62    6 78    7 10    8 77    9 42   10 29   11 81   12 10   13 60   14 53   15 44   16  1   17 33   18 61   19 43   20 84 
   1 44    2 11    3 72    4 84    5 42    6 44    7 78    8 84    9 72   10 95   11 51   12 77   13 67   14 92   15 93   16 56   17 24   18  8   19 69   20 91 
   1 60    2 67    3  3    4 34    5 36    6 30    7 39    8 92    9 97   10 93   11 20   12 55   13 25   14 71   15 53   16 59   17  3   18 27   19 45   20 51 
   1 71    2 33    3 60    4 88    5 53    6 54    7 66    8 59    9 80   10 37   11  3   12 39   13 55   14 19   15 13   16 65   17 49   18 22   19 58   20 28 
   1 67    2 24    3  3    4 69    5 97    6 42    7 74    8 48    9 42   10 49   11 34   12 69   13 22   14 74   15 73   16 14   17 36   18 81   19 30   20 67 
   1 40    2 23    3 28    4 56    5  3    6 73    7 42    8 62    9 29   10 35   11 42   12 77   13 64   14 70   15 64   16 68   17 70   18 68   19 96   20 83 
   1 65    2 47    3 17    4 56    5 16    6 50    7 89    8  1    9  2   10 72   11 44   12 22   13 88   14 41   15 10   16 93   17 19   18 85   19 90   20 74 
   1 24    2 52    3 56    4 91    5 10    6 94    7 24    8 61    9 10   10 18   11 80   12 31   13 52   14 99   15 83   16 70   17 65   18 94   19 74   20 77 
   1 56    2 32    3 87    4 86    5 44    6 69    7 32    8 48    9 65   10  6   11 13   12 16   13 30   14 16   15 14   16 60   17 87   18 97   19 82   20 17 
   1 31    2 97    3 91    4 57    5 39    6 66    7 27    8 72    9 39   10 93   11 34   12 42   13  6   14 22   15 32   16 48   17 34   18 46   19 21   20 54 
   1 42    2 17    3 38    4  7    5 29    6 99    7 39    8 82    9 59   10 58   11 41   12  2   13 31   14 38   15 63   16 11   17 44   18 67   19 67   20 45 
   1 32    2 37    3 57    4  4    5 37    6 54    7 52    8 53    9 76   10 71   11 12   12  8   13 77   14 56   15 80   16 18   17 78   18 51   19 27   20 48 
   1 66    2 98    3 97    4 89    5 86    6 39    7 99    8 10    9 49   10 58   11  7   12 70   13 99   14 95   15 59   16 52   17  9   18 78   19 66   20 62 
   1 68    2 60    3 48    4 70    5 61    6 67    7 11    8 27    9 30   10 66   11 63   12 99   13 42   14 96   15 94   16 87   17 58   18 97   19 48   20 14 
   1 80    2 55    3 92    4 88    5 48    6 19    7 38    8 86    9 82   10  5   11 63   12 34   13  1   14 27   15 65   16 99   17 74   18  6   19 11   20 56 
   1 98    2 10    3 48    4 99    5 67    6  6    7 96    8 50    9 88   10 85   11 45   12 37   13 88   14  1   15 92   16 17   17 53   18 89   19 69   20 90 
   1 36    2 39    3 81    4 60    5 73    6 64    7 98    8 62    9 63   10 19   11 48   12 27   13 42   14 77   15 57   16 15   17 60   18 46   19 31   20 18 
   1  3    2 53    3  2    4 47    5 51    6 91    7 22    8 71    9 78   10 29   11 82   12 41   13 74   14 38   15 26   16  7   17 25   18 76   19 39   20 65 
   1 28    2 94    3 72    4  4    5  9    6  5    7 39    8 75    9 11   10 15   11 26   12 54   13 46   14 96   15  7   16 22   17 83   18 10   19 82   20 45 
   1 13    2 46    3 68    4 37    5 66    6 14    7 19    8 12    9  4   10 46   11 89   12 40   13  1   14 56   15 69   16 81   17  4   18 15   19 81   20  3 
   1 47    2 79    3 53    4 20    5 53    6 48    7 52    8 13    9 28   10 76   11 97   12 74   13 12   14 58   15  3   16 19   17 27   18  7   19 22   20  1 
   1 49    2 50    3 27    4 81    5 30    6 71    7 84    8 91    9 84   10 48   11 29   12 34   13 19   14 41   15 16   16 19   17 34   18 29   19 66   20 47 
   1 23    2 12    3 75    4 60    5 97    6 77    7 86    8  1    9  8   10 84   11 61   12 98   13 71   14 13   15 21   16 52   17 49   18 52   19  9   20 95 
   1 49    2 30    3 23    4 72    5 87    6 67    7  1    8 83    9 57   10 97   11  6   12 83   13 87   14 10   15  3   16 49   17  9   18 83   19 26   20 83 
   1 36    2 76    3 68    4 87    5 19    6 22    7 15    8 99    9 36   10 90   11 89   12 51   13 45   14 60   15 27   16 79   17 49   18 53   19 60   20 36 
   1 33    2 36    3 33    4 21    5 34    6 59    7 29    8 54    9 83   10 89   11 88   12 26   13 39   14 27   15 13   16 30   17 93   18 16   19 18   20 11 
   1 71    2 77    3 31    4  3    5 52    6 70    7 61    8 79    9 56   10 98   11 10   12 59   13  8   14 10   15 40   16 25   17 93   18 43   19 15   20 95 
   1 55    2 21    3 89    4 54    5 80    6 60    7 69    8 98    9 16   10  2   11 57   12 26   13 79   14 72   15 92   16 68   17 74   18 19   19 54   20 29 
   1 58    2 92    3 49    4 52    5 14    6  4    7 31    8 52    9 80   10 24   11 76   12 62   13 20   14 47   15 84   16 65   17 51   18  7   19 85   20 89 
   1 83    2 78    3 15    4 82    5 71    6 46    7 38    8 50    9  1   10 95   11 14   12 79   13  6   14 69   15 66   16 44   17 31   18  5   19 67   20 79 
   1 10    2 24    3 90    4 49    5 31    6 19    7 21    8 85    9 99   10 75   11 50   12 61   13 46   14 76   15 55   16 30   17  6   18 81   19 74   20 35 
   1 22    2 41    3 79    4 10    5 23    6 98    7 15    8 81    9 64   10 31   11 56   12 63   13 51   14 51   15 48   16 54   17 62   18 68   19 95   20 25 
   1 85    2 55    3 25    4 29    5 31    6 51    7 99    8 90    9 53   10  7   11 88   12 28   13 70   14 67   15 98   16  2   17 14   18 19   19 18   20 62 
   1 44    2 22    3  4    4 50    5 67    6 94    7 14    8  6    9 43   10 50   11 57   12 23   13 54   14 85   15  4   16 40   17 79   18 18   19 34   20 23 
   1 34    2  1    3 44    4 10    5 47    6  8    7 95    8 20    9 56   10 58   11 28   12 40   13 13   14 97   15 79   16 44   17 69   18 19   19 46   20 82 
   1 64    2 50    3 24    4  9    5 97    6 74    7 38    8 50    9 50   10 16   11 96   12 70   13 70   14 34   15 48   16 71   17 78   18 31   19 63   20 38 
   1 46    2 81    3 68    4 60    5 31    6 10    7  4    8 59    9 50   10 39   11 42   12 49   13 56   14 77   15  3   16 33   17  1   18 99   19 39   20 12 
   1 31    2 56    3 67    4 89    5 11    6 97    7 33    8 75    9 87   10 23   11 52   12 62   13 99   14 84   15 88   16 12   17 10   18 77   19 74   20  1 
   1  9    2 19    3  2    4 90    5 58    6 41    7 67    8 29    9 21   10 32   11 81   12 62   13 37   14 14   15 29   16 25   17 82   18 11   19 70   20 29 
   1  7    2 33    3 43    4 35    5 10    6 61    7 88    8 50    9 93   10 62   11 18   12 64   13 66   14 39   15 75   16  2   17 96   18  9   19 17   20 18 
   1 87    2 56    3 80    4 41    5  7    6 96    7 48    8 60    9 38   10 60   11 84   12  8   13 34   14 68   15 22   16 88   17 89   18 75   19 28   20  1 
   1 36    2 28    3 48    4 87    5 32    6 29    7 19    8 51    9 74   10 13   11 56   12 58   13 77   14 59   15 56   16 49   17 36   18 52   19 77   20 77 
   1 71    2 38    3 24    4 50    5 89    6 34    7 40    8 50    9 53   10 36   11  1   12 55   13 91   14 94   15 33   16 60   17 45   18 12   19  5   20 13 
   1 39    2 52    3 71    4 73    5 50    6 53    7 32    8 99    9 28   10  2   11 42   12  1   13 76   14 74   15 92   16 73   17 46   18 79   19 91   20 44 
   1 68    2  4    3 43    4 57    5 91    6 23    7 59    8 89    9 83   10 84   11 96   12 20   13 30   14 14   15 90   16 21   17 96   18 85   19 56   20 30 
   1 83    2 43    3  9    4 92    5 65    6 12    7 94    8 73    9 35   10 54   11 76   12 21   13 13   14 61   15 74   16 46   17 24   18 38   19 31   20  5 
   1 28    2 95    3 41    4 17    5 18    6 14    7 71    8 31    9  8   10 70   11 24   12 62   13 45   14 68   15 86   16 17   17  1   18 37   19 50   20 34 
   1  6    2 17    3 58    4 65    5 69    6 40    7 10    8 22    9 54   10 79   11 86   12 87   13 26   14 21   15 22   16 58   17 69   18 22   19 93   20 49 
   1 29    2 81    3 69    4 12    5 74    6 20    7 17    8 12    9 84   10 58   11  3   12 47   13  5   14 24   15 11   16 22   17 13   18 76   19 88   20 20 
   1 72    2 92    3 67    4 24    5 75    6 11    7 25    8 90    9 82   10 48   11 86   12 85   13 24   14 23   15  7   16  3   17 29   18 91   19 65   20 82 
   1 52    2 33    3 90    4 22    5 14    6 99    7 50    8  1    9 35   10 11   11 75   12 73   13 80   14 14   15 67   16  5   17 34   18 20   19 45   20 90 
   1 40    2 43    3 11    4 13    5  6    6 74    7 81    8 94    9  9   10 12   11 88   12 81   13 35   14 91   15 74   16 83   17 20   18 56   19 14   20 38 
   1 91    2  9    3 70    4 19    5 82    6 74    7 76    8 93    9 73   10 41   11 75   12 52   13 37   14 95   15 84   16  9   17 76   18 15   19 43   20 32 
   1 49    2 75    3 26    4 16    5 81    6 57    7 65    8 63    9 63   10 69   11 74   12 31   13 22   14 44   15 62   16 45   17 90   18  6   19 17   20 31 
   1 33    2 39    3 72    4 71    5 70    6 67    7 18    8 48    9 87   10 78   11 22   12 53   13 11   14 58   15 77   16 29   17 46   18 73   19  7   20 23 
   1 64    2 13    3 14    4 68    5  4    6 83    7 31    8 54    9 75   10 73   11 74   12 58   13 94   14  7   15 38   16 89   17 77   18 52   19 55   20 41 
   1 43    2  7    3 14    4 15    5 17    6 15    7 25    8 50    9 43   10 56   11  5   12 65   13 16   14 20   15 39   16 38   17 38   18  7   19 44   20 18 
   1 96    2 73    3 48    4 19    5 87    6 51    7 88    8 84    9 83   10  2   11 93   12  8   13 66   14 62   15 61   16  2   17 80   18 46   19 22   20 28 
   1 46    2 37    3 22    4 21    5 34    6 52    7 83    8 23    9 34   10 45   11 33   12 12   13 65   14 45   15 25   16 16   17 62   18 90   19 27   20 62 
   1 11    2 35    3 63    4 40    5 55    6 76    7 90    8 60    9 71   10 29   11 34   12 94   13 77   14 60   15 19   16 93   17  8   18 11   19 42   20 22 
   1 78    2 26    3 68    4 86    5 24    6 13    7 85    8 68    9 70   10 78   11 53   12 74   13 43   14 30   15 58   16 33   17 72   18 19   19 13   20 42 
   1 38    2 44    3  3    4 68    5 85    6 50    7 98    8 14    9 38   10 10   11  3   12 85   13 74   14 69   15 56   16 71   17 61   18 16   19 67   20 60 
   1 69    2  1    3 69    4 22    5 46    6 59    7 96    8 50    9 87   10 15   11 95   12 58   13  8   14 85   15 35   16 92   17 57   18 21   19 83   20 76 
   1 51    2 58    3 30    4 78    5 41    6 44    7 65    8 20    9 93   10 98   11 33   12 11   13  5   14 64   15 54   16  3   17  5   18 51   19 87   20  6 
   1 48    2 78    3 22    4 85    5 57    6 86    7 19    8 50    9 16   10 67   11 48   12  3   13 37   14 86   15 71   16 38   17 10   18 38   19 33   20 32 
   1 89    2 44    3 70    4 83    5 88    6 58    7 96    8 80    9 21   10 19   11 65   12  1   13  3   14 56   15 44   16 77   17 33   18  2   19 22   20 83 
   1  6    2 20    3 61    4 13    5 25    6 74    7  2    8 40    9 48   10 93   11 65   12 20   13 87   14 62   15 59   16 94   17 20   18 42   19 75   20 95 
   1  2    2 75    3 56    4 16    5 99    6 28    7  6    8  5    9 33   10 24   11 19   12 92   13 71   14 34   15 39   16  3   17 34   18 68   19 27   20 81 
   1 71    2 65    3 83    4  2    5 32    6 17    7 11    8 46    9 44   10 91   11 66   12 84   13 85   14 44   15 90   16 64   17 32   18 62   19 96   20 36 
   1 43    2  7    3 72    4 55    5 80    6 13    7 19    8 28    9 74   10 76   11 21   12 86   13 77   14 99   15 64   16 96   17 14   18 30   19 72   20 54 
   1 69    2 26    3 17    4 75    5 95    6 31    7 14    8 80    9 10   10 11   11 60   12 26   13 93   14 73   15 45   16 39   17 83   18 79   19 87   20 91 
   1 47    2 57    3 23    4 18    5 97    6 18    7 72    8 42    9 60   10 32   11 39   12 14   13 90   14 99   15 58   16 91   17 29   18 20   19 88   20 21 
   1 90    2 39    3 99    4 68    5 59    6 37    7 56    8 22    9 97   10 32   11 74   12 34   13 23   14  5   15 86   16 58   17 28   18 61   19 51   20 22 
   1 69    2 10    3 57    4  9    5 66    6 88    7 16    8 15    9 54   10 18   11  4   12 11   13 44   14 86   15 72   16 21   17 77   18 71   19 40   20 58 
   1 56    2 70    3 33    4 10    5 77    6 11    7 71    8 39    9 28   10 32   11 88   12 53   13  1   14 96   15 56   16  1   17 67   18 73   19  1   20 24 
   1 83    2 39    3 50    4 90    5 82    6 21    7 26    8 55    9 72   10 33   11 46   12 94   13 58   14 38   15 21   16 26   17 58   18 32   19 59   20 12 
   1 77    2 52    3 56    4 77    5 72    6 43    7 50    8 56    9 85   10 27   11 20   12 52   13 88   14 92   15 60   16 33   17 34   18 61   19 50   20 13 
   1 51    2 10    3 43    4 11    5 18    6 65    7 29    8 78    9 28   10 92   11 16   12 56   13 63   14 13   15 30   16  5   17 18   18 15   19 65   20 79 
   1 69    2 51    3 63    4 86    5 37    6 89    7 39    8 68    9  9   10 58   11  9   12  3   13 77   14 10   15 10   16 36   17 18   18  9   19 21   20 62 
   1  6    2 21    3 57    4 41    5 67    6 87    7 66    8 30    9 59   10 77   11 55   12 17   13 57   14 98   15 51   16 76   17 55   18 91   19 95   20 32 
   1 69    2 45    3 60    4 15    5 77    6 29    7 58    8 57    9 76   10 59   11 52   12 39   13 39   14 15   15  6   16 99   17 58   18 49   19 65   20 80 
   1 48    2 53    3 25    4 36    5 63    6  3    7 69    8 43    9 21   10 51   11 50   12  1   13 70   14 38   15 68   16 25   17 31   18 26   19 38   20 84 
   1 96    2 12    3 45    4 13    5 10    6 58    7 54    8 10    9 11   10  5   11 80   12 31   13 60   14 70   15 65   16 30   17 45   18 31   19 30   20 36 
   1 62    2 69    3 24    4  6    5 93    6 26    7 84    8 20    9 43   10 41   11 52   12 12   13 99   14 78   15 57   16 99   17 20   18 83   19 50   20 93 
   1 14    2 87    3 35    4 33    5 32    6 87    7 39    8 60    9 61   10 79   11  7   12 95   13 11   14 69   15 52   16  6   17 17   18 96   19 62   20 99 
   1 82    2  7    3 84    4 75    5 86    6 13    7 93    8 17    9  2   10 26   11 15   12 20   13 83   14 64   15 93   16 83   17 21   18 22   19 49   20 70 
   1 12    2 73    3 32    4 64    5 57    6 65    7 16    8 53    9 46   10 40   11 82   12 34   13 59   14 64   15 18   16  6   17 96   18 20   19  9   20 58 
   1  2    2 97    3 38    4  1    5 42    6 65    7 28    8 65    9 78   10 28   11 31   12 15   13 39   14 79   15 45   16  1   17 36   18 85   19 97   20 26 
   1 17    2 50    3 45    4 95    5 77    6  3    7  3    8 21    9 29   10 26   11 65   12 17   13 35   14 15   15 73   16 82   17 41   18 67   19  6   20 22 
   1  3    2 41    3 67    4 32    5 23    6 65    7 30    8 37    9 18   10 34   11 15   12 15   13  1   14 30   15  8   16 91   17 41   18 49   19 43   20 30 
   1 92    2  1    3 63    4 61    5 17    6  1    7 67    8 57    9 89   10 87   11 29   12  1   13 30   14 30   15 74   16 70   17 98   18 36   19 35   20 81 
   1  3    2 89    3 16    4 18    5 98    6 30    7 18    8 73    9 79   10 39   11 94   12 74   13 59   14 58   15 85   16 98   17 22   18 18   19 79   20 42 
   1 83    2 58    3 62    4 63    5 93    6 93    7 66    8 17    9  9   10 99   11 42   12 34   13 51   14 22   15 28   16 73   17 89   18 92   19 12   20 40 
   1 61    2 82    3 50    4 90    5 83    6 77    7 18    8 22    9 41   10 18   11 14   12 69   13 78   14 14   15 87   16 22   17 62   18 60   19 98   20 22 
   1 64    2 71    3 48    4  5    5 72    6 19    7 47    8 65    9 24   10 28   11 58   12 88   13 15   14 14   15  7   16 18   17 57   18 37   19 86   20 51 
   1  5    2 50    3 50    4 31    5  2    6 88    7 78    8 56    9 15   10 41   11 20   12 78   13 24   14 86   15  8   16 88   17 24   18 40   19 65   20 46 
   1 20    2 86    3 68    4 72    5 95    6 33    7 41    8 65    9 71   10 98   11 30   12 85   13 32   14 77   15 58   16 79   17 15   18 30   19 86   20  7 
   1 60    2 97    3 39    4 60    5 85    6 97    7 69    8 29    9 91   10 81   11 60   12 90   13 67   14 16   15 47   16 97   17 86   18 72   19 50   20 19 
   1 15    2 16    3 14    4 57    5 70    6 83    7 88    8 70    9 63   10 43   11  7   12 69   13 55   14 49   15 24   16 62   17 39   18 97   19 97   20  1 
   1  3    2 59    3 57    4 69    5 18    6 49    7 92    8 52    9 70   10 40   11 64   12 48   13  3   14 35   15 34   16 58   17 86   18 99   19 88   20 47 
   1 88    2 66    3 52    4  2    5 25    6 87    7 42    8 62    9  1   10 89   11  1   12 90   13 64   14 95   15 38   16 75   17 28   18 83   19 99   20 84 
   1 43    2 72    3 96    4 55    5 31    6  6    7 12    8 11    9 61   10  3   11 12   12 79   13 33   14 81   15 27   16 12   17 18   18 59   19 59   20 81 
   1 57    2 27    3 59    4 36    5 84    6 95    7 34    8 23    9 58   10  9   11 44   12 19   13 75   14 36   15 69   16 44   17 45   18 73   19 12   20 33 
   1  8    2 74    3 65    4 68    5 92    6 24    7 42    8 32    9 26   10 80   11 10   12 35   13 49   14 24   15 91   16 59   17 29   18 19   19 26   20 20 
   1 48    2 59    3 85    4  2    5 84    6 52    7 98    8 72    9 18   10 13   11 62   12 79   13 81   14 57   15 15   16 36   17 63   18  3   19 60   20 39 
   1 83    2 45    3  5    4 50    5 41    6 55    7 86    8 41    9 83   10 16   11  6   12 99   13 39   14 72   15 16   16 56   17 68   18 16   19 73   20 67 
   1 79    2 36    3 89    4 92    5  5    6  8    7 43    8  9    9 54   10 79   11 98   12 62   13 15   14  7   15 86   16 32   17  2   18 97   19 17   20 78 
   1 51    2 71    3 25    4  8    5 76    6 98    7 12    8 13    9  7   10 40   11 65   12 89   13 99   14 35   15 82   16 33   17  3   18 57   19 73   20 35 
   1 23    2 37    3 22    4 69    5  7    6 81    7 54    8 58    9 65   10 49   11 84   12 97   13 17   14 16   15  6   16 29   17 70   18 40   19 11   20 50 
   1 64    2 46    3 75    4 51    5 16    6  1    7 13    8  1    9 23   10 48   11 83   12 77   13 31   14 26   15 11   16 44   17 88   18 54   19 18   20 97 
   1  9    2 68    3 75    4 50    5 45    6 97    7 92    8 37    9 67   10 62   11 72   12 19   13 36   14 63   15  6   16 11   17 82   18 54   19 38   20 86 
   1 13    2 97    3  7    4 62    5 92    6 94    7 56    8 83    9 30   10 56   11 92   12 90   13 60   14 81   15 75   16 97   17 83   18 21   19 59   20 23 
   1  6    2 38    3 18    4 92    5 38    6 19    7 52    8 65    9 24   10 21   11 37   12 39   13 87   14 66   15 46   16 15   17 12   18 68   19 25   20 10 
   1 19    2 15    3 81    4 77    5 78    6 29    7 60    8 48    9 45   10 83   11 73   12 26   13 32   14 91   15  2   16 58   17 27   18 83   19 70   20 18 
   1 59    2 52    3 97    4 75    5 55    6 58    7 49    8  6    9 95   10  3   11 25   12 75   13  7   14 55   15 41   16  8   17 63   18 64   19 49   20 23 
   1 51    2 60    3 15    4 92    5 45    6 48    7 40    8 68    9 38   10 34   11 68   12 48   13  5   14 45   15 94   16 11   17 28   18 25   19 79   20 17 
   1 31    2 77    3 76    4 61    5 32    6 49    7 47    8 90    9 39   10 67   11 53   12 53   13 27   14 75   15 48   16 49   17 99   18 23   19 67   20  1 
   1 35    2 11    3 20    4 39    5 29    6 52    7 71    8  8    9 17   10 68   11 65   12 84   13 14   14 39   15  6   16 46   17 46   18 20   19 24   20 63 
   1 12    2 26    3 97    4  3    5 53    6 29    7 94    8 35    9 17   10 67   11  9   12 85   13 12   14 80   15 24   16  1   17 68   18 61   19 68   20 71 
   1 33    2 55    3 95    4 81    5 45    6 43    7 82    8 47    9 60   10 77   11 15   12 54   13 19   14 66   15 19   16 68   17 97   18 66   19  3   20  7 
   1  9    2 41    3 65    4 44    5 98    6 86    7 22    8 17    9 68   10 92   11 97   12 16   13 78   14 71   15 37   16 19   17  7   18 89   19 22   20 89 
   1  8    2  5    3 34    4 73    5 79    6 57    7 57    8 10    9 45   10 34   11 85   12 36   13 78   14 67   15  1   16 16   17 49   18 85   19  4   20 67 
   1 18    2 77    3 24    4 94    5 42    6 91    7 12    8  7    9 20   10 96   11 13   12 46   13 73   14 53   15 16   16 44   17 60   18 80   19  7   20 75 
   1 35    2 38    3 79    4 71    5 24    6 86    7  6    8 89    9 62   10  1   11 79   12 27   13 13   14 92   15 69   16  2   17 24   18 99   19 81   20 79 
   1 85    2 85    3 87    4 74    5 11    6 79    7  5    8 76    9 26   10 34   11 54   12 33   13 53   14 15   15 21   16 83   17 88   18  2   19 55   20 43 
   1 73    2 55    3 72    4 19    5 39    6 74    7 97    8 28    9 74   10  6   11 99   12 29   13 77   14  7   15 42   16 53   17 96   18 68   19 93   20 68 
   1 43    2 53    3 85    4 87    5 60    6 48    7  1    8 47    9 68   10 34   11 90   12 11   13  9   14 76   15 95   16 65   17 46   18 58   19  5   20 31 
   1 96    2 29    3  4    4 81    5 33    6 25    7 30    8 60    9 27   10 99   11  6   12 10   13 85   14 65   15 59   16  7   17 45   18 98   19 47   20 39 
   1 97    2  2    3 76    4 61    5 82    6 56    7 34    8 41    9 92   10 32   11 15   12  6   13 33   14  5   15 61   16  1   17 53   18 97   19  5   20 71 
   1  9    2 10    3 99    4 86    5 14    6  7    7 47    8 68    9 43   10 98   11 59   12 15   13 95   14 33   15 88   16  5   17 74   18  8   19 70   20 59 
   1 76    2 81    3 10    4 65    5 97    6 48    7 29    8 44    9 22   10 48   11 91   12 32   13 61   14  7   15 52   16 21   17 99   18 99   19 99   20 28 
   1 77    2 10    3 48    4 19    5 26    6 17    7 11    8 24    9 41   10  8   11 12   12  9   13 36   14 56   15 54   16 46   17 39   18 84   19 75   20 42 
   1 82    2 83    3  8    4 68    5 16    6 26    7 61    8 64    9 89   10 14   11 54   12 84   13 15   14 19   15 65   16 32   17  5   18 82   19 41   20 99 
   1 36    2 49    3 73    4 41    5 70    6  3    7 80    8 75    9  6   10 57   11 33   12 39   13  2   14 50   15 48   16 90   17 72   18  2   19 39   20 45 
   1  4    2 96    3 43    4 94    5 47    6 83    7 57    8  9    9 27   10 12   11 77   12 85   13 96   14 29   15 59   16 56   17 11   18 29   19 48   20 31 
   1 87    2 15    3 84    4 14    5 64    6 17    7 33    8 54    9 39   10 70   11 38   12 41   13 26   14  1   15 12   16 28   17 18   18 33   19 22   20 31 
   1  2    2 20    3 38    4 93    5 24    6 69    7 59    8 23    9  2   10 67   11 19   12 48   13 59   14 50   15 38   16 74   17 36   18 55   19 41   20 11 
   1 64    2 98    3 89    4 84    5 15    6 38    7 10    8 47    9 99   10 18   11 70   12 83   13  7   14 45   15 66   16 29   17  4   18 76   19 44   20 91 
   1 84    2 69    3 84    4  3    5 98    6 34    7 90    8 85    9  4   10 82   11 62   12 37   13 88   14 16   15 18   16 11   17 54   18 92   19 38   20 12 
   1 47    2 62    3 55    4 40    5 67    6 69    7 89    8 96    9 72   10  1   11 55   12 36   13 24   14 19   15 66   16 38   17 45   18 87   19 34   20 53 
   1 29    2 76    3 91    4 29    5 18    6 55    7 61    8 82    9 67   10 79   11 43   12 79   13 73   14 95   15 64   16 45   17 10   18 14   19 68   20 83 
   1 64    2 47    3 74    4 96    5 50    6 24    7 45    8 15    9 23   10 26   11 22   12 55   13 66   14 37   15 99   16 91   17 94   18 35   19  5   20 77 
   1 91    2  3    3 18    4 61    5 34    6 27    7 30    8 75    9 25   10 12   11 14   12  8   13 80   14 79   15  9   16 53   17 95   18 34   19 32   20 62 
   1 47    2 53    3 27    4 23    5 43    6 25    7 13    8 75    9 68   10 28   11 22   12 51   13 70   14 27   15 87   16 67   17 47   18 69   19 13   20 16 
   1 72    2 34    3 94    4 73    5 93    6 50    7 60    8 23    9 25   10 48   11 96   12 96   13 49   14 68   15 19   16 40   17 27   18 68   19 15   20 78 
   1 60    2 38    3 77    4 19    5 89    6 55    7 73    8 36    9 98   10  3   11 51   12 36   13 88   14 46   15 41   16 13   17  3   18 48   19 26   20 85 
   1 60    2  8    3 48    4 46    5 46    6 42    7 58    8 14    9 29   10 65   11 12   12 92   13 83   14 99   15 29   16 60   17  9   18 54   19 30   20 71 
   1 40    2 99    3 73    4 85    5 17    6 54    7 93    8 61    9 36   10 49   11 94   12 72   13 90   14 29   15 70   16 67   17 79   18 71   19 24   20 86 
   1 67    2 50    3  6    4 78    5 44    6 27    7  5    8 76    9 84   10 67   11 37   12 27   13 86   14 94   15 21   16 87   17 40   18 43   19 19   20  7 
   1 81    2 12    3 82    4 47    5 29    6 24    7 29    8 33    9 82   10 87   11 32   12 49   13 42   14 67   15 56   16 54   17 15   18 26   19 93   20 92 
   1 89    2 89    3 22    4 54    5 19    6 73    7  9    8 58    9 66   10 74   11 97   12 34   13  6   14 15   15 82   16 48   17 53   18 34   19 26   20 65 
   1 75    2 88    3 89    4 53    5 33    6 96    7 70    8  6    9 93   10 85   11 34   12 72   13 32   14 24   15 13   16  6   17 58   18 15   19 22   20 50 
   1 84    2 25    3 97    4 43    5 22    6 79    7 63    8 87    9 79   10  2   11 78   12 72   13 34   14 11   15 71   16 88   17 81   18 23   19 48   20 71 
   1 46    2  2    3 71    4 90    5 51    6 10    7 50    8 44    9 78   10 99   11 27   12 96   13 24   14  6   15  3   16 58   17 56   18 67   19 79   20 96 
   1 37    2 46    3  7    4 50    5  2    6 45    7  7    8  4    9 58   10 12   11 50   12 45   13  7   14 81   15 89   16 68   17 28   18 74   19 82   20 24 
   1 50    2 25    3 48    4 21    5 26    6 46    7 83    8 90    9 28   10 17   11 86   12 14   13 39   14 48   15  2   16 61   17  6   18 70   19 27   20 20 
   1  6    2 31    3  9    4 52    5 41    6 60    7 60    8 74    9 64   10  5   11 20   12 83   13 28   14 26   15 75   16 30   17 28   18 69   19 24   20 79 
   1 70    2 24    3 42    4 73    5 83    6 82    7 44    8  4    9 35   10 22   11 55   12 78   13 87   14 63   15 38   16 18   17  9   18 40   19 97   20 82 
   1 47    2 88    3 69    4 49    5 40    6 79    7 32    8 84    9 72   10 51   11 92   12  4   13 95   14 27   15 81   16 14   17 21   18 64   19 47   20 93 
   1 53    2  9    3 52    4 80    5 28    6  9    7 20    8 61    9 24   10 94   11 89   12 55   13 28   14 67   15 61   16 44   17 59   18 46   19 87   20 57 
   1 22    2 91    3 67    4 12    5 84    6 30    7 60    8 10    9 91   10 69   11 59   12  6   13  1   14 48   15 44   16 17   17 22   18 77   19 51   20 99 
   1 80    2  1    3 85    4 86    5 55    6 95    7 27    8 54    9 95   10 47   11 18   12 61   13 92   14 78   15 55   16 50   17 77   18 95   19 43   20 43 
   1 93    2  1    3 91    4 12    5 74    6 92    7 42    8 29    9 73   10 50   11 48   12 91   13  9   14 52   15 72   16 42   17  9   18 15   19 35   20 32 
   1 66    2 94    3 87    4 55    5 34    6  7    7 81    8 19    9 88   10 97   11 69   12 68   13  6   14 55   15 57   16  8   17  7   18 81   19 54   20 54 
   1 39    2 71    3 19    4  3    5 78    6 90    7 31    8 27    9 34   10 30   11 58   12  2   13 36   14 51   15 12   16 15   17 58   18 55   19 39   20 21 
   1 75    2 74    3 59    4 80    5  5    6  1    7 23    8 40    9 84   10 14   11 88   12 56   13 70   14 75   15 48   16 91   17 61   18 39   19 24   20 50 
   1 26    2 68    3 26    4 70    5 27    6 16    7 95    8 19    9 25   10  1   11 62   12 50   13 45   14 10   15 25   16 45   17 59   18 20   19 72   20 99 
   1 33    2 90    3 93    4 88    5 85    6 92    7  6    8 81    9 15   10 88   11 50   12 37   13 45   14 68   15 38   16 50   17 21   18 27   19 15   20 80 
   1 76    2 79    3 29    4 57    5 98    6 39    7 49    8 92    9 49   10 56   11 16   12 89   13 22   14  2   15 74   16 60   17 55   18 25   19 50   20 56 
   1 62    2 78    3 98    4  4    5 47    6 61    7 34    8 61    9 82   10 78   11 92   12 28   13 51   14  8   15 69   16 38   17 31   18 35   19 98   20 76 
   1  6    2  6    3 94    4 95    5 56    6 14    7 56    8 76    9 18   10 74   11 33   12 73   13 49   14 41   15 40   16 97   17 52   18  6   19 10   20  1 
   1 50    2 14    3 69    4 21    5 99    6 77    7  7    8 50    9  3   10 70   11 86   12 62   13 84   14  6   15 32   16  4   17 45   18 75   19 64   20 83 
   1 59    2 22    3 27    4 20    5 78    6 56    7 92    8 10    9 72   10 66   11 13   12 81   13 22   14 70   15 80   16 35   17 28   18 59   19 55   20 18 
   1 27    2 79    3 52    4  3    5  5    6 43    7 95    8 42    9 22   10 41   11 15   12 72   13 96   14 84   15 50   16 76   17 69   18 67   19 44   20 17 
   1 94    2 49    3  8    4 99    5 14    6 54    7 90    8 26    9 82   10 77   11 41   12 88   13 81   14 50   15 61   16 58   17 24   18 76   19 90   20 12 
   1  9    2 41    3 62    4 81    5 41    6 75    7 13    8 47    9 19   10 64   11 46   12 68   13 53   14  4   15 45   16 74   17 84   18 34   19 22   20 33 

