ta113
500 20
   1 37    2 41    3 89    4 99    5 55    6 46    7 33    8 38    9 99   10 87   11 26   12 86   13 67   14 26   15 96   16 44   17 76   18 99   19 60   20 44 
   1  1    2  5    3 63    4 58    5 96    6 24    7 30    8 36    9 60   10 95   11  9   12 34   13 10   14 78   15  5   16 20   17 84   18 59   19 48   20 99 
   1 35    2 39    3 22    4 44    5 36    6 56    7 37    8 80    9 29   10 90   11 72   12 74   13 34   14 93   15 74   16 56   17 31   18 43   19 41   20 25 
   1 78    2  8    3 88    4 43    5 74    6 81    7 41    8 71    9  5   10  9   11 35   12 45   13 61   14 93   15  5   16 59   17 98   18 66   19 78   20 20 
   1 18    2 28    3 46    4 43    5 71    6 58    7 94    8 99    9 39   10 13   11 45   12 62   13 15   14 46   15 25   16 60   17 34   18 90   19 38   20 46 
   1 86    2 50    3 25    4 70    5 75    6 57    7 44    8 66    9 59   10 54   11 33   12 35   13 45   14 19   15 55   16 38   17 67   18 24   19 20   20 27 
   1 55    2  8    3 95    4 73    5 87    6 40    7 18    8 80    9  5   10 88   11 49   12 10   13 91   14 19   15 64   16 84   17 13   18 81   19 30   20 45 
   1  7    2 62    3 65    4 22    5 27    6 54    7  7    8 88    9 74   10 72   11 77   12 31   13 85   14 30   15 39   16 55   17 32   18 68   19 79   20 93 
   1 22    2 96    3 56    4  1    5 61    6 24    7  9    8 26    9  1   10 78   11 13   12 85   13 82   14 48   15 63   16 52   17 85   18 16   19 57   20  5 
   1 11    2 73    3  3    4 26    5 15    6 99    7 37    8 61    9 85   10 88   11 18   12 14   13 55   14 97   15 89   16 91   17 85   18 42   19 15   20 76 
   1 88    2  4    3 35    4 25    5 93    6 35    7 17    8 62    9 26   10 34   11 19   12 96   13 51   14 67   15 28   16  2   17 68   18 98   19 33   20 14 
   1 84    2  8    3 55    4 42    5 22    6 45    7 15    8 40    9 23   10 69   11 21   12 76   13 63   14 69   15 45   16 45   17  6   18 15   19 50   20 33 
   1 75    2 20    3 71    4 50    5 86    6 77    7 22    8  5    9 49   10 69   11 22   12 60   13 59   14 96   15 25   16 49   17 14   18  5   19 57   20 24 
   1 61    2 55    3 82    4 22    5 44    6 49    7 93    8 19    9 54   10 54   11 39   12 18   13 60   14 75   15 24   16 37   17 74   18 99   19 36   20 57 
   1 67    2 97    3 56    4 64    5 35    6 51    7 64    8 26    9 62   10 43   11 98   12 90   13 29   14 20   15 46   16 73   17 40   18 70   19 84   20  8 
   1 50    2 60    3 43    4 45    5 47    6 21    7  1    8 96    9 93   10 39   11 26   12 88   13  5   14 37   15 32   16 52   17 33   18 20   19 15   20 79 
   1 53    2 50    3 73    4 66    5 58    6 86    7 88    8 41    9 89   10 12   11 71   12 34   13 92   14  8   15 83   16 22   17  4   18 18   19 55   20 97 
   1 84    2 79    3 45    4 33    5 58    6 61    7 51    8 85    9 92   10 26   11 72   12 58   13 68   14 76   15 98   16 75   17 41   18 57   19 81   20 64 
   1 78    2 31    3 68    4 75    5 50    6 44    7  5    8 13    9 21   10 49   11 57   12 96   13 91   14  5   15 86   16 93   17 63   18 40   19 59   20 27 
   1 87    2 53    3 96    4  9    5 72    6  5    7 88    8 84    9 13   10 25   11 70   12 97   13 21   14 24   15 92   16 65   17 38   18 89   19 55   20 65 
   1 40    2 16    3 69    4 30    5  1    6 52    7 37    8 21    9 37   10 51   11 41   12 99   13 64   14 26   15 40   16 45   17 40   18 26   19 58   20 67 
   1 79    2 80    3 31    4 25    5  3    6 12    7 57    8 53    9 89   10 19   11  2   12 87   13 28   14 31   15 57   16 52   17 28   18 72   19 90   20 46 
   1 51    2 95    3 27    4 66    5 14    6 83    7 87    8 12    9 94   10 33   11 45   12 80   13 55   14 63   15 61   16 92   17 43   18 60   19 26   20 58 
   1 61    2 80    3 89    4 67    5  7    6 27    7 81    8 31    9 26   10  1   11 44   12  9   13 21   14 78   15 38   16 71   17 50   18 45   19 45   20 97 
   1 75    2 66    3 96    4 94    5 40    6 13    7 59    8 78    9 78   10 63   11 86   12  1   13 79   14 98   15  5   16  4   17 93   18 26   19 80   20 84 
   1 25    2 21    3 78    4 95    5 75    6  1    7 20    8 64    9 54   10 96   11 77   12  4   13 77   14 63   15 71   16 60   17 91   18 42   19 35   20 12 
   1 46    2  1    3 33    4 89    5 36    6 33    7 13    8  6    9 62   10 13   11 94   12 81   13 77   14 24   15  2   16 97   17 25   18 49   19 88   20 69 
   1 38    2 39    3  6    4 87    5 45    6 11    7 31    8 45    9 45   10 57   11 34   12  8   13  3   14  4   15 55   16 52   17 33   18 65   19  3   20 54 
   1 57    2 60    3 44    4 91    5 86    6 47    7 43    8 29    9 41   10 59   11 26   12 15   13  6   14 79   15 65   16 69   17  9   18 18   19 41   20 29 
   1 31    2 33    3 38    4 98    5 49    6 68    7 23    8 82    9  8   10 55   11 37   12  2   13 90   14 59   15 31   16 86   17 42   18 61   19  1   20 54 
   1  1    2 11    3 55    4  7    5 32    6  1    7 58    8 54    9 29   10 81   11 36   12 28   13 72   14 20   15 67   16 22   17  9   18 68   19 58   20 85 
   1 87    2 92    3  5    4  3    5 56    6 70    7 47    8 26    9 83   10 34   11 64   12 31   13 15   14 23   15 26   16  1   17 56   18 40   19 63   20 24 
   1 20    2 13    3 34    4 99    5 57    6 55    7 17    8 95    9 84   10 28   11 48   12 33   13 87   14  7   15 54   16 59   17 94   18 64   19 23   20 94 
   1  6    2 40    3 45    4 34    5 88    6 80    7 36    8 53    9 45   10 76   11 23   12 15   13 93   14 81   15 98   16 18   17 83   18 88   19 34   20 97 
   1 59    2 70    3 75    4 87    5 31    6 24    7 39    8 54    9  7   10 74   11 38   12 18   13 43   14 30   15 78   16 66   17 56   18 90   19 65   20 21 
   1 74    2 82    3 33    4 63    5 38    6 89    7 36    8  9    9 60   10 59   11 82   12 68   13 93   14  8   15  2   16 55   17 71   18  6   19 66   20 69 
   1 99    2  4    3 57    4  1    5 68    6 20    7 89    8  7    9 95   10 14   11 29   12 39   13 84   14 32   15 80   16 26   17 45   18 97   19 34   20 60 
   1 21    2 11    3 28    4 38    5 30    6 12    7 46    8 50    9 79   10 64   11 56   12 74   13 71   14 88   15 79   16 43   17 46   18 74   19 17   20 20 
   1 60    2 26    3 96    4 91    5 25    6 74    7  1    8 65    9 53   10 47   11 55   12 88   13 94   14 95   15 33   16 19   17 11   18  2   19 62   20 38 
   1 80    2 34    3 72    4 72    5 60    6 11    7 90    8 27    9 74   10 34   11 95   12 43   13 96   14 50   15 98   16 51   17 54   18 63   19 60   20 28 
   1 17    2 33    3 57    4 96    5  5    6 36    7 71    8 23    9 28   10 79   11 68   12 34   13 10   14 52   15 11   16 20   17 51   18 34   19 16   20 57 
   1 33    2 73    3 81    4 66    5 68    6 54    7 80    8 92    9 63   10 55   11  1   12 19   13 91   14 10   15 41   16 70   17 66   18 85   19 12   20 12 
   1 73    2 98    3  2    4 74    5 60    6  7    7  9    8 25    9 72   10 12   11 41   12 85   13 66   14 84   15 38   16 49   17 13   18  6   19 51   20 42 
   1  7    2 21    3 26    4 93    5 81    6  6    7 33    8 42    9 43   10 23   11 18   12 59   13 52   14 28   15 22   16 99   17 31   18 75   19 25   20 14 
   1 10    2 29    3 71    4 52    5  5    6 57    7 31    8 49    9 77   10 84   11 47   12 35   13 70   14 25   15 68   16 95   17  4   18 96   19 91   20 71 
   1  8    2 56    3 33    4 77    5 69    6  8    7 84    8  4    9 34   10  9   11 41   12 16   13 13   14 58   15 96   16 29   17 27   18 97   19  7   20 67 
   1 64    2 29    3 15    4 96    5 10    6 37    7 42    8 11    9 98   10 73   11 74   12 71   13 52   14 31   15 90   16 48   17 72   18 27   19 96   20 44 
   1 39    2 45    3 14    4 52    5 51    6 58    7 71    8 43    9 17   10 96   11 63   12  3   13 39   14 39   15 81   16 17   17 69   18 85   19 16   20 60 
   1 58    2 16    3  9    4 23    5 97    6 19    7 63    8 55    9 40   10 98   11  6   12 90   13  5   14 20   15 13   16 53   17 22   18 23   19 92   20  8 
   1 53    2 31    3  5    4 89    5  6    6 37    7 40    8 29    9 61   10 47   11 17   12 49   13 98   14 68   15 20   16 61   17 89   18 79   19 60   20 12 
   1 56    2 21    3 33    4 91    5 52    6 72    7 25    8 70    9 71   10 29   11 86   12 31   13 40   14 36   15 17   16 33   17  4   18 77   19 37   20 60 
   1 72    2 10    3 28    4 27    5  4    6 75    7 35    8 88    9 20   10 67   11 42   12 55   13  3   14 52   15 24   16 58   17 56   18 26   19 99   20 31 
   1 84    2 55    3 95    4 46    5 73    6 17    7 49    8 77    9 76   10 26   11 44   12 41   13 98   14 50   15 87   16 19   17 82   18 97   19 15   20 39 
   1 58    2 88    3 23    4 48    5  8    6 43    7 52    8 91    9  7   10 52   11 97   12 56   13 71   14 14   15 36   16 96   17 87   18 69   19 93   20 10 
   1 61    2 87    3 28    4 48    5 77    6 76    7  4    8  1    9 18   10  4   11 37   12  2   13 35   14 79   15 77   16 15   17 14   18 80   19 67   20 81 
   1  4    2 15    3 20    4 44    5 75    6 74    7 49    8  1    9 51   10 52   11 59   12 83   13 13   14 62   15 61   16 32   17 47   18 78   19 86   20 50 
   1 70    2 86    3 30    4 86    5 60    6 63    7 18    8 56    9 71   10 34   11 81   12 66   13  3   14  7   15 60   16 28   17 20   18 67   19 19   20 17 
   1 75    2 49    3 76    4 71    5 43    6 74    7 59    8 87    9 28   10  9   11 10   12  4   13 13   14 64   15 68   16 18   17  7   18 57   19 12   20 83 
   1 98    2  8    3 95    4 19    5 44    6 45    7 99    8 34    9 13   10 44   11 48   12 65   13  8   14 28   15 55   16 72   17 88   18 38   19 63   20 15 
   1 11    2 53    3 33    4 84    5 77    6 67    7 55    8 33    9 52   10 58   11 90   12 24   13 40   14 79   15 56   16 14   17 56   18 60   19 22   20 17 
   1 41    2 74    3 49    4 69    5 77    6 93    7 94    8 46    9 45   10  4   11 45   12 88   13 31   14 22   15 92   16 95   17 49   18 22   19 98   20 49 
   1 78    2 15    3 67    4 58    5 40    6 62    7 95    8 94    9 23   10 98   11 72   12 22   13 70   14  2   15 49   16 83   17 74   18 45   19 56   20 11 
   1 11    2 59    3 51    4 98    5 12    6 54    7 13    8  9    9 51   10 90   11 13   12 43   13 99   14 10   15 47   16 15   17 53   18 70   19 81   20 78 
   1 25    2 62    3 45    4 80    5 43    6 31    7 52    8 37    9 14   10 58   11 15   12 37   13 62   14 56   15 82   16 95   17 16   18 12   19 52   20 31 
   1 80    2 39    3 58    4 17    5 58    6 92    7 34    8 77    9  1   10  7   11 13   12 78   13 62   14 21   15 55   16 67   17  1   18 82   19 84   20 21 
   1 39    2 49    3 68    4 26    5 26    6 78    7 44    8 49    9 19   10  7   11 12   12 22   13 13   14  9   15 46   16 24   17 25   18 84   19 87   20 67 
   1 34    2 99    3 50    4  8    5 90    6 10    7 82    8 80    9 42   10 24   11 99   12 11   13  8   14 45   15 51   16 36   17 72   18 61   19 72   20 82 
   1 90    2 61    3 60    4 84    5 63    6 30    7 40    8 40    9 95   10 74   11  7   12 85   13 98   14 23   15 91   16 53   17 63   18 29   19 65   20 36 
   1 79    2 10    3 60    4 88    5 52    6  1    7 80    8 30    9 27   10 76   11 75   12 15   13 24   14 17   15 37   16 97   17 69   18 50   19 26   20 63 
   1 10    2 28    3 93    4 44    5 72    6 78    7 16    8 55    9 62   10 34   11 78   12 90   13 87   14 85   15 73   16 41   17 63   18 87   19 55   20 44 
   1 34    2 40    3 43    4  5    5 23    6 25    7 49    8 14    9 25   10 37   11 87   12 48   13 93   14  1   15 83   16 49   17 50   18 78   19 26   20 20 
   1 43    2 49    3 38    4 35    5  1    6 70    7 27    8 33    9 24   10 12   11 14   12 34   13 85   14 40   15 27   16 34   17 96   18 56   19 20   20 74 
   1 69    2 48    3 49    4 80    5 94    6 25    7 37    8 24    9 62   10 43   11 41   12 17   13 68   14 87   15 44   16 26   17 76   18  3   19 93   20 16 
   1 72    2 75    3  8    4  6    5 51    6 17    7 85    8 15    9  6   10  7   11  9   12 32   13  5   14 47   15 80   16 20   17 10   18 55   19 76   20  1 
   1 53    2 42    3  3    4 87    5 55    6 53    7 88    8 47    9 48   10 21   11 33   12 47   13 57   14 33   15 22   16 86   17 33   18 93   19 50   20 10 
   1 10    2 85    3 16    4 52    5 11    6 75    7 28    8 51    9 68   10 91   11 26   12 94   13 32   14 17   15 87   16 85   17 84   18 11   19 23   20 62 
   1  3    2 12    3 61    4 43    5 97    6 19    7 49    8 80    9 93   10 40   11 11   12 41   13 23   14  4   15 24   16 44   17 35   18  3   19 32   20 13 
   1 87    2 24    3 46    4 77    5 13    6 63    7 99    8 70    9 75   10 52   11 92   12 14   13  7   14 97   15 75   16 58   17 81   18 76   19 61   20 32 
   1 17    2 46    3 64    4 96    5 76    6 80    7 42    8 79    9 48   10 39   11  7   12 80   13 36   14 39   15 68   16 80   17 84   18  7   19 65   20 42 
   1 92    2  6    3 54    4 78    5 18    6  7    7 93    8 72    9 14   10 24   11 83   12 55   13  6   14 69   15 92   16 17   17 51   18 44   19  7   20 53 
   1 68    2 90    3 68    4 21    5  7    6  8    7 32    8 14    9 15   10 26   11 74   12 18   13 99   14 98   15  5   16 86   17 10   18 42   19  2   20 10 
   1 50    2 22    3 52    4 15    5 93    6 70    7 48    8 35    9 57   10 33   11 73   12 96   13 61   14 13   15 94   16 86   17 51   18 35   19  4   20 82 
   1 11    2 31    3 99    4 47    5 69    6 40    7 40    8  5    9 73   10 12   11 41   12 27   13 26   14 95   15 64   16 11   17 61   18 94   19 57   20 94 
   1 27    2 84    3 71    4  8    5 76    6 92    7  4    8 86    9 43   10 43   11 67   12 16   13 96   14 47   15  5   16 57   17 13   18 62   19 65   20 23 
   1 57    2 73    3 41    4 68    5 64    6 93    7  3    8  5    9 50   10 56   11 31   12 32   13  7   14  6   15 77   16 81   17  6   18 43   19 67   20 58 
   1 25    2 62    3  7    4  7    5 70    6 46    7 41    8 16    9 99   10 79   11 11   12 85   13 54   14 57   15 23   16 94   17 51   18 81   19 62   20 10 
   1 78    2 63    3 21    4 44    5 61    6 72    7 63    8  8    9 39   10 11   11 48   12  7   13 93   14 46   15 22   16 28   17 65   18 89   19 54   20  8 
   1 94    2 48    3  8    4 89    5 51    6  2    7 84    8 70    9 16   10 68   11 44   12 39   13 10   14 26   15 90   16 97   17 15   18 96   19  9   20 60 
   1 20    2 14    3 30    4 51    5 12    6 76    7 10    8 18    9 11   10 52   11 22   12 59   13 17   14 70   15 37   16 85   17 74   18 15   19 39   20 21 
   1  5    2 20    3 57    4 52    5 32    6 30    7 45    8 62    9 25   10  4   11 23   12 92   13 39   14 65   15 53   16 75   17 24   18 22   19 90   20 33 
   1 44    2 21    3 21    4 71    5  6    6 64    7  9    8 59    9 63   10 38   11 50   12 42   13 27   14  7   15  1   16 95   17 88   18 34   19 72   20 88 
   1 69    2 85    3  8    4 37    5 35    6 91    7 51    8 79    9  6   10 90   11 74   12 74   13 55   14 89   15  8   16 53   17 63   18 90   19 82   20 70 
   1 45    2 49    3 40    4  4    5 73    6 10    7 60    8 92    9 69   10  9   11 29   12 11   13 39   14 19   15 67   16 16   17  2   18 63   19 77   20 68 
   1 98    2 98    3 47    4 40    5 89    6 27    7 63    8 24    9  7   10 68   11 86   12  1   13 46   14 69   15 93   16 53   17  9   18 71   19 47   20 49 
   1 70    2 32    3 92    4  8    5 42    6 58    7 37    8 50    9 21   10 63   11 98   12 87   13 32   14 75   15 54   16 35   17 16   18 40   19 81   20 10 
   1 43    2 66    3 69    4 82    5  4    6 83    7 55    8  9    9 67   10  7   11 91   12 52   13 16   14 47   15 10   16 52   17 79   18 79   19 33   20 13 
   1 52    2 64    3 86    4 90    5 25    6 81    7  7    8 55    9  5   10 45   11 49   12 35   13 54   14 77   15 57   16  1   17 96   18 45   19 53   20 30 
   1 39    2 77    3 99    4 38    5 75    6 71    7 60    8 91    9 86   10 79   11 22   12 99   13 97   14 54   15 79   16 93   17 39   18 76   19 45   20 40 
   1 20    2 22    3 22    4 76    5  4    6  8    7 94    8 40    9 59   10 49   11 75   12 96   13 63   14 77   15 41   16 51   17 34   18 22   19 96   20 48 
   1 88    2 45    3  6    4 20    5 19    6 69    7 75    8 32    9 32   10  9   11 23   12 50   13 66   14 45   15 10   16 61   17 56   18 40   19 66   20 46 
   1  1    2 86    3  5    4  4    5 15    6 96    7 67    8 96    9 55   10 54   11 86   12 96   13  7   14 81   15 15   16 28   17 61   18 16   19  1   20  4 
   1 61    2 22    3 33    4 76    5 22    6 34    7 82    8 64    9 55   10 91   11 41   12  5   13 36   14 15   15 86   16 81   17 69   18 73   19 55   20 84 
   1 33    2 33    3 65    4 19    5 77    6 83    7 36    8 32    9 82   10 54   11  8   12 55   13 11   14 96   15 12   16 65   17  4   18 42   19  4   20 36 
   1 56    2 88    3 29    4 95    5 73    6 65    7 96    8 58    9 50   10 63   11 20   12 41   13 91   14 91   15 29   16 19   17 48   18 89   19 27   20  9 
   1 59    2 93    3 71    4 55    5 47    6 92    7 50    8 47    9 98   10 56   11 52   12  1   13 91   14 71   15 65   16 75   17 80   18 67   19 75   20 21 
   1 61    2 40    3  4    4 98    5 77    6 22    7 49    8 29    9  4   10 50   11 87   12 36   13 35   14 75   15 25   16 74   17 24   18 16   19 25   20 35 
   1 57    2 92    3 71    4  7    5 79    6 46    7 80    8 96    9 46   10 25   11 71   12 90   13 89   14 41   15 18   16 90   17 43   18 17   19 77   20 29 
   1 41    2 52    3  3    4 51    5 80    6 43    7 99    8 78    9 15   10 79   11 30   12 83   13 79   14 31   15 51   16 19   17 30   18 65   19 46   20 78 
   1 38    2 67    3 93    4 51    5 71    6 25    7 39    8 27    9 67   10 67   11 84   12 63   13 90   14 99   15 84   16 70   17 99   18 12   19  1   20 60 
   1 64    2 51    3 91    4 50    5 78    6 22    7 22    8 84    9  4   10 66   11 31   12 53   13 50   14 89   15 64   16 33   17 84   18 96   19 97   20 47 
   1 26    2 43    3 42    4 56    5 36    6 30    7 24    8 99    9 13   10 18   11 80   12 59   13 36   14 99   15 89   16 31   17 96   18 13   19 67   20 39 
   1 26    2 11    3 86    4 71    5  1    6 12    7 83    8 80    9 47   10  4   11 60   12 15   13 72   14 69   15 29   16 64   17  3   18 13   19 54   20 22 
   1 98    2 71    3 27    4 81    5 11    6 42    7 89    8 21    9 10   10 24   11 97   12 74   13 67   14 91   15 38   16 75   17 74   18 72   19 47   20 74 
   1 53    2 60    3 72    4 55    5 84    6 96    7 67    8 70    9 78   10 37   11 75   12 70   13 54   14 29   15  8   16 89   17 12   18 98   19 67   20 87 
   1 16    2 81    3 84    4 46    5 73    6 78    7 43    8  7    9  7   10 15   11 58   12 93   13 35   14 35   15 77   16 33   17 14   18 99   19 39   20 47 
   1 41    2 24    3 92    4 67    5 42    6 39    7 54    8 48    9 87   10 63   11 20   12  2   13 26   14 98   15 29   16 58   17 91   18 32   19 24   20 36 
   1 31    2 58    3 14    4 82    5 16    6 16    7 53    8 39    9 13   10 27   11 34   12  6   13 51   14 76   15 54   16 64   17 44   18  4   19 71   20 42 
   1  6    2 86    3 48    4 47    5 26    6  2    7 68    8 97    9 23   10 96   11 37   12 29   13 47   14 17   15 40   16 86   17 87   18 78   19 81   20 79 
   1 11    2 50    3 76    4 27    5 51    6 82    7 67    8 85    9  8   10 93   11 84   12 82   13 22   14 82   15 71   16 50   17 32   18 44   19 45   20 79 
   1 30    2 97    3 12    4 57    5 29    6 29    7 46    8 30    9 56   10 55   11 67   12 17   13 79   14 48   15 27   16 66   17 51   18 49   19 23   20 34 
   1 91    2 23    3 63    4 49    5 56    6 29    7 63    8 84    9 25   10 40   11 16   12 23   13 47   14 98   15 29   16 82   17 63   18 88   19 68   20 53 
   1 94    2 92    3 43    4 22    5 21    6  3    7 99    8 24    9 50   10 18   11 71   12  9   13 71   14 19   15 77   16 79   17 10   18 59   19 87   20 24 
   1 86    2 73    3 66    4 31    5 81    6  2    7 14    8 98    9 79   10  7   11 52   12 89   13  7   14 45   15 23   16 11   17  6   18 87   19 71   20  9 
   1 61    2 88    3 61    4 32    5 35    6 30    7 41    8 57    9 54   10 31   11 75   12 37   13 13   14 91   15 24   16 44   17  9   18 68   19 28   20 85 
   1 10    2 65    3 30    4 61    5 96    6 85    7 93    8 78    9 89   10 54   11 30   12 93   13 10   14 60   15 84   16 23   17 10   18 18   19 87   20 15 
   1 21    2 48    3 84    4 68    5 59    6 88    7 62    8 80    9 45   10 88   11 96   12 83   13  4   14 59   15 19   16 59   17  2   18 46   19  6   20 30 
   1 32    2 21    3 14    4 18    5 32    6 73    7  4    8 78    9 41   10  6   11  8   12  2   13 72   14 52   15 17   16 31   17 71   18  6   19 18   20 58 
   1 88    2 78    3 81    4 94    5 86    6 81    7  6    8 56    9 52   10 48   11 25   12 14   13 56   14 81   15 94   16  1   17 29   18 24   19 13   20 41 
   1 95    2 76    3 42    4 10    5 47    6 80    7 92    8 47    9 79   10 71   11 38   12 32   13 29   14 26   15 53   16 33   17 81   18 84   19 59   20 57 
   1 81    2 20    3 66    4 26    5 69    6 48    7 43    8 38    9 46   10 82   11 96   12 93   13 43   14 69   15 77   16 15   17 25   18 12   19 27   20 37 
   1 25    2 96    3  1    4 86    5 25    6 16    7 64    8 81    9 70   10 23   11 21   12 38   13 62   14 57   15 28   16 46   17 97   18 16   19 79   20 47 
   1 23    2 47    3 58    4 67    5 51    6 78    7 85    8 53    9 29   10 51   11 99   12 39   13 87   14 26   15 62   16 97   17 34   18 93   19 27   20 71 
   1 41    2 35    3 73    4 15    5  8    6 27    7 64    8 85    9 35   10 51   11 15   12 62   13 36   14 46   15 46   16 29   17 20   18 21   19 12   20 67 
   1 13    2 75    3 17    4 60    5 82    6 58    7 95    8 11    9 73   10 71   11 10   12  6   13 82   14 91   15 70   16 37   17 45   18 68   19 61   20 66 
   1 14    2 88    3 41    4 57    5 60    6 74    7 25    8 49    9 52   10 35   11 66   12 76   13 60   14 90   15 25   16 75   17 42   18 23   19 46   20 59 
   1 12    2 25    3 84    4  8    5 57    6 26    7  6    8 40    9 33   10 61   11 73   12  2   13 17   14 72   15 59   16 86   17 35   18  4   19 73   20 83 
   1  4    2 52    3 92    4 74    5 84    6 80    7 61    8 99    9 22   10  5   11 89   12 27   13 50   14 18   15 18   16 27   17 67   18 80   19 92   20 43 
   1 66    2  8    3 44    4 37    5 21    6 63    7 63    8 28    9 84   10 76   11 48   12 20   13 92   14 66   15 18   16 64   17 43   18 63   19 69   20 37 
   1 34    2 65    3 39    4 63    5 67    6 40    7  6    8 78    9 99   10 13   11 64   12 83   13 89   14  2   15 39   16 74   17 40   18 18   19 59   20 90 
   1 29    2 52    3 96    4 78    5 49    6 80    7 89    8 58    9  1   10 44   11 54   12 12   13 38   14 21   15 44   16 59   17 61   18  2   19 52   20 18 
   1 89    2 96    3 60    4  4    5 97    6 66    7 86    8 87    9 49   10  1   11  2   12 62   13  3   14 29   15 11   16 94   17 40   18 50   19 70   20 49 
   1  9    2 86    3 97    4 67    5  6    6  1    7 44    8 42    9 57   10 68   11 72   12 25   13 94   14 84   15  1   16 98   17 10   18 42   19 63   20 94 
   1 43    2 72    3 61    4 68    5 99    6 76    7 68    8 65    9 68   10 45   11 49   12 90   13 34   14 50   15 68   16 47   17 22   18 26   19 31   20  2 
   1  8    2 39    3 29    4 12    5 36    6 81    7 93    8 83    9 30   10 61   11 27   12 27   13 97   14 80   15 16   16 94   17 48   18 37   19 70   20 41 
   1 45    2 29    3 31    4  3    5 98    6 61    7 93    8 29    9 64   10 26   11 52   12 17   13 81   14 80   15 23   16 23   17 64   18 11   19 54   20  7 
   1  9    2 86    3 73    4 27    5 56    6 74    7 90    8 47    9 34   10 99   11 84   12 34   13 42   14  7   15 97   16  5   17 71   18 59   19 89   20 62 
   1 27    2 71    3 93    4 17    5 67    6  3    7 21    8 30    9 93   10 14   11 11   12 45   13 87   14 55   15 94   16 79   17 27   18 91   19 39   20 84 
   1 73    2 30    3 21    4 94    5 83    6 92    7 78    8 80    9 64   10 30   11 89   12 90   13 52   14 93   15 13   16 17   17 37   18 86   19 76   20  1 
   1 72    2 71    3 80    4 40    5 35    6 63    7 73    8 64    9 83   10 93   11  8   12 35   13 12   14 19   15 78   16 73   17 71   18 45   19 93   20 23 
   1 46    2 27    3 44    4 35    5 13    6 99    7 57    8 13    9 60   10 94   11 52   12 39   13 36   14 84   15 79   16 77   17  6   18 13   19 19   20 23 
   1 20    2 60    3 71    4 12    5  5    6 36    7 10    8 27    9 46   10 60   11 67   12 21   13 27   14 48   15 23   16 55   17 91   18 88   19 30   20 26 
   1 45    2 63    3 12    4 33    5 44    6 44    7 28    8 21    9 68   10 71   11 74   12 65   13 61   14 78   15 40   16 57   17 59   18 98   19 71   20 31 
   1 14    2  5    3 53    4 78    5 71    6 97    7 85    8  1    9 32   10 73   11 85   12 62   13 20   14 83   15 50   16 28   17 14   18 81   19 22   20 21 
   1  7    2 30    3 89    4 61    5 93    6 48    7 32    8 50    9 67   10 89   11 55   12 80   13 64   14 36   15 91   16  5   17 24   18  1   19 76   20 56 
   1 77    2 61    3 79    4  8    5 70    6 46    7 24    8 68    9  6   10  8   11 93   12 47   13 94   14 48   15 87   16 12   17 12   18 67   19 10   20 26 
   1 76    2 18    3 49    4  8    5 84    6 66    7 70    8 87    9 19   10 62   11 56   12 64   13 17   14 94   15 96   16 44   17 82   18 51   19 49   20 29 
   1 30    2 27    3 83    4 32    5 79    6 72    7 94    8 49    9 80   10 30   11 96   12 76   13 48   14 20   15 77   16  5   17 78   18 44   19 76   20 76 
   1 21    2 85    3 28    4 89    5 15    6 31    7  3    8 23    9 77   10  7   11 88   12 60   13 70   14 96   15  9   16 76   17 57   18 44   19 45   20  3 
   1 19    2 96    3 59    4 40    5 47    6 51    7 40    8 15    9 20   10 51   11 56   12 42   13 86   14 17   15 57   16 62   17 28   18 38   19 45   20 43 
   1 49    2 32    3 67    4 56    5 93    6 46    7 29    8 63    9  6   10 53   11 56   12 18   13 77   14 22   15 61   16 26   17 23   18 80   19 17   20 11 
   1 14    2 34    3 84    4 30    5 84    6 68    7 50    8 98    9 14   10 47   11  2   12 81   13 99   14  8   15 95   16 70   17 55   18 40   19 89   20 83 
   1 19    2 10    3 36    4 23    5 16    6 32    7 14    8 19    9 50   10 14   11 78   12 78   13 56   14 54   15 73   16 68   17 77   18 55   19 23   20 68 
   1  2    2 69    3 36    4 53    5  8    6  2    7  5    8 21    9 39   10 86   11 80   12 89   13 35   14 19   15 44   16 53   17 44   18 94   19 13   20 85 
   1 13    2 99    3 16    4 47    5 15    6 43    7 41    8 32    9 31   10 56   11 12   12 18   13 26   14 13   15 40   16 96   17  5   18 46   19 89   20 12 
   1 83    2 72    3 20    4 63    5 11    6 90    7 56    8 35    9  8   10 69   11 90   12 40   13 66   14 25   15 21   16 22   17 18   18 48   19 43   20 46 
   1 96    2 29    3  2    4 38    5 81    6 54    7 18    8 87    9 13   10 52   11 63   12 10   13 14   14  4   15  6   16 81   17 59   18 39   19 69   20 39 
   1 25    2 17    3 31    4 64    5 83    6 21    7 64    8 71    9 84   10 98   11  5   12 27   13 87   14 69   15 43   16 60   17 14   18 79   19 22   20  3 
   1 38    2 97    3 91    4 23    5 31    6 46    7 62    8 70    9 61   10 86   11 13   12 90   13 41   14 12   15  7   16 67   17 62   18 16   19 12   20 75 
   1 86    2 46    3 77    4  3    5 61    6 60    7 36    8 67    9 24   10  1   11 68   12 56   13 87   14 39   15 60   16  1   17  6   18 16   19 36   20 22 
   1 74    2 36    3 64    4  5    5 17    6 86    7 25    8 44    9 39   10 27   11 58   12 50   13 51   14 86   15 62   16  5   17  1   18 90   19 35   20 55 
   1 11    2 79    3  9    4 98    5 56    6 65    7  8    8 73    9 49   10 20   11 20   12 33   13 95   14 39   15 98   16 46   17 98   18 10   19  2   20 69 
   1 98    2 48    3 44    4 93    5 28    6 73    7 76    8 56    9 85   10 23   11 83   12 72   13 60   14 91   15 26   16 20   17 74   18 17   19 40   20 79 
   1 32    2 73    3 29    4 42    5 44    6 43    7 67    8 85    9 15   10 99   11 35   12 85   13 97   14 51   15 49   16 75   17 41   18 36   19 97   20 28 
   1 77    2 66    3 25    4 69    5 17    6 36    7 21    8 82    9 30   10 37   11 52   12 21   13 97   14 21   15 82   16 36   17 99   18 86   19 84   20 36 
   1 37    2 75    3 64    4 77    5  1    6 42    7 40    8 36    9 75   10 68   11 67   12 56   13 19   14 21   15 49   16 97   17 26   18 80   19 33   20 22 
   1 17    2 65    3 94    4 36    5 77    6 30    7 52    8 15    9  3   10 84   11 46   12 27   13 46   14 43   15 61   16 40   17 26   18 84   19  7   20 18 
   1 97    2 38    3 19    4 64    5 13    6  4    7 99    8 50    9 56   10 82   11 97   12 22   13 41   14 27   15 62   16  7   17 24   18 93   19 73   20 71 
   1 94    2 67    3 62    4 54    5 92    6 69    7 22    8 25    9 42   10 67   11 63   12  5   13 65   14 50   15 12   16 57   17 55   18 14   19 49   20 65 
   1 98    2 86    3 79    4  7    5 41    6 30    7 77    8 86    9 98   10 98   11 32   12 35   13 70   14  7   15 62   16 52   17  7   18 94   19  1   20 96 
   1 30    2 79    3 35    4 14    5 28    6 98    7 58    8 48    9 94   10 84   11 87   12 77   13 74   14 59   15 61   16 37   17  9   18 16   19 87   20 55 
   1 66    2 15    3 68    4 21    5 19    6 88    7 25    8 78    9 80   10 15   11 24   12 75   13 18   14 10   15 84   16  8   17 95   18 72   19 77   20 57 
   1 45    2 49    3  4    4 86    5 64    6 66    7 49    8 38    9 30   10 81   11 95   12 46   13 95   14 32   15 89   16 59   17 94   18 63   19 46   20 14 
   1 93    2 72    3 69    4 67    5 30    6 45    7 29    8 62    9 29   10 53   11 80   12 20   13 34   14 82   15 33   16 24   17 60   18 36   19 26   20 40 
   1 42    2 67    3 16    4 25    5 10    6 79    7 63    8 42    9 67   10  8   11 45   12 78   13 73   14 54   15 72   16 58   17 24   18 29   19 99   20 83 
   1  1    2 70    3 35    4  2    5 50    6 90    7  4    8 27    9 12   10 13   11 29   12 57   13 84   14 85   15 66   16 41   17 95   18 83   19  9   20 78 
   1 41    2 19    3 59    4 39    5 81    6 26    7 59    8 59    9 87   10 15   11 38   12 83   13 29   14 58   15 94   16 27   17  2   18 32   19  1   20 16 
   1 43    2 54    3 15    4 16    5 79    6  8    7 58    8 43    9 92   10 88   11 67   12 91   13 23   14 23   15 37   16 63   17 91   18 57   19 82   20 26 
   1 74    2 36    3 50    4 57    5 16    6 73    7 84    8 50    9 75   10 18   11 86   12 66   13 58   14 31   15  6   16 40   17 78   18 56   19 61   20 41 
   1 63    2 32    3 65    4 56    5 26    6  2    7 39    8 72    9 66   10 87   11 81   12  6   13 68   14 33   15 87   16 41   17 76   18 21   19 22   20 69 
   1 67    2 82    3 49    4 18    5  7    6  3    7 80    8 51    9 10   10 14   11 54   12 40   13 96   14 33   15 71   16 27   17 59   18 23   19 49   20 23 
   1 26    2 90    3 73    4 55    5 66    6 18    7 23    8 59    9 39   10 63   11 49   12 64   13 79   14 52   15 15   16 69   17 99   18 59   19 99   20 63 
   1  9    2 46    3 59    4 97    5  7    6  8    7 84    8 28    9 37   10 74   11 19   12 25   13 45   14 66   15 21   16  9   17 95   18 46   19 86   20 52 
   1 51    2 79    3 83    4 16    5 12    6 68    7 36    8 19    9 39   10 74   11 91   12 31   13 23   14 17   15 78   16  1   17 10   18 98   19 17   20 83 
   1 50    2 10    3 63    4 40    5 79    6 45    7 93    8 91    9  6   10 84   11  5   12 92   13 55   14 42   15 58   16 97   17 62   18 79   19  6   20 93 
   1 57    2 81    3 80    4 39    5 82    6 72    7 38    8 35    9 64   10 21   11 10   12 56   13 22   14 72   15 48   16 91   17 82   18 70   19 44   20 76 
   1 36    2  3    3 83    4 85    5 89    6 49    7 55    8 82    9 23   10 77   11 31   12 41   13 50   14 93   15  7   16 16   17 53   18 52   19 12   20 11 
   1  9    2 71    3 27    4 93    5 51    6 15    7 20    8  2    9 51   10 63   11 74   12 84   13 72   14 34   15 33   16 24   17 68   18 61   19 92   20 31 
   1 47    2 53    3 75    4 68    5 78    6 87    7 16    8 70    9 35   10 24   11 38   12 32   13 38   14 82   15 39   16 15   17 15   18 65   19 32   20  3 
   1 67    2 16    3 58    4 82    5 79    6 42    7  5    8 49    9 87   10 21   11 24   12 45   13 11   14  7   15 98   16 24   17 74   18 23   19 16   20 63 
   1 86    2 18    3 64    4 51    5 78    6 24    7 83    8 14    9 59   10 56   11 76   12 67   13 16   14 99   15 35   16 31   17 46   18 75   19 45   20 77 
   1 39    2 93    3 60    4 58    5 17    6 52    7 22    8 49    9 11   10 89   11  2   12 71   13 23   14 54   15 63   16 40   17 16   18 32   19 21   20 20 
   1 61    2 86    3 96    4 75    5 42    6 95    7 51    8  1    9 55   10 30   11 90   12 73   13 38   14 55   15 10   16 70   17 86   18 75   19 43   20 45 
   1 24    2 29    3 88    4 37    5 30    6 92    7 73    8 73    9 29   10 41   11 97   12 30   13 88   14 43   15 13   16 46   17 82   18 85   19 33   20 41 
   1  3    2  8    3 13    4 92    5 83    6 51    7 68    8 65    9 89   10 10   11 85   12 72   13  8   14 75   15 35   16 60   17 26   18 98   19 84   20 12 
   1 95    2 95    3 20    4 17    5 15    6 74    7  5    8 34    9 73   10 42   11 69   12  1   13 32   14 14   15 33   16 44   17 13   18 90   19 66   20 71 
   1 89    2 30    3 83    4 67    5 69    6 43    7 39    8 29    9 73   10 66   11 59   12 99   13 61   14 26   15 35   16 61   17 14   18 53   19 75   20 14 
   1 82    2 57    3 28    4 62    5 21    6 10    7 49    8 67    9 18   10  8   11 32   12 63   13 44   14  1   15 10   16 48   17 84   18 94   19 63   20 98 
   1 82    2 39    3 24    4 39    5 59    6 36    7 73    8 21    9 45   10 37   11 93   12 35   13 13   14 43   15 52   16  6   17 38   18 35   19 65   20 17 
   1 30    2  5    3 13    4 72    5 42    6 86    7 30    8 80    9 47   10 22   11 54   12 69   13 20   14 54   15 64   16  9   17 95   18 20   19 17   20 55 
   1  8    2 12    3 20    4 92    5  3    6  1    7 86    8 40    9  6   10 78   11 19   12 86   13 21   14 31   15 36   16 90   17 55   18 18   19 80   20 14 
   1 98    2 22    3 21    4 45    5 17    6 13    7 34    8 52    9 36   10 29   11 39   12 76   13 52   14 65   15 66   16 65   17 53   18 24   19 27   20 47 
   1 30    2 98    3 68    4 93    5 31    6 42    7 21    8 70    9 42   10 37   11 23   12 52   13 36   14 65   15 90   16 58   17 13   18 49   19 42   20 30 
   1 83    2 69    3 72    4 81    5 69    6 92    7 59    8 60    9 87   10 28   11 17   12 51   13 58   14 83   15 84   16 44   17 13   18 80   19 24   20 51 
   1 77    2 55    3 35    4 35    5 61    6 19    7 44    8 73    9 88   10 36   11 82   12 78   13 63   14 35   15  9   16 37   17 62   18 48   19  6   20 16 
   1 69    2 25    3 21    4 46    5 19    6 47    7 64    8 28    9 90   10 68   11 98   12 20   13  3   14 66   15 67   16 32   17 73   18 98   19 93   20 32 
   1 72    2 89    3 90    4 17    5 55    6 20    7 93    8 80    9 80   10 88   11 64   12 43   13 85   14  7   15 42   16 82   17 99   18 29   19 80   20 35 
   1 42    2 70    3 97    4 80    5 12    6 84    7 29    8 12    9 67   10 58   11 74   12 83   13  3   14 72   15 25   16 82   17  9   18  5   19 77   20  6 
   1  7    2 95    3 47    4 31    5 63    6 27    7 79    8 73    9 92   10 52   11 37   12 72   13 18   14 61   15 41   16 92   17  6   18 65   19  7   20 62 
   1  6    2 85    3 31    4 31    5 98    6 54    7 46    8 56    9 12   10 53   11 63   12 52   13 89   14 96   15 36   16 90   17 38   18 60   19 51   20 60 
   1 73    2 45    3 55    4 76    5 52    6 37    7 81    8 68    9 16   10 85   11 90   12 96   13 63   14 25   15 80   16  7   17 50   18 84   19  1   20 77 
   1 76    2 39    3 54    4 80    5 25    6 93    7 84    8 68    9 63   10 32   11 78   12 98   13 43   14  1   15 15   16 81   17 27   18 94   19 39   20 96 
   1 36    2 53    3  8    4 74    5 47    6 78    7 36    8 19    9 43   10 89   11 58   12 20   13  8   14 79   15 72   16 46   17 96   18 36   19 36   20 31 
   1 50    2 87    3 74    4 51    5 62    6 20    7 39    8 74    9  1   10 26   11 51   12 44   13 73   14 19   15 93   16 48   17 85   18 56   19 61   20  2 
   1 91    2 73    3 65    4 39    5 71    6  5    7 73    8 93    9 25   10 46   11 55   12 25   13 53   14 56   15 92   16 11   17 89   18 61   19 85   20 53 
   1 29    2 89    3 46    4 16    5 50    6 48    7 15    8 19    9  8   10 41   11 62   12 13   13  1   14 92   15 70   16 20   17 88   18 25   19 91   20 28 
   1 73    2 66    3  1    4 45    5 59    6 30    7 10    8 54    9 72   10 58   11 91   12 86   13 43   14 16   15 45   16 11   17 84   18 99   19 43   20 88 
   1  9    2 77    3 11    4 17    5  8    6 60    7 44    8 48    9 66   10 66   11 62   12 75   13 10   14 10   15 60   16 94   17 35   18 76   19 76   20 73 
   1 32    2 30    3 24    4 35    5 88    6 84    7 69    8 73    9 74   10 64   11 63   12 34   13  1   14 56   15 94   16  4   17 61   18 97   19 38   20 14 
   1 63    2  2    3 16    4 24    5 97    6 63    7 85    8 60    9  6   10 68   11 92   12 59   13 66   14 91   15 61   16 89   17 48   18 34   19 51   20 21 
   1 88    2 10    3 69    4 72    5 69    6 19    7 18    8 60    9 50   10 70   11 29   12 30   13 15   14 65   15 21   16 97   17  1   18 36   19 20   20 81 
   1 36    2 60    3 40    4 66    5 39    6 31    7 41    8 86    9 95   10 67   11 31   12 40   13  9   14  1   15 95   16 40   17 56   18  3   19 23   20 83 
   1 98    2 49    3 87    4 52    5 25    6 71    7  8    8 30    9 29   10 40   11 74   12  5   13 21   14 32   15 98   16 69   17 42   18  5   19  5   20 22 
   1 37    2 70    3 42    4 27    5 61    6  6    7 95    8 50    9 17   10  9   11 59   12 12   13 94   14 86   15 62   16 46   17 10   18 33   19 35   20 29 
   1 85    2 53    3 51    4 52    5 41    6 66    7 32    8 83    9 63   10  9   11 98   12 20   13 88   14 95   15 31   16 63   17 88   18  9   19 94   20 90 
   1 33    2 10    3 99    4 73    5 23    6 62    7 70    8 21    9 46   10 15   11 51   12  8   13 54   14 86   15 58   16 12   17 70   18 22   19 72   20 24 
   1 59    2 47    3 45    4 28    5 56    6 86    7 66    8 57    9 90   10 53   11 82   12 18   13 39   14 35   15 72   16 87   17 79   18 50   19 29   20 61 
   1 64    2  1    3 95    4 12    5 95    6 75    7  8    8 28    9 72   10 16   11 88   12 13   13 29   14 37   15 65   16 38   17 53   18 23   19 23   20 70 
   1 33    2 18    3 52    4 39    5 34    6 92    7 12    8 34    9 65   10 27   11 81   12 45   13 35   14 43   15 39   16 88   17 58   18 51   19 48   20 24 
   1 65    2 16    3 65    4 70    5 81    6 81    7  9    8 21    9 51   10 40   11 49   12 64   13 47   14 71   15 77   16 21   17 25   18 50   19 48   20 39 
   1 68    2 45    3 78    4 41    5 97    6 90    7 40    8 63    9 26   10 91   11 60   12 78   13 78   14 84   15 54   16 49   17  7   18 26   19 79   20 90 
   1 12    2 26    3 56    4 75    5 88    6 73    7 61    8 21    9 49   10 50   11 77   12 33   13 51   14  3   15 57   16 29   17 28   18 92   19 40   20 98 
   1 38    2 26    3 10    4 79    5 91    6 65    7 31    8 91    9 56   10 65   11  5   12 48   13 40   14 60   15 29   16 52   17 86   18 64   19 19   20 58 
   1 71    2 41    3 74    4 93    5 77    6 63    7 73    8 13    9  3   10 80   11 65   12 56   13 20   14 80   15 31   16  4   17  6   18  9   19 56   20 46 
   1 55    2 28    3 39    4 13    5  4    6 32    7 37    8 39    9 11   10 84   11 52   12 29   13 86   14 87   15  7   16 46   17 77   18 44   19 91   20 77 
   1  1    2 58    3 73    4 47    5 48    6 90    7 52    8 15    9 30   10 38   11 38   12 38   13 25   14 63   15 73   16  3   17 34   18 16   19 77   20 92 
   1 83    2 81    3 61    4 70    5 68    6  8    7 36    8 77    9 96   10 78   11 41   12 24   13 37   14 33   15  8   16 87   17 58   18 76   19 98   20 32 
   1 58    2 43    3  8    4 64    5 22    6 34    7 81    8 22    9 16   10 34   11 99   12 19   13 16   14 27   15 50   16 10   17 83   18  5   19 54   20 87 
   1 29    2 72    3 61    4 54    5 68    6 24    7 54    8 49    9 85   10 56   11 41   12 52   13 42   14 39   15 48   16 34   17 70   18 18   19 37   20 50 
   1 25    2 43    3 56    4 12    5 20    6 98    7 14    8 70    9 57   10 62   11 72   12 44   13 82   14 47   15 52   16 62   17 43   18 56   19 85   20 65 
   1 90    2 86    3 97    4 94    5 27    6 39    7 71    8 38    9 75   10 57   11 11   12 53   13 97   14  3   15 72   16 91   17 87   18 85   19 29   20 80 
   1 50    2 18    3 98    4 62    5 84    6 19    7 87    8  7    9 61   10 98   11 17   12 19   13 35   14 46   15 30   16 34   17 23   18 94   19  2   20 77 
   1 78    2 41    3 69    4 23    5 61    6 11    7 44    8 83    9 13   10 56   11 31   12 16   13 81   14 76   15 37   16 76   17 37   18 40   19  9   20 69 
   1 59    2 33    3 36    4 11    5 87    6 99    7 26    8 16    9 13   10 59   11 50   12 17   13 26   14 49   15 80   16 19   17  8   18 92   19 15   20 15 
   1 12    2 22    3 22    4 85    5 67    6 94    7 80    8 24    9 49   10 79   11  1   12  2   13 18   14 65   15 36   16 45   17 93   18 92   19 81   20 63 
   1 46    2 41    3 78    4 33    5 28    6 75    7 60    8 17    9 21   10 41   11 87   12 47   13 33   14 19   15 49   16 23   17 12   18 16   19 11   20 16 
   1 49    2 66    3 62    4 42    5 77    6 83    7 89    8  7    9 26   10 64   11 84   12 94   13 92   14 99   15 88   16 37   17 54   18 22   19 98   20 90 
   1 71    2 69    3 34    4 63    5 33    6 36    7 76    8 68    9 63   10 35   11 51   12  4   13 44   14 32   15 92   16 11   17 34   18 73   19 17   20  9 
   1 30    2  7    3 94    4 79    5 24    6 20    7 62    8 87    9  3   10 76   11 50   12 69   13 36   14 76   15 60   16 50   17 14   18 71   19 83   20 28 
   1 29    2 22    3 90    4 68    5 98    6 12    7  4    8  1    9 18   10 30   11 64   12 43   13 56   14 54   15 24   16 24   17 10   18 69   19 76   20 53 
   1  4    2 78    3 97    4 14    5  6    6 39    7 73    8 88    9 14   10 12   11 11   12 56   13 15   14 79   15 48   16 35   17 30   18 51   19 70   20 56 
   1 38    2 24    3 72    4 26    5 26    6 16    7 37    8 81    9 20   10 19   11  4   12 47   13 56   14 50   15 50   16 75   17 35   18 63   19 12   20 96 
   1 79    2 71    3 57    4 32    5 78    6 86    7 93    8 34    9 93   10  8   11 47   12 98   13 16   14 65   15 36   16  8   17 34   18 93   19 39   20  7 
   1 52    2 16    3 77    4 92    5  5    6 35    7 11    8 41    9 28   10 61   11 50   12 16   13 22   14 57   15 56   16 53   17 29   18 25   19 27   20 34 
   1 85    2 56    3 47    4 91    5 21    6 79    7  1    8 23    9 72   10 55   11 91   12 69   13 13   14  9   15 85   16 15   17 93   18 91   19 93   20  5 
   1 15    2 62    3 70    4 62    5 80    6 95    7 21    8 20    9 95   10 63   11 81   12 23   13 46   14 76   15 34   16 52   17 41   18 91   19 83   20 23 
   1 70    2 20    3 77    4  7    5 17    6 97    7 33    8 29    9 63   10 31   11 95   12 11   13 69   14 66   15 35   16 95   17 12   18 61   19  2   20  6 
   1 77    2 62    3  1    4 69    5 55    6 51    7 65    8  1    9 71   10 85   11 34   12 88   13 57   14 19   15 84   16  8   17 39   18 60   19 77   20 58 
   1 30    2 20    3  9    4 95    5 73    6 51    7 77    8 32    9 96   10 54   11 31   12 37   13 91   14 28   15 10   16 87   17 10   18  4   19 94   20 67 
   1 59    2 57    3 16    4 71    5 37    6 17    7 68    8 67    9 53   10 67   11 56   12 76   13 19   14 81   15  3   16 24   17 22   18 94   19  7   20 49 
   1 31    2 88    3  3    4 79    5 92    6 95    7 46    8 78    9 40   10 51   11 70   12 14   13 90   14 30   15  4   16 92   17 86   18  7   19 71   20 54 
   1 79    2 27    3 35    4 50    5 45    6 63    7 84    8 90    9  7   10 96   11 20   12 87   13 40   14 75   15 10   16 84   17 13   18 89   19 60   20 18 
   1 48    2 75    3 26    4 74    5 37    6 52    7 86    8 33    9  8   10 58   11 60   12  1   13 93   14 65   15 94   16 32   17 42   18 69   19 57   20  2 
   1 82    2 68    3 77    4  6    5 15    6 39    7 36    8 69    9  8   10 41   11 30   12 99   13 18   14 30   15  6   16 94   17 10   18 63   19 46   20 14 
   1 35    2 31    3 45    4 18    5  1    6 74    7 59    8 82    9 59   10 14   11 70   12 79   13 14   14 14   15 38   16  2   17  4   18 35   19  5   20 77 
   1 18    2 46    3 16    4 42    5 72    6 65    7 56    8 64    9 44   10 32   11 73   12 11   13 86   14 25   15 56   16 14   17 87   18 97   19 70   20 37 
   1 91    2 55    3 55    4 48    5 50    6 52    7 82    8 73    9 79   10 71   11 50   12 28   13 37   14 21   15 38   16 46   17 48   18 41   19 29   20 60 
   1 56    2 57    3 84    4 58    5 89    6 23    7  7    8 62    9 80   10 22   11  6   12 44   13  1   14 51   15 30   16 74   17 22   18 38   19 17   20 70 
   1 73    2 76    3 57    4 92    5  5    6 33    7 61    8 76    9 65   10 58   11 43   12 68   13 44   14 78   15 71   16 96   17 73   18 32   19 61   20 87 
   1  3    2 92    3 68    4  2    5  6    6  2    7 32    8 48    9 21   10 42   11 99   12 49   13 11   14 75   15 40   16 69   17 39   18 15   19 57   20  9 
   1 66    2 64    3 72    4 98    5 79    6 32    7 30    8 56    9 58   10 75   11 80   12  1   13 12   14 79   15 72   16 46   17 80   18 23   19 61   20 54 
   1 53    2 25    3 20    4 60    5  1    6 98    7 51    8 48    9 99   10 82   11 48   12 22   13  3   14 14   15 33   16 63   17 89   18 79   19 35   20 22 
   1 30    2 96    3 35    4 32    5 43    6 99    7 14    8 89    9 23   10 78   11 10   12 80   13 19   14 44   15 29   16 69   17  5   18 60   19 54   20 75 
   1 69    2 95    3 97    4 24    5 98    6 54    7 37    8 25    9 31   10 87   11 20   12 33   13 74   14 58   15 43   16 39   17 63   18 80   19 83   20 72 
   1 23    2 24    3 64    4 76    5 99    6 21    7 12    8 85    9 63   10 29   11 12   12 29   13 46   14 49   15  8   16 43   17 88   18  9   19 17   20 73 
   1 68    2 23    3  2    4 16    5 14    6 87    7 56    8 50    9 27   10 87   11 74   12 41   13 62   14 68   15 59   16  7   17 41   18 65   19 30   20 89 
   1 27    2 60    3 28    4 77    5 22    6 40    7 68    8 58    9 54   10  1   11 81   12 29   13 37   14 47   15 40   16  9   17 98   18 98   19 93   20 37 
   1 22    2 86    3 43    4 91    5 88    6 28    7 32    8 89    9  6   10 57   11 85   12 13   13 12   14 33   15  2   16 36   17  3   18 75   19 84   20 40 
   1 11    2 63    3 64    4 53    5 90    6 25    7 31    8 83    9 24   10 33   11  1   12 54   13  9   14 56   15 42   16 23   17 56   18 57   19 13   20 96 
   1 74    2 72    3 17    4 62    5  4    6 13    7 28    8 91    9 63   10 50   11 12   12 18   13 38   14 26   15 89   16 53   17 85   18  7   19 49   20 90 
   1 53    2  8    3 39    4 37    5 44    6 63    7 92    8 16    9 33   10 12   11 86   12 90   13 43   14 96   15 24   16 63   17  2   18 39   19 28   20 18 
   1 48    2 28    3 93    4 92    5 61    6 57    7 85    8 14    9  6   10 13   11 32   12 10   13 31   14 38   15 89   16 97   17 83   18 50   19 78   20 55 
   1 53    2  3    3 31    4 60    5 10    6 96    7 55    8 11    9  3   10 41   11 14   12 85   13 59   14 60   15 18   16 77   17 32   18 63   19  7   20  1 
   1 42    2 81    3 77    4 84    5 26    6 54    7 83    8  7    9 37   10  3   11  1   12 44   13 27   14 60   15 81   16 34   17 22   18 81   19 15   20 81 
   1 69    2 39    3 61    4 66    5 17    6 91    7 16    8 98    9  7   10 64   11  1   12 91   13 67   14 57   15 94   16 16   17 55   18 83   19 72   20 92 
   1 87    2 50    3 52    4 48    5  9    6 93    7 93    8 19    9 16   10 48   11 33   12 17   13 73   14  1   15 88   16  1   17  4   18 56   19 29   20 17 
   1 18    2 87    3 65    4 83    5 59    6 34    7  5    8 14    9 65   10 71   11 28   12 64   13 84   14 10   15 41   16 16   17 22   18 48   19 54   20 53 
   1 59    2 77    3 87    4 18    5 37    6 75    7 50    8 27    9 37   10 10   11 94   12 74   13 41   14 22   15 15   16 31   17  4   18 48   19 32   20 94 
   1 63    2 82    3 96    4 88    5 93    6 15    7 27    8 34    9 84   10 92   11 11   12 83   13 87   14 47   15 98   16 38   17 50   18 69   19  5   20 68 
   1 15    2 47    3 17    4 34    5 62    6 87    7 45    8 68    9 89   10 48   11 88   12 53   13 76   14 76   15 85   16  1   17 65   18 93   19 83   20 39 
   1 10    2 77    3 65    4  4    5  8    6 85    7 71    8 87    9 12   10 93   11 65   12 67   13 11   14 94   15 58   16  7   17  1   18 71   19 40   20  9 
   1 86    2 51    3 35    4 41    5 38    6 89    7 64    8 90    9 35   10 62   11 51   12 13   13 92   14 36   15 13   16 96   17 10   18 27   19 92   20 51 
   1 77    2 30    3 91    4 65    5 16    6 41    7 15    8  3    9 81   10 60   11 71   12 49   13 64   14 90   15 93   16 63   17 61   18 67   19 81   20 21 
   1 56    2 13    3 50    4 29    5 66    6  6    7 47    8 57    9 48   10 90   11 54   12 15   13 46   14 22   15 79   16 45   17 22   18 77   19 85   20 12 
   1 76    2 40    3 13    4 29    5  2    6 42    7 85    8 72    9 71   10 89   11 99   12 11   13  3   14 29   15 88   16 37   17 17   18 17   19 39   20 14 
   1 36    2 49    3 50    4 52    5  9    6 28    7 42    8 67    9 19   10 97   11 34   12  6   13 21   14 76   15 92   16 10   17 87   18 68   19 36   20 62 
   1 78    2  9    3 54    4 81    5 74    6 16    7 98    8 27    9 61   10 76   11 39   12 35   13 54   14 67   15 64   16 93   17 19   18 64   19 89   20 87 
   1 70    2 75    3 61    4 69    5 24    6 41    7  9    8 53    9 44   10 83   11 17   12 45   13 43   14 87   15 98   16 89   17  5   18 39   19 98   20  8 
   1 40    2 56    3  5    4 73    5  6    6 41    7 61    8 89    9 40   10 12   11 71   12 43   13 73   14 58   15 24   16 85   17 42   18 16   19 24   20 91 
   1 34    2 20    3 36    4 42    5 61    6 81    7 47    8 37    9 70   10 61   11 60   12 54   13 67   14 64   15 71   16 26   17 63   18 79   19 79   20 86 
   1 38    2 66    3 30    4  5    5 61    6 60    7 54    8 71    9 36   10 79   11 47   12 73   13 83   14 12   15 11   16  3   17 56   18 94   19  2   20 28 
   1 63    2  7    3 86    4 94    5 22    6 93    7 79    8 54    9 95   10 11   11 56   12  5   13 56   14 52   15 60   16 93   17 46   18 41   19 44   20  8 
   1 42    2 62    3 49    4  3    5 58    6 80    7 48    8 26    9 49   10 61   11 41   12 92   13 54   14 70   15 96   16  2   17 84   18  4   19  5   20 36 
   1 33    2 39    3 75    4 43    5 42    6 20    7 19    8  8    9 69   10 92   11 88   12 41   13 40   14 11   15 72   16 28   17 91   18 39   19 72   20 33 
   1 23    2 55    3 54    4 61    5 69    6 27    7 25    8 80    9 51   10 14   11 92   12 48   13 84   14 79   15  8   16 51   17 98   18 29   19 80   20 93 
   1 71    2 49    3 16    4  2    5 95    6 74    7 94    8 13    9 30   10  3   11 64   12 11   13 47   14 33   15 22   16 94   17 36   18 61   19 24   20 76 
   1 54    2 57    3 40    4 35    5 60    6 42    7 86    8 82    9  5   10 11   11 89   12 17   13 15   14 29   15 34   16 17   17 61   18 74   19 94   20 20 
   1 76    2 18    3 93    4  9    5  9    6 23    7 27    8 84    9 76   10 86   11  7   12 14   13 90   14 68   15 53   16  2   17 51   18 21   19 91   20  5 
   1 47    2 22    3 84    4 73    5  5    6 96    7 45    8 68    9 21   10 55   11 82   12 91   13 97   14 22   15 38   16 20   17 72   18 59   19 24   20 71 
   1 80    2 73    3 15    4  2    5 87    6 85    7 44    8 82    9 62   10 13   11 25   12 81   13 28   14 74   15 15   16 58   17 61   18 58   19 41   20 35 
   1 88    2 58    3 59    4 84    5 40    6 97    7 63    8  5    9 14   10 57   11 98   12 86   13 33   14 10   15 99   16  9   17 91   18 98   19 39   20 41 
   1 22    2 45    3 95    4 94    5 21    6  6    7 54    8 92    9 97   10 90   11 31   12 92   13 60   14 71   15 15   16  4   17 41   18  1   19 72   20 35 
   1 90    2 68    3 45    4 72    5 75    6 85    7 35    8 97    9 94   10 24   11 10   12 84   13 61   14 58   15 89   16 34   17 54   18 59   19 37   20 69 
   1 94    2 75    3 10    4  7    5  1    6 68    7 25    8 81    9 48   10 30   11 13   12 28   13 50   14 14   15 31   16 33   17 98   18 29   19  9   20 61 
   1 32    2 97    3 39    4 56    5  9    6 51    7 61    8 96    9 28   10  3   11 45   12 51   13  6   14 91   15 41   16 79   17  4   18 10   19 47   20 68 
   1 73    2 57    3 54    4 65    5 62    6 31    7 47    8 89    9 80   10 19   11 25   12  1   13 51   14 66   15 72   16 24   17 49   18 27   19 91   20 82 
   1 85    2 38    3 91    4  2    5 76    6 77    7 14    8 65    9 75   10 59   11 32   12 29   13 49   14 52   15 89   16 42   17 69   18 69   19 56   20 28 
   1 81    2 38    3 91    4 56    5 86    6 42    7 35    8 51    9  5   10 48   11 26   12 41   13 20   14 81   15 52   16 31   17 26   18 85   19 61   20 27 
   1  3    2 78    3 33    4 78    5 99    6 72    7 35    8 14    9 10   10 99   11 57   12 81   13 92   14 53   15 57   16 24   17 83   18 70   19 49   20 74 
   1 11    2 29    3 14    4  5    5 28    6  4    7 67    8 69    9 12   10  4   11 48   12 47   13 98   14 59   15  5   16  9   17 23   18 69   19 40   20 44 
   1 64    2 29    3 95    4 83    5 83    6 78    7 71    8 97    9 21   10 91   11 63   12  2   13 24   14 24   15 63   16 20   17 15   18 81   19 55   20 94 
   1 90    2 53    3 59    4 53    5 69    6 59    7 56    8 30    9 87   10  3   11 95   12  1   13  9   14 29   15 45   16 97   17 67   18 57   19 26   20 53 
   1 92    2 36    3 89    4 75    5 63    6 57    7 74    8 78    9 13   10 39   11 75   12 48   13 59   14 91   15  3   16 27   17 63   18 22   19 12   20 67 
   1 48    2 13    3 48    4 57    5  9    6 33    7 62    8 69    9 45   10 79   11 80   12 84   13 94   14 22   15 32   16 28   17 94   18 31   19 11   20 65 
   1 84    2 45    3 63    4 65    5  7    6 94    7 36    8 87    9 34   10 96   11 73   12 79   13 79   14 62   15  3   16 30   17  3   18  4   19 64   20 83 
   1 88    2 86    3 31    4 54    5 34    6  6    7 41    8 39    9 52   10 44   11 52   12 25   13 23   14 84   15 93   16 58   17 57   18 73   19 73   20  2 
   1  2    2 86    3 72    4 74    5 62    6  3    7 90    8 43    9 98   10 93   11 48   12 71   13 85   14 56   15 44   16 31   17 71   18 37   19 13   20 21 
   1 12    2  5    3 46    4 66    5 15    6 36    7 93    8 67    9 66   10 56   11  5   12 19   13 73   14 45   15 21   16 77   17 54   18 78   19 17   20 29 
   1 89    2 14    3 22    4 80    5  8    6 87    7 85    8 17    9 53   10 82   11 37   12 19   13  4   14 69   15 43   16 10   17 94   18 30   19 87   20 94 
   1 92    2 27    3  9    4 38    5 58    6 77    7  8    8 30    9 75   10 32   11 36   12  3   13 21   14 72   15 81   16 99   17 43   18 65   19 59   20 47 
   1 11    2 74    3  6    4 48    5  8    6 37    7 44    8 14    9 63   10 51   11 86   12 96   13 44   14 28   15 80   16 29   17 98   18 14   19 53   20 97 
   1 58    2 91    3 97    4 14    5 81    6 92    7 59    8 41    9 42   10 26   11 54   12 84   13 73   14 18   15  6   16 31   17 61   18 36   19 80   20 16 
   1 50    2 34    3 18    4 60    5 61    6 22    7 35    8 96    9 57   10 62   11 97   12 91   13 99   14 70   15 36   16 23   17 97   18 96   19 59   20 48 
   1 79    2 80    3 27    4 76    5 20    6 97    7 89    8 44    9 77   10 15   11 13   12  5   13 66   14 55   15 22   16 20   17 64   18 74   19  8   20 27 
   1 32    2 61    3 58    4 28    5 68    6 17    7 41    8 55    9 10   10 35   11 73   12  6   13 92   14  6   15 26   16 81   17 76   18 93   19  1   20 90 
   1 47    2 65    3 46    4 78    5 94    6 11    7 65    8 65    9 37   10 27   11 65   12  5   13  4   14 48   15  7   16 74   17 57   18 23   19 24   20 63 
   1 85    2 63    3 60    4 72    5 63    6 54    7 31    8 76    9 53   10 39   11  3   12 16   13 49   14 44   15 92   16 41   17 13   18 11   19 41   20 96 
   1  1    2 11    3 98    4  5    5 36    6 78    7 23    8 96    9 83   10 47   11 80   12 15   13 82   14 32   15  9   16 18   17  4   18 38   19 74   20 31 
   1 83    2 74    3 63    4 45    5 91    6 88    7 15    8 96    9 80   10 64   11 14   12 73   13 80   14 43   15 74   16 77   17 39   18 14   19 15   20 75 
   1 34    2 32    3 73    4 88    5  4    6 32    7  9    8 94    9 83   10 47   11 57   12 96   13 16   14 92   15 95   16 37   17  9   18 55   19  9   20 46 
   1 83    2 49    3 38    4 62    5 44    6 43    7 13    8 76    9  7   10 35   11 84   12 50   13  6   14 37   15 39   16 69   17 54   18 20   19 35   20 35 
   1 59    2 60    3 51    4 26    5  8    6  8    7 80    8 76    9  2   10  7   11 91   12 98   13 16   14 78   15 65   16 87   17 34   18 38   19 18   20 56 
   1 72    2 42    3 43    4 41    5 58    6 83    7 26    8 95    9 88   10 16   11 79   12 54   13 50   14 14   15 68   16 25   17 45   18 77   19 17   20 29 
   1  9    2 90    3 60    4 96    5 13    6 89    7  1    8 86    9 34   10 24   11 93   12 32   13 60   14 17   15 72   16 61   17  2   18 68   19 68   20 15 
   1 40    2  9    3 63    4 33    5 45    6 74    7 42    8 59    9 58   10 86   11 22   12 36   13 30   14 70   15 43   16 80   17 60   18 86   19 80   20 12 
   1 36    2 31    3 54    4  8    5 85    6 74    7 31    8 60    9 57   10 46   11 71   12 39   13 45   14 84   15 41   16 75   17 99   18  8   19 20   20 33 
   1 67    2  4    3 41    4 56    5 86    6 49    7 24    8 33    9 43   10 64   11 53   12 29   13 62   14 77   15 64   16 50   17 35   18 58   19 44   20 69 
   1 53    2 86    3 68    4 45    5 29    6 30    7 78    8 75    9 26   10 38   11 71   12 18   13 26   14 55   15 14   16 39   17 15   18 73   19 31   20 39 
   1 85    2 93    3 38    4 62    5 57    6 22    7 83    8 39    9  2   10 38   11 56   12 90   13 17   14 13   15 24   16 68   17 51   18 31   19 70   20 82 
   1 88    2 75    3 36    4 32    5 68    6 74    7 98    8 72    9 50   10 19   11 53   12 11   13 37   14 85   15 68   16 45   17 72   18 82   19 34   20 64 
   1 39    2 53    3 71    4 78    5  2    6 50    7 81    8 77    9 23   10 19   11 30   12 13   13  6   14 24   15 29   16 88   17 17   18 40   19 63   20 44 
   1 48    2 19    3 80    4 33    5 50    6  8    7 17    8  1    9  5   10  8   11 18   12  7   13  5   14 14   15 65   16 73   17 93   18 50   19 13   20 71 
   1  5    2 29    3 74    4 48    5 70    6 58    7 12    8 83    9 29   10 86   11 93   12  8   13 52   14 65   15 86   16  6   17 21   18 14   19  1   20  4 
   1  8    2 81    3 49    4 23    5 15    6 53    7 69    8 13    9 69   10 88   11 72   12 75   13 84   14 70   15 91   16 26   17 57   18  5   19 39   20 13 
   1 22    2 65    3 38    4 56    5 71    6 87    7  4    8 76    9 64   10 15   11 25   12 20   13 76   14  2   15 77   16 81   17 19   18 86   19 44   20 21 
   1 45    2 48    3  5    4 11    5 17    6 83    7 83    8 39    9 43   10 50   11 39   12 96   13 26   14 79   15 83   16  2   17  3   18 55   19 64   20 11 
   1  2    2 87    3 55    4 74    5 20    6 10    7 55    8  5    9 32   10 94   11 22   12 47   13 71   14 11   15 46   16 10   17 49   18 55   19 95   20 83 
   1  5    2 91    3 30    4 98    5 50    6 51    7  8    8 73    9  6   10 96   11 62   12 31   13 69   14 83   15 36   16 22   17 96   18 86   19  6   20 31 
   1 38    2  9    3 57    4 83    5 97    6 48    7 41    8 26    9  5   10 30   11  2   12 38   13 85   14 70   15 23   16 30   17 60   18 95   19 21   20  4 
   1 26    2 31    3  5    4 86    5 68    6 47    7 82    8  3    9 11   10 79   11 75   12 45   13  3   14 89   15 53   16 87   17 73   18 53   19 68   20 33 
   1 52    2 34    3 24    4 81    5 31    6 43    7 44    8 57    9 94   10 81   11 69   12 91   13 82   14 56   15 12   16 25   17 17   18 19   19 22   20 80 
   1 82    2 92    3 37    4 75    5 23    6 54    7 79    8 83    9 36   10 25   11 18   12 36   13 77   14 89   15 28   16 55   17 35   18 57   19 50   20 99 
   1 16    2 18    3 84    4 40    5 30    6 44    7 73    8 72    9 28   10 70   11 24   12 14   13 95   14 10   15 37   16 87   17 82   18 81   19 99   20 95 
   1 50    2 49    3 54    4 66    5 83    6 18    7 37    8 41    9 83   10  8   11  4   12 21   13 52   14 45   15 69   16 75   17 66   18 45   19 19   20 39 
   1 25    2 18    3 73    4 54    5 86    6 43    7 87    8 10    9 80   10 46   11 31   12 19   13 61   14 21   15 70   16 42   17 99   18  3   19 72   20 83 
   1  3    2 48    3 86    4 66    5 28    6  1    7  4    8 91    9 20   10 85   11 65   12  8   13 59   14 70   15 37   16 84   17 93   18 24   19 41   20 22 
   1 94    2 46    3 70    4 45    5 15    6 81    7 21    8 48    9 31   10 44   11 17   12  2   13  3   14 30   15 80   16 96   17 51   18  9   19 87   20 18 
   1 67    2 44    3 63    4 60    5 79    6  2    7 41    8 67    9 59   10 73   11  5   12 58   13 55   14 34   15 51   16 52   17 45   18 13   19 54   20 63 
   1 77    2  9    3  6    4 14    5 47    6 27    7 47    8 12    9 82   10 75   11 34   12 31   13 46   14 98   15 90   16 35   17 25   18 80   19 19   20 12 
   1 92    2 91    3 29    4 44    5 56    6  1    7 26    8  3    9 63   10  6   11 44   12  2   13 57   14 97   15 80   16 67   17 72   18 42   19  7   20 84 
   1 20    2 61    3 44    4 85    5 34    6 97    7 25    8 30    9 21   10 87   11 53   12 11   13 28   14 59   15 20   16 89   17 18   18 42   19 55   20 62 
   1 85    2 31    3 81    4 37    5 44    6 44    7 69    8 61    9 57   10 90   11 90   12 91   13 72   14 51   15 35   16 13   17 56   18 40   19  3   20 81 
   1 86    2 97    3 58    4 54    5 97    6 26    7 92    8 48    9 20   10 73   11 34   12 68   13 60   14 94   15 72   16 51   17 82   18 62   19 49   20 36 
   1 82    2 74    3 76    4 59    5 30    6 75    7 99    8 13    9 52   10 49   11 88   12 20   13 88   14 18   15 25   16 58   17 89   18 13   19 13   20 13 
   1 72    2 34    3 31    4 53    5 24    6 28    7 77    8 41    9 82   10 17   11 67   12 62   13 67   14 29   15 24   16 85   17 60   18 85   19 20   20  1 
   1 68    2 44    3 68    4 77    5  7    6  6    7 50    8 23    9 74   10  1   11 82   12 28   13 99   14 61   15 80   16 88   17 98   18 52   19 18   20  7 
   1 60    2  3    3  1    4 82    5 81    6 61    7 87    8 25    9 21   10 25   11 26   12 44   13 75   14  6   15 48   16 13   17 34   18 24   19 28   20 55 
   1 23    2 72    3 33    4 17    5 93    6 73    7 21    8 70    9 28   10 51   11  7   12 42   13 27   14 46   15 56   16 18   17 23   18 32   19  4   20 77 
   1 41    2 25    3 49    4  1    5 52    6 33    7 36    8 46    9 62   10 96   11 15   12 49   13 75   14 77   15 49   16 81   17 96   18 48   19  3   20 15 
   1 18    2 25    3 47    4 49    5 19    6 64    7  1    8 31    9 73   10 35   11 92   12 39   13 35   14 21   15 50   16 94   17 66   18  9   19 41   20 28 
   1 16    2 86    3 19    4 76    5 78    6 61    7 34    8 64    9 29   10 93   11 86   12 97   13 85   14 29   15 95   16 84   17 29   18 27   19 73   20 20 
   1 12    2 32    3 87    4 41    5 87    6 76    7 41    8 83    9  8   10 62   11  6   12 23   13 83   14 23   15 79   16 22   17 80   18 28   19 71   20  6 
   1  4    2 70    3 53    4 54    5 70    6 84    7 64    8 94    9  3   10 34   11 45   12 29   13 42   14 36   15 46   16 91   17 92   18 35   19 33   20 60 
   1 76    2 33    3 72    4  9    5 14    6  2    7 39    8 22    9 25   10 33   11 40   12 45   13 50   14 98   15 85   16 73   17 66   18 28   19 17   20 40 
   1 93    2 80    3 42    4 63    5 27    6 64    7 57    8 67    9 41   10 17   11 32   12 84   13  2   14 84   15 60   16 72   17 63   18 22   19 40   20 91 
   1 18    2 30    3  2    4 81    5 88    6 28    7 35    8 44    9 88   10 94   11 28   12 80   13 26   14 27   15 61   16 26   17 23   18 94   19 64   20  8 
   1  9    2 41    3 19    4 29    5 87    6 56    7 14    8 20    9 61   10 27   11 88   12 58   13 29   14 51   15  9   16 53   17 75   18 34   19 62   20 75 
   1 58    2 46    3 70    4 31    5 80    6 21    7 81    8 90    9 74   10 52   11 83   12 11   13  1   14 42   15 53   16 37   17 28   18 86   19 13   20 35 
   1 24    2 92    3 61    4 30    5  7    6 21    7 54    8  4    9 23   10 70   11 22   12 84   13 87   14 88   15 62   16 89   17 21   18 83   19 19   20 19 
   1 79    2 50    3 19    4 67    5 45    6 82    7 96    8  5    9 95   10 89   11 86   12 34   13 52   14 51   15 30   16 54   17 72   18 84   19 70   20 42 
   1 39    2  1    3 74    4 63    5 86    6 49    7 22    8 28    9 79   10 67   11 21   12 37   13 74   14 92   15 81   16  2   17  4   18 47   19 38   20 94 
   1 36    2 57    3 74    4 23    5 76    6 24    7 97    8 23    9 13   10 61   11 61   12 55   13 45   14  3   15 56   16 58   17 67   18 39   19 41   20 28 
   1 13    2 78    3  9    4 52    5 17    6 66    7 32    8  4    9 89   10 49   11 54   12 31   13 45   14 65   15 24   16 91   17 46   18 19   19 96   20 56 
   1 57    2 26    3 44    4 24    5 87    6 96    7 15    8 54    9 88   10 56   11 41   12  1   13 67   14 72   15 58   16 22   17 87   18 77   19 33   20 84 
   1 13    2 58    3 78    4 70    5 23    6 69    7 63    8 16    9 85   10 47   11 57   12 72   13 30   14 46   15 23   16 92   17 23   18 75   19 64   20 33 
   1 36    2 81    3 78    4 34    5 72    6 81    7 75    8  3    9  7   10 60   11 21   12 68   13 30   14 93   15 14   16 69   17 64   18 52   19 68   20 28 
   1 72    2 48    3 60    4 53    5 36    6 96    7 45    8 29    9 67   10 47   11 63   12 45   13 28   14 76   15 92   16 98   17 72   18 71   19 64   20  5 
   1 81    2 80    3 32    4 30    5 24    6 12    7 41    8 81    9 67   10 60   11 20   12 76   13 67   14 96   15 93   16  1   17 24   18 59   19 28   20  4 
   1 92    2 65    3 39    4 91    5  2    6 96    7 74    8 63    9 79   10 78   11 74   12 30   13 77   14  7   15 30   16 92   17 49   18 15   19 31   20 38 
   1 33    2 87    3 25    4 37    5  6    6 98    7 69    8  2    9 76   10 87   11 87   12 38   13 77   14 81   15 98   16 63   17 11   18 64   19 11   20 65 
   1 19    2  5    3 40    4 54    5 99    6  9    7 92    8 76    9 86   10 41   11 45   12 40   13 65   14 73   15 24   16 51   17 16   18 36   19 41   20 69 
   1 60    2 43    3 63    4 95    5 87    6 72    7 97    8 64    9 37   10 18   11 62   12  1   13 61   14  6   15 92   16 51   17 99   18 13   19 70   20 48 
   1 95    2 89    3 84    4 45    5 68    6 54    7 42    8 98    9 14   10 26   11 84   12 52   13 14   14 25   15 46   16 24   17  8   18 90   19 58   20 61 
   1 32    2 83    3 85    4 67    5 89    6 86    7 96    8 19    9 49   10 58   11 33   12 13   13 68   14 95   15 44   16 42   17 28   18  3   19 65   20  9 
   1 14    2 14    3 74    4 65    5 57    6 68    7 54    8 96    9 12   10 76   11 88   12 55   13 72   14 80   15 51   16 64   17  2   18 94   19 35   20 30 
   1 91    2 86    3  5    4 99    5 90    6 75    7 16    8 50    9 71   10 46   11 34   12 37   13 69   14 67   15 39   16 41   17 88   18 50   19 29   20 39 
   1 92    2 58    3 80    4 55    5 90    6 71    7 99    8 39    9 44   10 81   11 46   12 20   13 22   14 24   15 23   16 89   17 86   18 21   19 74   20 51 
   1 60    2 88    3 77    4 67    5 98    6 20    7 72    8 77    9 25   10 15   11 64   12 56   13 89   14 90   15 16   16 45   17 99   18 92   19 94   20 35 
   1 95    2 62    3 17    4 56    5 63    6 75    7  9    8 67    9 45   10  8   11 54   12 23   13 87   14  4   15 24   16 48   17  2   18 52   19  2   20 41 
   1 72    2  2    3 26    4 37    5 22    6  5    7  6    8 87    9 10   10 34   11 11   12 83   13 42   14 94   15 15   16 32   17 42   18 78   19  8   20 94 
   1 32    2 89    3 51    4 93    5 51    6 30    7 91    8 75    9  8   10 64   11 25   12 57   13 45   14 14   15 78   16 98   17 73   18 49   19 65   20 10 
   1 43    2  5    3 21    4 52    5 38    6 56    7 48    8 30    9 79   10 73   11 34   12 66   13 75   14 17   15 53   16 88   17 24   18 64   19 26   20 55 
   1 57    2 41    3 43    4 18    5 86    6 32    7 84    8 47    9 66   10 12   11 58   12 94   13 60   14  8   15 24   16  3   17 70   18 28   19 75   20 39 
   1 30    2 46    3 19    4 18    5 46    6 61    7 93    8  1    9 16   10 29   11 61   12 44   13 27   14 42   15 76   16 48   17 51   18 14   19 29   20 28 
   1 27    2 60    3 32    4 24    5 38    6  5    7  4    8 56    9 85   10 73   11 34   12 28   13 13   14 63   15 14   16 20   17 59   18 62   19 61   20 94 
   1  5    2 72    3 24    4 79    5 36    6  8    7 48    8 50    9 62   10 15   11 69   12 58   13 91   14 13   15 28   16 42   17 20   18 97   19 46   20 75 
   1 64    2 53    3 94    4 32    5 53    6 62    7 93    8 87    9 82   10 24   11 61   12 79   13 81   14 60   15 67   16 44   17 94   18  1   19 36   20  9 
   1 11    2 83    3 22    4 57    5 63    6 93    7 54    8 40    9 27   10 85   11 21   12 72   13 59   14 46   15 91   16 41   17 48   18 22   19  4   20 87 
   1 88    2 85    3 68    4 10    5 17    6 73    7 28    8 33    9 62   10 36   11 14   12 66   13 77   14 11   15 60   16 39   17 79   18 14   19 25   20 42 
   1 53    2 50    3 14    4 61    5 98    6  4    7 83    8 40    9 39   10 36   11 41   12 59   13 44   14 47   15 55   16 75   17 86   18 48   19 33   20 83 
   1 41    2 87    3 83    4 69    5 76    6 46    7 23    8 75    9 39   10  4   11 26   12 55   13 44   14 70   15 53   16 93   17 74   18 71   19 38   20 44 
   1 14    2  2    3 20    4  9    5 58    6 44    7 56    8 38    9 79   10 23   11 35   12 71   13  6   14 23   15 82   16 21   17 41   18 69   19 17   20 48 
   1 55    2 98    3 34    4 24    5 53    6 60    7 90    8 20    9 84   10 75   11  1   12 45   13 46   14 31   15 18   16  9   17  4   18 27   19 22   20 56 
   1 23    2 59    3 42    4 10    5 28    6 86    7 60    8 56    9 28   10 37   11 57   12 82   13 98   14 34   15 59   16 14   17 81   18 88   19 43   20 79 
   1 40    2 38    3 52    4 11    5 55    6 82    7 19    8 51    9 80   10 34   11 51   12 37   13 50   14 87   15 69   16 18   17 99   18 56   19  3   20 63 
   1 65    2  2    3 65    4  1    5 33    6 56    7 73    8 10    9 14   10 69   11 43   12 74   13 58   14 24   15 69   16 98   17 67   18 85   19 50   20 22 
   1 29    2 55    3 14    4 85    5 98    6 53    7 73    8 89    9 98   10 56   11 18   12 71   13 22   14 13   15 64   16 15   17 71   18 94   19 30   20 37 
   1 26    2 44    3 59    4 49    5 12    6 61    7 91    8 15    9 60   10 45   11  1   12 96   13 61   14 10   15 55   16 39   17 99   18 39   19  4   20 56 
   1 93    2 92    3 45    4 47    5 83    6 84    7 91    8 49    9 65   10 76   11 54   12 97   13 87   14 66   15 20   16 73   17  9   18 82   19 92   20 52 
   1 98    2 69    3  7    4 58    5 84    6 87    7 58    8 58    9 48   10 29   11 94   12 78   13 90   14 13   15  5   16 40   17 96   18 99   19 43   20 24 
   1 90    2 64    3 21    4 75    5 62    6 76    7  8    8 52    9 44   10 99   11 54   12  5   13 70   14 42   15 61   16 38   17 11   18 52   19  5   20 48 
   1 24    2 13    3 12    4 96    5 83    6 62    7 12    8 45    9 41   10 83   11 42   12 29   13 55   14 17   15 76   16 33   17 94   18 13   19 76   20 31 
   1 55    2 75    3 94    4 63    5  2    6 73    7 24    8 33    9 48   10 90   11  1   12 36   13 57   14 78   15 28   16 70   17 17   18 14   19 16   20 70 
   1 24    2 20    3  9    4  8    5 48    6 20    7 45    8 64    9 76   10 70   11 88   12 28   13 77   14 94   15 22   16 48   17 90   18 76   19 68   20 84 
   1 63    2 60    3 63    4 80    5 91    6 95    7 68    8 71    9 21   10 42   11 79   12 62   13 76   14 79   15 71   16 73   17 57   18 73   19 58   20 94 
   1 55    2 55    3 28    4 12    5 53    6 86    7 60    8 54    9  8   10 35   11 52   12 42   13 39   14  4   15 69   16 42   17 50   18 21   19 72   20 10 
   1 65    2  6    3 67    4 83    5  6    6 45    7 82    8  9    9 13   10 95   11 18   12 51   13 78   14 53   15 85   16 27   17 87   18 96   19 79   20 66 
   1 55    2 99    3 98    4 89    5 62    6 70    7 26    8 36    9 22   10 52   11 22   12 98   13 38   14 54   15 83   16 39   17 46   18 29   19  9   20 45 
   1 55    2 41    3 72    4 12    5 36    6 35    7 66    8  6    9 38   10 67   11 79   12 31   13 83   14 50   15 53   16 51   17  8   18 44   19  7   20 56 
   1 24    2 67    3 87    4 96    5  3    6 30    7 75    8 60    9 29   10 34   11 78   12  9   13 84   14 31   15  3   16 18   17 34   18 94   19 70   20 66 
   1 49    2 92    3 67    4 63    5 99    6 69    7 93    8 18    9 79   10 75   11 16   12 91   13 14   14 50   15 95   16 30   17 26   18 41   19 20   20 54 
   1 48    2 83    3  8    4 15    5 76    6 61    7 23    8  2    9 33   10 37   11 38   12 13   13 79   14 22   15 35   16 91   17 90   18 25   19 72   20 55 
   1 97    2 76    3 51    4 37    5 57    6 25    7 58    8 17    9 53   10 77   11 98   12 89   13 37   14 69   15 72   16 57   17 38   18 49   19 90   20 16 
   1 40    2 96    3 49    4 28    5 89    6 19    7 75    8 89    9 32   10 93   11 79   12 84   13 70   14 82   15 18   16 57   17 87   18 17   19 57   20 14 
   1 20    2 81    3 94    4 43    5  4    6 21    7 67    8 25    9  9   10 25   11 60   12 17   13  7   14 22   15 64   16  9   17 83   18 10   19 26   20 10 
   1 84    2 58    3 88    4 31    5 15    6 49    7 47    8 54    9 24   10 37   11 93   12 18   13 45   14 91   15 62   16 54   17 41   18 41   19 39   20 90 
   1 63    2 40    3 23    4  1    5  1    6 69    7 16    8 23    9 17   10 56   11  5   12 47   13 81   14 79   15 61   16 25   17 23   18 21   19 56   20 21 
   1 77    2 43    3 97    4 61    5 55    6 42    7 30    8 23    9  5   10 64   11 62   12 14   13 99   14 63   15 68   16 16   17 18   18  2   19 26   20 87 
   1 68    2 97    3 99    4  1    5 70    6 26    7 83    8 50    9 22   10 94   11 76   12 55   13 41   14 60   15 14   16 21   17 79   18 88   19 37   20 55 
   1 28    2 28    3 44    4 51    5 19    6 88    7 77    8 93    9  8   10 41   11  1   12 63   13 73   14 34   15  5   16 15   17 32   18 24   19 27   20 31 
   1 79    2 82    3 72    4 15    5 79    6 23    7 22    8 34    9  7   10 31   11 29   12 35   13 73   14 73   15 45   16 53   17 22   18 95   19 38   20 50 
   1 60    2 73    3 87    4 99    5 10    6  6    7 96    8 94    9 88   10 35   11 90   12 96   13 99   14 76   15 89   16  8   17 26   18 53   19 35   20 15 
   1 99    2 81    3 29    4 24    5 46    6 42    7 84    8 18    9 12   10 64   11 95   12 88   13 50   14 75   15 47   16 84   17 10   18 40   19 22   20 99 
   1 66    2 94    3 27    4 94    5 61    6 47    7  3    8 52    9 49   10 19   11 99   12 60   13 81   14 79   15 73   16 76   17 48   18  6   19 98   20 62 
   1 18    2 49    3 37    4 20    5 41    6  6    7 76    8 81    9 30   10 32   11  9   12 73   13 81   14 18   15 95   16 84   17 58   18 70   19 69   20 47 
   1 95    2 89    3 14    4 97    5 32    6 34    7 24    8 89    9 38   10 76   11 29   12  6   13 26   14 37   15 83   16 69   17 10   18 83   19 17   20 25 
   1 41    2  1    3 50    4 45    5 17    6 68    7 11    8 23    9 37   10 66   11 78   12 13   13 86   14 33   15 21   16 11   17 19   18 41   19 60   20 88 
   1 74    2 86    3 97    4  4    5 13    6 12    7 44    8 66    9 37   10 10   11 30   12 80   13 37   14  2   15 68   16  4   17 77   18 60   19 50   20 61 
   1 72    2 76    3 99    4 41    5 43    6 25    7 45    8 80    9 97   10 87   11  9   12 97   13 66   14 75   15 46   16 69   17 55   18 56   19 85   20 91 
   1 65    2  7    3 80    4 45    5 73    6 67    7 46    8 39    9 80   10 28   11 40   12  5   13 22   14  9   15 18   16 65   17 10   18 58   19 10   20 65 
   1 20    2 68    3 79    4 81    5 56    6 73    7 61    8 77    9 34   10 12   11 67   12 83   13 55   14 46   15 82   16 28   17 93   18 69   19 59   20 72 
   1 51    2 89    3 26    4 54    5 70    6 40    7 72    8  9    9 50   10 34   11  6   12 55   13 43   14 93   15 74   16 57   17 78   18 44   19 86   20 98 
   1 81    2 80    3 50    4  7    5 28    6 15    7 41    8 38    9 81   10 24   11 53   12 15   13 19   14 26   15 53   16 12   17 20   18 10   19 44   20 32 
   1 17    2 37    3 78    4 25    5  3    6 14    7 80    8 21    9 80   10 85   11 23   12 53   13 67   14 82   15 19   16 38   17 48   18 45   19 68   20 11 
   1  5    2 80    3  9    4  6    5 88    6 75    7 51    8 76    9 67   10 78   11 97   12 31   13 57   14 71   15 37   16 78   17  7   18 52   19 53   20  7 
   1 28    2 70    3 21    4 11    5 90    6  7    7  7    8 94    9 67   10 27   11 29   12 77   13  3   14 15   15 38   16 14   17 17   18 12   19  7   20  4 
   1 96    2  3    3 91    4 44    5 80    6 84    7 53    8 98    9 51   10 71   11 69   12 77   13 58   14 71   15 76   16 88   17  6   18 68   19  2   20 96 
   1 44    2  5    3 98    4 80    5 83    6 27    7 58    8 13    9 64   10 38   11 69   12 37   13 48   14 45   15 65   16 86   17  7   18 18   19 84   20 38 
   1 77    2 68    3 74    4 11    5 55    6 76    7 46    8  4    9 42   10 22   11 16   12 25   13 21   14 47   15 15   16 67   17 36   18 90   19 49   20 56 
   1 68    2 30    3  3    4 68    5 60    6 22    7  9    8 63    9 40   10 64   11 85   12 24   13 70   14 51   15 22   16  9   17 20   18  5   19 39   20 41 
   1 28    2 33    3 81    4 81    5 50    6 58    7 72    8 57    9 76   10 49   11 41   12  9   13 64   14 93   15 50   16 31   17 25   18 60   19  3   20 44 
   1 44    2 75    3 36    4 59    5  3    6  6    7 30    8 46    9 13   10 66   11 28   12 53   13 89   14 43   15 28   16 12   17 41   18 10   19 46   20 33 
   1 31    2 91    3 18    4  1    5 77    6  3    7 26    8  3    9 81   10  1   11 90   12 35   13 86   14 63   15 24   16 25   17 20   18 22   19 73   20 36 
   1 52    2 13    3 58    4 52    5 18    6 47    7 78    8 55    9  1   10 40   11 29   12 86   13 17   14 70   15 25   16 84   17 55   18 65   19 97   20 29 
   1 61    2 92    3 96    4 13    5 66    6 96    7 27    8 46    9 93   10 99   11 51   12 13   13 96   14 13   15 48   16 70   17 96   18 28   19 94   20 55 
   1 71    2 88    3 24    4 68    5 73    6 41    7  2    8 18    9 37   10 51   11 43   12 85   13 51   14 75   15 95   16 71   17 77   18 17   19 17   20 73 
   1 30    2 23    3 48    4 21    5 14    6 82    7 12    8 94    9 96   10 74   11 94   12  5   13 63   14  2   15 71   16 69   17 59   18 39   19 59   20 27 
   1 10    2 24    3 24    4 50    5 86    6 33    7 54    8 66    9 31   10 54   11 57   12 66   13 43   14 51   15 80   16 66   17 76   18 62   19 91   20 87 
   1 49    2 94    3 22    4 38    5 88    6 76    7  7    8 37    9 50   10 42   11  4   12  2   13 44   14 34   15  1   16 41   17 52   18 79   19  1   20 45 
   1 92    2 55    3 98    4 69    5 18    6 79    7 77    8 53    9 86   10 76   11 33   12 96   13 26   14 18   15 71   16 51   17 72   18 50   19 41   20 73 
   1 31    2 57    3 61    4 47    5 25    6 94    7 11    8 13    9 12   10 29   11 20   12 67   13 48   14 99   15 91   16 77   17 34   18 14   19  7   20 96 
   1  6    2 29    3 62    4 20    5 99    6 89    7 27    8 25    9  6   10  9   11 99   12 68   13 14   14 65   15 72   16 59   17 43   18 70   19 76   20 63 
   1 16    2  8    3 11    4 49    5 33    6 62    7 82    8 22    9 50   10  4   11 53   12 79   13 26   14 48   15 81   16 90   17 80   18 62   19 75   20 61 
   1 25    2 34    3 88    4 37    5 88    6 85    7 77    8 76    9 36   10 23   11 97   12 65   13 28   14 34   15 57   16 84   17 59   18 18   19  1   20 40 
   1 82    2 22    3 34    4 60    5 26    6  5    7 45    8 57    9  3   10 75   11 29   12  7   13  8   14 13   15 98   16 86   17 57   18 94   19 18   20 78 
   1 72    2 31    3 51    4 74    5 34    6 97    7 25    8 76    9 28   10 75   11 17   12 74   13 54   14 36   15 60   16 45   17 92   18 31   19 80   20 99 
   1 48    2 68    3  7    4 20    5 22    6 62    7 23    8 52    9 77   10 26   11 88   12 87   13 58   14 34   15 25   16 56   17 77   18 40   19 12   20 57 
   1 40    2 14    3 44    4 88    5 11    6 59    7 41    8 39    9 21   10  2   11 15   12 91   13 25   14 13   15 80   16 50   17 42   18 39   19 98   20 87 
   1 16    2 53    3 67    4 69    5 45    6 59    7 52    8 96    9 38   10 13   11 44   12 69   13 30   14 11   15 94   16 81   17 42   18 34   19 53   20 59 
   1 35    2 74    3 19    4 91    5  6    6  5    7 23    8 62    9 60   10 47   11 13   12 86   13 89   14 79   15  7   16 78   17 54   18 27   19 11   20 85 
   1 70    2 38    3 42    4 82    5 74    6 16    7 41    8 46    9 35   10 71   11 62   12 66   13 20   14 91   15 47   16 31   17 45   18 47   19 82   20 44 

