ta116
500 20
   1 80    2 31    3  4    4 86    5 56    6 95    7 25    8 64    9 91   10 82   11  6   12 17   13 18   14 64   15  1   16 26   17 77   18 56   19 78   20 47 
   1 87    2 28    3 37    4 69    5 45    6 63    7 36    8 43    9 19   10 45   11  4   12 93   13 43   14 13   15 91   16 28   17 98   18 21   19 24   20 62 
   1 30    2 66    3 56    4 48    5 37    6 93    7 67    8 54    9 84   10 64   11  2   12 42   13 45   14 17   15 53   16 62   17 34   18 48   19 99   20 65 
   1 35    2 12    3 91    4 31    5 33    6 89    7 64    8 63    9 19   10 29   11 87   12 95   13 16   14 91   15 90   16 19   17 34   18 15   19 48   20 78 
   1 53    2 72    3 32    4 92    5 38    6 81    7 73    8 96    9 11   10 43   11 88   12 43   13 89   14 32   15 71   16  6   17 12   18 46   19 22   20 35 
   1 80    2 51    3 19    4 50    5 59    6 57    7 45    8 43    9 76   10 50   11 21   12 86   13  9   14 87   15 57   16 40   17 70   18 54   19 26   20 16 
   1  4    2 21    3 48    4 75    5 94    6 17    7 41    8 84    9 21   10 87   11 43   12 38   13 10   14 51   15 61   16 16   17 50   18 90   19 71   20 72 
   1 61    2 93    3  7    4 24    5 68    6 76    7 13    8 19    9 58   10 64   11 84   12 84   13 47   14 57   15 33   16 82   17 73   18 21   19 68   20  2 
   1 54    2 18    3 93    4 18    5  1    6 44    7 30    8 39    9 21   10 67   11 31   12 31   13 53   14  1   15 65   16 10   17 99   18 45   19 39   20  1 
   1 99    2 35    3 65    4 63    5  3    6 98    7 22    8 13    9 17   10 81   11 85   12 84   13 13   14 66   15 81   16 81   17 32   18 84   19 53   20 61 
   1 49    2  7    3 60    4 62    5 42    6  4    7 57    8 19    9 66   10 83   11 67   12 92   13 66   14 70   15 50   16 95   17 64   18 68   19  1   20 65 
   1 41    2 23    3 55    4 10    5 59    6 42    7 55    8  8    9  3   10 13   11  3   12 12   13 46   14 57   15 94   16 98   17 59   18 61   19 84   20  4 
   1 47    2 66    3 34    4 19    5 50    6 14    7 44    8  9    9 57   10 14   11 52   12 10   13 31   14 78   15 76   16 92   17 75   18  4   19 38   20 25 
   1 46    2 46    3  7    4  9    5 75    6 27    7  2    8 67    9 18   10 33   11 50   12 27   13 55   14 75   15 97   16 61   17  7   18 64   19 69   20 23 
   1 39    2 52    3 94    4 14    5 81    6 91    7 91    8 94    9 18   10 14   11 93   12 27   13 22   14 67   15 66   16 97   17 58   18 51   19 62   20 65 
   1 66    2 26    3 11    4 42    5 90    6 83    7 52    8 76    9 36   10 31   11  1   12 51   13  9   14 21   15 16   16 43   17 92   18 39   19 75   20  1 
   1 89    2 29    3  8    4 10    5 33    6 45    7 50    8 17    9 84   10 39   11 67   12 69   13 30   14 57   15  8   16 97   17 10   18 64   19 57   20 55 
   1 33    2 89    3 62    4 84    5 84    6 12    7 11    8 35    9 36   10 54   11 31   12  6   13 55   14 92   15 32   16 36   17 10   18 48   19  6   20 86 
   1 19    2 81    3 90    4 22    5 54    6 42    7 79    8  3    9 21   10 61   11 17   12 43   13 87   14  3   15 81   16 47   17 66   18 68   19 95   20 44 
   1 49    2 22    3 13    4 24    5 39    6 23    7 61    8 10    9 47   10 91   11 79   12 11   13 48   14 39   15 92   16 62   17 89   18 25   19 78   20 52 
   1  5    2 70    3 51    4 11    5 61    6 94    7 45    8 28    9 61   10 37   11 26   12 31   13 31   14 92   15 55   16  6   17 55   18 97   19  1   20 57 
   1 62    2 95    3 55    4  1    5 75    6 94    7 88    8 53    9  6   10 98   11  2   12 26   13 51   14 92   15 32   16 26   17 70   18 98   19 19   20 41 
   1 91    2 55    3 50    4 13    5 34    6  1    7 34    8 63    9 71   10 29   11 64   12 70   13 40   14 39   15 16   16 42   17 46   18 14   19 15   20 90 
   1 18    2 31    3 33    4 47    5 48    6  2    7 68    8 59    9  5   10 49   11 46   12 15   13 72   14 22   15 66   16 51   17 56   18 32   19 86   20 57 
   1 12    2 29    3 91    4 16    5 25    6 36    7 44    8 68    9  2   10 82   11 35   12 49   13 89   14 51   15 29   16 38   17 21   18 26   19 68   20  8 
   1  6    2 29    3 48    4 22    5 67    6 50    7  7    8 49    9 26   10 29   11 29   12 11   13 44   14 67   15 73   16 63   17 95   18 47   19 57   20 50 
   1 52    2 32    3 92    4 24    5 39    6 13    7 84    8 76    9 71   10 92   11 64   12 48   13 64   14  6   15 44   16 46   17 74   18 12   19 79   20  7 
   1 13    2 51    3 42    4 34    5 36    6 94    7 86    8  6    9 35   10 25   11 14   12 47   13 14   14  5   15 53   16 47   17 67   18 87   19 54   20 17 
   1 38    2 86    3 17    4 48    5 88    6 58    7 52    8 50    9  8   10 94   11 54   12 50   13 35   14 96   15  4   16 11   17 71   18 61   19 54   20 32 
   1 39    2 20    3 71    4  9    5 74    6 57    7 79    8 35    9 52   10 72   11 60   12 45   13 25   14 12   15 57   16 94   17  4   18 40   19 28   20 94 
   1 55    2 80    3 36    4 59    5 11    6 91    7 40    8 29    9 63   10 14   11 49   12 68   13 34   14  6   15 64   16 30   17 67   18 57   19 94   20 27 
   1  8    2 71    3 94    4 93    5 85    6 31    7 89    8 76    9 31   10 90   11 28   12 20   13 54   14 77   15 52   16 53   17 62   18 52   19 14   20 58 
   1 61    2 51    3 14    4 33    5 30    6 64    7  9    8 71    9 63   10 11   11 15   12 45   13 68   14 37   15 63   16 12   17 22   18 93   19  5   20 53 
   1 77    2 10    3 97    4 23    5 71    6 60    7 39    8 22    9 11   10 99   11 45   12 84   13 93   14 90   15 36   16 98   17 41   18 70   19 91   20 84 
   1 90    2 65    3 85    4 20    5 19    6 60    7 75    8 72    9 25   10 96   11 20   12 86   13 18   14 21   15 69   16 88   17 85   18 66   19  7   20 15 
   1 30    2 41    3 46    4 75    5 25    6 93    7 26    8 54    9 97   10 68   11 58   12 59   13 11   14 74   15 17   16 95   17 62   18 13   19 98   20 93 
   1  9    2 28    3 20    4 22    5 13    6 36    7 93    8 21    9 48   10 45   11 87   12 80   13 22   14 70   15 69   16 62   17 72   18  8   19 42   20 50 
   1 47    2 27    3 30    4 61    5 21    6 10    7 56    8 62    9 64   10 45   11 60   12 56   13 70   14 83   15 78   16 19   17 33   18 51   19 99   20 11 
   1 23    2 67    3 22    4 20    5 17    6 62    7 35    8 49    9 94   10 22   11 91   12  6   13 58   14 36   15 54   16 67   17 94   18 69   19 71   20 60 
   1 64    2  8    3 35    4 87    5 50    6 34    7 36    8  7    9 39   10 81   11 43   12 44   13 17   14 89   15 44   16 46   17 43   18 63   19 69   20 55 
   1 22    2 80    3 16    4 96    5 50    6 35    7 81    8 12    9 59   10 58   11  8   12  1   13 77   14 87   15  1   16 30   17 43   18 59   19 35   20 72 
   1 84    2  7    3 20    4  6    5 69    6 63    7 46    8 64    9 59   10 57   11 59   12 82   13 49   14 81   15 68   16 78   17 34   18 51   19 83   20 25 
   1  9    2  8    3 18    4 14    5 95    6 87    7 24    8 81    9 63   10 49   11  4   12 28   13 77   14 90   15 50   16 95   17 26   18  2   19 58   20 49 
   1 40    2 58    3  3    4 40    5 61    6 36    7 18    8 92    9 20   10 52   11 14   12 47   13 83   14 90   15 94   16 74   17 72   18 27   19 79   20 14 
   1 63    2 21    3 64    4 16    5 84    6 29    7 36    8 39    9 48   10 80   11 76   12 27   13 18   14 47   15 60   16 85   17 82   18 43   19 59   20 20 
   1 88    2 44    3 80    4 59    5  5    6 76    7 58    8 84    9 40   10  7   11 52   12  8   13 93   14 28   15 14   16 37   17 45   18 16   19 57   20 62 
   1 56    2 14    3 99    4 75    5 38    6  7    7 54    8 52    9 95   10 47   11 40   12 17   13 90   14 26   15 38   16 81   17 71   18 30   19 45   20 39 
   1 83    2 99    3  5    4 56    5 73    6 91    7 64    8 39    9 88   10 92   11 52   12 27   13 71   14 52   15 31   16 69   17 89   18 88   19 46   20 20 
   1 54    2 75    3 83    4 21    5 39    6 96    7 97    8 87    9 59   10 67   11 27   12 53   13 86   14 23   15 23   16 49   17 93   18 26   19 43   20 95 
   1 83    2 30    3 18    4 78    5 82    6 55    7 12    8 43    9 90   10 53   11 86   12 90   13 49   14  8   15 72   16 70   17 62   18 91   19 34   20 49 
   1 12    2 20    3 27    4 43    5 49    6 40    7 94    8 61    9 95   10  4   11 66   12  3   13 49   14 92   15 70   16 22   17 37   18 68   19 29   20 70 
   1 89    2 49    3  7    4 44    5 76    6 47    7 33    8 85    9 18   10 43   11 25   12 90   13 33   14 54   15 93   16  2   17 21   18  2   19 33   20 56 
   1 53    2 85    3 11    4 74    5 26    6 56    7 92    8 95    9 10   10  5   11 73   12  2   13 67   14 49   15 47   16 41   17 17   18 65   19 43   20 79 
   1 66    2 65    3 26    4 46    5 32    6 91    7 83    8 83    9 75   10 69   11 83   12 60   13 44   14 32   15 28   16  7   17 53   18 30   19 79   20 36 
   1 64    2 71    3 46    4  7    5 87    6 60    7 57    8 44    9 99   10 49   11 58   12 96   13 58   14 19   15 47   16 52   17 30   18 76   19 51   20 21 
   1 68    2 32    3 65    4 68    5 87    6 24    7 94    8 17    9 46   10 90   11 31   12 69   13 65   14 80   15 73   16 28   17 55   18 64   19 46   20 20 
   1 25    2 82    3 48    4 99    5  3    6 17    7 42    8 65    9 86   10 87   11 71   12 84   13 38   14 27   15 61   16 70   17 47   18 35   19 55   20 34 
   1 71    2 22    3 39    4 61    5 70    6  1    7 65    8 29    9 96   10 48   11 62   12 13   13 74   14 22   15 92   16 41   17 44   18  1   19 41   20 40 
   1 11    2 68    3 10    4 25    5 62    6 22    7 69    8 93    9 26   10  7   11 90   12 50   13 78   14 52   15 84   16 69   17 85   18 33   19 67   20 27 
   1 54    2 77    3 52    4 50    5 73    6 33    7 93    8 22    9 99   10  8   11 34   12 48   13 47   14 50   15 65   16  9   17 70   18 43   19 11   20 17 
   1 60    2 43    3 65    4 17    5 22    6 38    7 42    8 91    9 52   10 26   11 82   12 85   13 25   14 51   15 53   16 21   17 90   18 59   19 28   20 22 
   1 71    2 15    3 20    4 67    5 32    6 83    7 40    8 55    9 56   10 16   11 93   12  2   13 18   14 89   15 32   16 54   17 56   18 43   19 30   20 59 
   1 23    2 21    3 27    4 30    5 61    6 33    7  3    8 60    9 41   10  8   11  3   12 97   13 71   14 20   15 23   16 67   17 92   18 25   19 36   20 46 
   1 73    2  8    3 60    4 31    5 47    6  8    7 72    8 61    9 34   10 60   11 49   12 85   13 99   14 38   15 79   16 86   17 16   18 97   19 82   20 11 
   1 57    2 97    3  1    4 72    5 95    6 91    7 43    8 46    9 60   10 53   11 20   12 49   13 34   14 47   15 50   16 82   17 75   18 16   19 75   20 17 
   1 67    2 63    3 39    4 34    5 54    6 56    7 35    8 64    9 88   10 76   11 38   12 66   13  6   14 77   15 66   16  5   17 99   18 75   19 90   20 68 
   1 98    2 44    3 78    4 46    5 93    6 16    7 31    8 88    9 92   10 11   11 39   12 14   13 26   14 40   15 28   16 33   17 82   18 32   19 31   20 70 
   1 99    2 97    3 96    4 43    5 62    6 76    7 10    8 91    9 13   10 68   11 82   12 97   13 12   14 19   15 27   16 89   17 41   18 80   19 30   20  1 
   1 39    2 28    3 96    4 80    5 32    6 36    7 94    8 78    9 94   10 46   11 22   12 37   13 13   14 59   15 57   16 16   17 18   18 29   19 99   20 83 
   1 84    2 12    3 29    4 78    5 55    6 55    7 23    8 84    9 68   10 86   11 86   12 16   13 13   14 59   15 57   16  1   17 79   18 23   19 39   20 42 
   1 55    2 91    3 28    4 99    5 85    6 61    7 83    8 22    9 89   10 79   11  5   12 24   13 42   14 49   15 70   16 67   17 93   18 12   19 20   20 29 
   1 59    2 39    3  2    4 84    5 82    6 71    7 77    8 30    9 66   10 31   11 77   12 61   13 23   14 23   15 49   16  7   17 61   18 27   19 67   20 84 
   1 55    2  5    3 81    4 76    5  9    6 43    7 39    8 64    9 92   10 38   11 81   12 39   13 58   14 29   15 27   16 42   17 62   18 88   19 53   20 55 
   1 48    2 94    3 32    4 51    5 41    6 86    7 97    8 84    9 71   10 27   11 43   12 92   13 56   14 93   15 47   16 92   17 67   18 36   19 86   20  7 
   1 14    2 54    3 30    4  1    5 69    6 63    7 48    8 47    9 51   10 65   11 33   12 73   13  2   14 48   15 23   16 56   17 95   18 78   19 59   20 23 
   1 78    2  4    3 68    4 77    5 78    6 13    7 12    8 80    9 74   10 49   11 54   12 15   13 28   14 34   15 86   16 64   17 79   18 95   19 24   20 30 
   1 21    2  4    3 93    4  7    5 69    6 90    7 13    8 89    9 85   10  9   11 17   12  2   13 40   14 39   15 32   16 95   17 99   18 36   19 47   20 51 
   1 63    2 90    3  1    4 57    5 10    6 60    7 52    8  2    9 67   10 90   11 51   12 45   13 24   14 66   15  6   16 45   17  9   18 33   19 56   20 75 
   1 81    2 55    3 96    4 33    5 51    6 14    7 82    8 90    9 27   10 90   11 62   12 27   13 93   14 11   15  5   16 45   17 53   18 47   19 28   20 79 
   1 24    2 27    3 13    4  3    5  2    6 10    7 38    8 63    9  7   10 55   11 83   12  8   13 19   14 14   15 98   16 33   17 91   18 10   19 80   20 83 
   1 82    2 55    3 73    4 79    5 60    6 33    7 22    8 28    9 42   10 55   11 63   12 64   13 76   14 85   15 19   16 79   17 92   18 77   19 56   20 24 
   1 68    2 71    3 88    4 52    5 27    6 77    7 58    8 18    9 30   10 99   11 63   12 44   13 24   14 92   15 45   16 11   17 12   18 99   19 47   20  2 
   1 39    2  9    3 40    4 42    5 16    6 83    7 69    8 45    9 67   10 30   11 31   12 13   13 44   14  8   15 44   16 26   17 27   18 62   19 67   20 30 
   1 33    2 19    3 13    4 25    5 38    6 15    7 92    8  1    9 54   10 32   11 18   12 32   13 52   14 24   15 41   16 19   17 33   18 58   19 43   20 64 
   1 88    2 72    3 91    4  5    5 21    6 63    7 17    8 58    9 88   10 55   11 87   12 68   13  9   14  1   15 22   16 31   17 91   18 20   19 19   20 66 
   1 66    2 83    3 39    4 92    5 94    6  3    7  5    8 41    9 13   10 41   11 16   12 56   13 18   14  6   15 56   16 54   17 96   18 82   19 61   20 93 
   1 15    2 77    3 84    4 43    5 99    6 41    7 82    8 98    9 86   10 70   11 50   12 60   13 26   14 75   15 86   16 36   17 10   18 12   19 72   20 28 
   1 83    2  8    3 82    4 80    5 73    6  6    7  5    8 99    9 86   10 53   11 89   12  2   13 96   14 24   15 90   16 24   17 96   18 81   19 41   20 93 
   1 23    2 59    3  3    4  2    5 16    6 62    7 14    8 81    9 40   10 30   11 24   12 39   13 13   14 24   15 31   16 52   17 32   18 14   19 49   20 92 
   1 63    2 88    3 48    4 15    5 60    6 41    7 74    8 73    9 99   10 55   11 85   12 86   13  3   14 75   15 69   16 88   17 29   18 93   19 50   20 61 
   1  7    2 41    3  8    4 14    5 89    6 96    7 46    8  5    9 62   10 13   11  7   12 32   13 89   14 34   15  2   16 52   17 80   18 20   19 59   20 66 
   1 64    2 39    3  8    4 95    5 57    6 90    7 84    8 33    9 54   10 47   11 10   12 58   13  4   14 33   15 16   16 29   17 14   18 87   19 94   20 50 
   1 95    2 19    3 91    4 46    5 82    6 26    7 70    8 18    9 86   10 99   11 99   12 89   13 80   14 92   15 39   16 32   17 37   18 66   19 98   20 81 
   1 32    2 10    3 45    4 29    5  8    6 43    7 33    8 17    9 74   10 50   11 90   12 98   13 66   14 93   15 14   16 23   17 48   18 55   19  8   20 22 
   1 22    2 40    3 21    4 82    5 62    6 20    7 37    8 92    9 44   10 36   11  5   12 84   13 91   14  6   15 38   16 80   17 59   18 98   19 78   20 22 
   1 11    2 73    3 82    4 63    5 42    6 67    7 57    8 42    9 92   10 85   11 65   12 25   13 77   14 19   15 98   16 67   17  9   18 63   19 14   20 93 
   1 69    2 74    3  4    4 23    5 70    6 97    7 42    8  6    9 99   10 24   11 52   12 62   13 42   14 91   15 64   16 91   17 70   18  3   19 59   20 48 
   1 84    2 51    3 82    4  3    5  9    6  3    7 95    8 22    9 90   10 21   11 41   12 60   13 41   14 71   15 36   16 22   17  3   18  2   19 11   20 36 
   1 92    2 49    3 46    4 31    5  5    6  9    7 77    8 57    9 96   10 83   11 70   12 32   13 81   14 65   15 54   16 79   17 19   18 18   19 13   20 76 
   1  2    2 61    3 57    4 79    5 45    6 95    7 60    8 65    9 17   10  8   11 53   12 50   13  7   14  7   15 69   16 50   17 60   18 83   19 45   20 76 
   1 98    2 70    3 43    4 45    5 57    6 79    7 69    8 70    9 75   10 21   11  7   12 54   13 19   14 98   15 81   16 45   17  4   18 45   19 27   20 14 
   1 69    2 43    3 49    4 92    5  7    6 81    7 34    8 40    9 86   10  5   11 72   12  5   13 94   14 54   15 27   16 30   17 97   18 77   19 73   20 21 
   1 92    2 90    3 51    4 76    5 40    6 36    7 17    8 32    9 56   10 20   11 12   12 73   13 30   14 50   15 89   16 85   17 27   18 53   19 32   20 71 
   1 26    2 67    3 29    4 22    5 47    6 45    7 10    8 56    9  1   10 89   11 64   12 76   13 28   14 53   15 19   16 19   17 96   18 98   19 76   20 83 
   1  2    2 71    3 62    4 90    5 58    6 10    7 56    8 60    9 66   10 91   11  6   12 34   13 99   14 50   15 66   16 89   17 97   18 76   19 62   20 89 
   1 83    2  9    3 55    4 90    5 51    6 93    7 84    8 41    9 69   10 29   11 59   12 47   13 67   14 67   15 84   16 52   17 46   18 65   19  6   20 51 
   1 78    2 49    3 23    4 37    5 42    6 17    7 73    8 65    9  3   10 85   11 80   12 60   13 15   14 17   15 26   16 91   17 93   18 96   19 51   20 26 
   1 24    2  3    3 33    4 20    5 16    6 64    7 47    8 35    9  8   10 56   11 99   12 11   13 93   14 27   15 55   16 31   17 87   18 34   19 23   20 69 
   1 53    2 53    3 18    4 10    5  1    6 55    7 85    8  4    9 96   10 70   11 14   12 37   13 43   14 20   15 53   16 88   17 99   18 73   19  3   20 51 
   1 41    2 60    3 85    4 96    5 35    6 84    7 25    8  6    9 22   10  7   11 21   12 19   13 57   14 11   15 89   16 54   17 76   18 57   19 24   20 98 
   1 59    2 48    3 47    4 50    5 79    6 32    7 21    8 46    9 17   10 30   11 28   12 54   13 41   14 39   15 61   16  5   17 52   18 99   19 18   20  8 
   1 21    2 67    3 94    4 99    5 22    6 70    7 97    8 68    9 34   10 11   11 44   12 39   13 33   14 11   15 75   16 72   17 54   18 56   19 64   20 12 
   1 58    2 59    3 45    4 58    5 70    6 67    7 88    8  3    9 67   10 17   11 82   12 83   13 92   14 73   15 81   16 76   17 70   18 49   19 51   20 62 
   1 76    2 60    3 87    4 13    5 79    6 60    7 78    8 19    9 17   10 92   11 65   12 50   13 31   14  1   15 57   16 71   17 60   18 56   19 13   20 57 
   1 59    2 89    3 59    4 56    5 51    6 91    7 90    8 50    9 81   10 15   11 10   12 89   13 18   14 40   15 76   16  2   17 66   18 92   19 17   20 98 
   1 29    2 52    3 65    4 87    5 68    6 18    7 45    8 48    9 29   10 43   11 39   12 91   13 15   14 33   15 58   16 42   17 57   18 22   19 55   20 58 
   1 23    2 62    3 94    4 80    5 16    6 79    7 50    8 13    9 31   10 31   11 16   12 25   13 20   14 14   15 80   16 56   17 23   18 13   19 85   20 22 
   1 23    2 37    3 60    4 57    5 59    6 58    7 80    8  4    9 15   10 65   11 71   12 19   13  6   14 67   15 72   16 83   17 53   18 22   19 33   20 88 
   1 38    2 11    3 25    4 62    5 84    6 41    7 28    8 41    9  7   10 90   11 79   12 94   13 44   14 13   15 22   16 75   17 48   18 54   19 39   20 81 
   1 87    2 37    3 50    4 74    5 70    6 39    7 94    8 83    9 29   10  7   11 47   12 40   13 35   14 26   15 80   16 58   17 70   18 17   19 78   20 41 
   1 47    2 21    3 43    4 57    5 97    6 90    7 31    8 73    9 41   10 34   11 69   12 94   13 86   14 26   15  4   16 13   17 77   18 15   19 92   20 79 
   1 98    2 12    3 59    4 83    5 44    6 73    7 83    8 35    9 24   10 28   11 39   12 83   13 53   14 60   15 76   16 82   17 12   18 84   19 62   20 27 
   1 36    2 69    3 28    4 21    5 41    6  4    7  5    8 11    9 90   10 77   11  7   12  8   13 86   14  7   15 31   16 40   17  9   18 24   19 20   20  2 
   1 77    2 95    3 63    4 64    5 48    6 16    7 57    8 73    9 63   10 76   11 49   12  6   13 91   14 78   15 83   16 98   17  1   18 66   19 24   20 48 
   1 72    2 17    3  3    4 74    5 77    6 39    7 20    8 56    9 48   10 89   11 24   12 49   13 29   14 69   15 32   16  4   17 33   18 83   19 65   20 40 
   1 93    2 25    3 12    4 37    5 81    6 49    7 36    8 14    9 93   10 36   11 77   12 88   13 71   14 78   15 16   16 18   17 89   18 30   19 93   20 59 
   1 55    2 35    3 43    4 13    5 85    6 19    7 68    8  4    9 66   10 77   11 75   12 13   13 81   14 69   15 27   16 73   17 96   18 59   19 80   20 10 
   1 87    2 33    3 71    4  9    5 82    6 35    7 51    8 70    9 65   10 67   11 92   12 62   13 11   14 73   15 51   16 92   17 46   18 14   19 31   20 77 
   1 32    2 77    3 92    4 85    5 56    6 47    7 73    8 59    9 43   10 52   11 75   12 71   13 88   14 65   15 45   16 58   17 37   18 79   19 58   20 45 
   1 30    2 37    3 18    4 39    5 73    6 97    7 81    8  8    9 85   10 50   11 65   12 94   13 48   14 85   15 57   16 27   17 23   18 34   19 89   20 13 
   1 75    2 48    3 23    4 91    5 49    6  4    7 67    8 27    9 13   10 26   11 72   12 66   13 75   14 53   15 43   16 44   17  3   18  4   19 94   20 67 
   1 68    2 40    3 17    4 50    5 77    6 90    7 10    8 64    9 64   10 60   11 82   12 31   13 86   14 30   15 17   16 79   17 48   18 86   19  9   20 23 
   1 25    2 34    3 26    4 20    5 20    6 80    7 31    8 92    9 32   10 26   11 86   12 14   13 56   14 88   15 52   16 23   17  9   18  1   19 73   20 53 
   1 95    2 82    3 17    4 39    5 31    6 48    7 30    8 56    9 15   10 16   11 46   12 28   13 44   14 50   15 84   16 29   17 92   18 23   19 80   20 47 
   1 97    2 68    3 41    4  2    5 24    6 80    7 24    8 56    9 21   10 63   11 39   12 98   13 41   14  4   15 52   16 45   17 20   18 41   19 91   20 15 
   1 72    2 67    3 22    4 72    5 74    6 86    7  2    8 61    9 79   10 27   11 90   12 70   13 71   14 62   15 96   16 76   17 81   18 92   19 36   20 90 
   1 13    2 27    3 29    4 52    5 28    6 17    7 57    8 71    9 14   10 62   11 95   12  9   13 84   14 92   15 70   16 31   17 75   18 49   19 53   20 37 
   1 25    2  2    3 53    4 79    5 36    6 39    7 87    8 51    9 25   10 27   11 80   12 63   13 42   14 56   15 53   16 95   17 63   18 10   19 58   20 84 
   1 20    2 20    3 47    4 64    5  2    6 94    7 72    8 26    9 88   10 54   11 96   12 92   13 23   14 48   15 45   16 67   17 44   18 96   19 87   20 29 
   1  7    2  4    3 58    4 56    5 88    6 39    7 10    8 16    9 93   10 99   11 73   12 33   13 42   14 30   15 10   16 13   17 53   18 63   19 86   20 59 
   1  6    2 82    3 70    4 46    5 80    6 54    7 20    8 34    9  1   10 19   11 31   12 37   13 18   14 53   15 50   16 99   17 75   18 63   19 60   20 18 
   1 75    2 47    3 13    4 73    5 86    6 96    7 40    8  8    9 14   10 76   11 73   12 15   13 20   14 56   15 44   16 84   17 12   18 78   19 77   20  8 
   1 34    2 70    3 42    4 35    5 66    6 32    7 66    8 33    9 12   10 92   11 79   12 59   13 88   14 21   15  2   16 73   17 19   18 60   19 76   20 20 
   1 85    2 22    3 49    4 77    5 25    6 77    7 21    8 97    9 56   10 74   11 86   12  3   13  4   14 39   15 10   16 91   17 62   18  1   19 57   20 80 
   1 80    2 21    3 12    4 15    5 52    6 49    7 37    8 91    9  6   10 90   11 44   12 28   13 87   14 83   15 22   16  9   17 63   18 73   19 26   20 54 
   1 90    2 35    3 68    4 25    5 97    6 68    7 84    8 96    9  4   10 14   11 20   12 87   13 49   14 92   15 99   16 11   17 49   18 66   19 46   20 87 
   1 71    2  3    3 71    4  4    5 15    6 42    7 24    8 89    9 39   10 91   11 31   12 46   13 24   14 61   15 75   16 64   17 16   18 86   19 88   20 94 
   1 37    2 40    3 68    4 70    5 28    6  2    7  7    8 89    9 67   10 90   11 69   12 60   13  8   14  5   15 98   16 51   17 29   18 14   19 40   20 32 
   1 34    2 52    3 34    4 94    5  4    6 30    7 93    8 57    9 91   10 55   11 13   12 23   13 33   14 12   15 26   16  1   17  2   18  2   19 78   20 60 
   1 34    2 20    3 67    4 90    5 12    6 84    7 61    8 68    9 36   10 48   11 14   12 79   13 37   14 66   15 53   16 41   17 52   18 68   19  7   20 56 
   1 71    2 46    3 81    4 49    5 92    6 81    7 90    8 72    9 48   10 44   11 47   12 62   13 24   14 60   15 57   16  7   17 36   18 99   19 32   20 79 
   1 63    2 71    3 21    4 46    5  4    6  8    7 53    8 90    9 17   10 82   11 25   12 81   13  7   14 71   15 21   16 29   17 25   18 89   19  8   20 81 
   1 43    2 91    3 83    4 70    5 37    6 22    7 88    8 53    9 52   10 38   11 11   12 49   13 56   14  3   15 29   16 16   17 66   18 34   19 36   20 32 
   1 24    2 12    3  1    4  5    5 36    6  6    7 18    8 50    9 75   10 51   11 74   12 98   13 93   14 35   15 12   16 40   17 39   18 16   19 56   20 67 
   1 81    2 64    3 23    4 25    5 11    6  2    7 17    8 79    9 55   10  2   11  1   12 45   13 77   14 44   15 34   16 44   17 53   18 26   19 16   20 69 
   1 10    2  7    3  9    4 50    5  3    6 12    7 29    8  5    9 92   10 35   11 57   12 45   13 84   14 73   15 96   16 26   17 87   18 26   19 78   20 68 
   1 97    2 96    3 32    4 41    5 77    6 29    7 31    8  7    9 24   10 33   11 18   12 60   13 16   14 96   15 98   16 33   17 61   18 58   19 75   20 89 
   1 73    2  8    3  4    4 33    5 20    6 93    7 53    8 58    9 98   10 50   11 16   12 43   13 37   14 90   15 42   16 31   17 62   18 31   19 14   20  9 
   1 74    2 70    3 40    4 64    5 71    6  6    7 86    8 44    9 52   10 44   11 77   12 72   13 62   14 88   15 80   16 13   17 57   18  1   19 54   20 62 
   1 95    2 23    3 80    4 62    5 80    6 31    7 14    8 65    9 32   10 25   11 92   12 16   13  8   14 22   15 40   16 19   17  5   18 94   19 93   20 40 
   1 25    2 26    3 59    4 37    5 83    6  7    7 87    8 76    9 53   10 58   11 96   12 55   13 97   14  9   15  9   16 87   17 17   18 39   19 69   20 17 
   1 78    2 28    3 77    4 90    5 57    6 49    7 26    8 98    9 61   10 81   11 55   12 94   13 94   14 49   15 36   16 35   17 53   18 58   19  5   20  1 
   1 90    2 41    3 19    4  2    5 53    6 73    7  4    8 42    9 87   10 92   11 89   12 18   13 97   14  2   15 50   16 26   17 72   18  7   19 31   20 25 
   1 18    2 74    3 70    4 13    5 11    6 63    7 76    8 79    9 86   10 18   11 71   12 38   13 77   14 66   15 71   16 54   17 81   18 30   19 75   20 70 
   1 87    2 60    3 16    4 13    5 97    6 63    7 23    8 29    9 38   10 38   11 75   12 82   13 37   14 73   15 90   16 69   17 87   18 55   19 34   20 20 
   1 76    2 82    3 39    4 62    5 50    6 62    7 17    8 73    9 86   10 28   11 36   12 95   13 53   14 78   15 30   16 61   17 69   18 60   19 35   20 70 
   1 57    2 25    3 65    4 53    5 80    6 43    7 85    8 37    9 25   10 58   11 80   12 25   13 49   14 51   15 17   16 19   17 23   18  4   19 31   20 56 
   1 67    2 99    3 41    4 64    5 42    6  8    7 28    8 56    9 13   10 19   11 58   12 84   13 20   14 35   15 68   16  9   17 73   18 25   19 48   20 51 
   1  1    2 16    3 22    4 98    5 39    6 46    7 81    8 36    9 63   10 71   11 37   12 51   13 14   14  4   15 85   16 38   17 71   18 76   19 31   20 40 
   1 36    2 59    3 85    4 39    5 86    6 28    7 34    8 31    9 80   10 68   11 91   12  5   13 51   14 83   15 34   16 37   17 37   18 69   19 23   20 80 
   1 28    2 35    3 71    4 82    5 64    6 31    7 84    8 46    9 39   10 93   11 46   12  5   13 85   14 64   15 17   16 65   17  3   18 23   19 99   20 75 
   1  3    2 79    3 25    4 87    5 26    6 19    7  7    8 30    9 68   10 56   11  7   12 78   13 95   14 20   15 98   16 66   17  8   18 34   19 33   20  3 
   1 58    2 32    3 42    4 57    5 74    6 77    7  3    8 83    9 20   10 14   11 50   12 72   13 84   14 68   15 50   16 83   17 61   18 73   19 27   20 63 
   1 15    2 10    3  6    4 47    5 25    6 77    7 98    8 20    9 99   10 56   11 69   12 52   13  5   14 89   15  9   16 12   17 81   18 13   19 57   20 91 
   1 50    2 38    3 63    4 93    5 46    6 48    7 40    8 51    9 70   10 15   11 36   12 26   13 57   14 78   15 39   16 44   17 24   18 10   19 80   20 69 
   1 54    2 27    3 72    4  1    5 43    6  5    7 52    8 64    9 45   10 85   11 59   12 10   13 66   14 23   15 76   16 16   17  1   18 43   19 49   20 10 
   1 35    2  7    3 29    4 74    5 48    6 66    7 26    8  9    9 22   10 61   11 45   12 48   13 35   14 31   15 41   16 48   17 62   18 53   19 61   20  4 
   1 33    2 30    3  2    4 86    5 21    6 49    7 52    8 39    9 74   10 12   11 36   12 76   13 42   14 63   15 93   16 52   17 25   18 71   19 33   20 47 
   1 79    2 88    3 46    4 10    5 24    6 31    7 16    8 73    9 43   10 25   11 55   12  8   13 97   14 33   15 43   16 88   17 63   18 33   19 72   20 68 
   1 20    2 86    3 90    4 31    5 27    6 51    7 37    8 51    9 93   10 95   11 84   12 32   13 77   14 60   15 23   16 38   17 96   18 35   19 85   20 26 
   1 85    2 53    3 93    4 27    5  4    6 34    7 69    8 43    9 13   10 85   11 54   12 92   13 89   14 43   15 78   16  8   17 80   18 72   19 60   20 91 
   1  7    2 77    3 26    4 44    5 88    6 49    7 96    8 71    9 14   10 99   11 73   12 80   13  4   14 94   15 20   16 42   17 10   18 28   19 44   20 16 
   1 81    2 20    3 21    4 38    5 29    6  4    7 81    8 90    9 27   10 12   11 98   12  5   13 33   14 82   15 63   16 73   17 66   18 74   19  2   20 95 
   1 57    2 38    3 93    4 74    5 22    6 36    7 11    8  9    9 98   10 58   11 72   12 72   13 80   14 57   15 49   16 39   17 49   18 99   19 64   20 13 
   1 96    2 55    3 50    4 26    5 32    6 53    7 98    8 44    9 52   10 18   11 52   12 87   13 29   14 31   15 89   16 26   17 37   18 17   19 98   20 77 
   1 77    2 48    3 76    4 53    5  6    6 68    7 78    8  4    9  3   10 47   11 32   12 24   13 13   14 96   15  6   16 67   17 87   18 61   19 90   20 69 
   1 24    2 65    3 88    4 78    5 37    6 62    7  7    8 40    9 60   10 99   11 78   12 91   13 91   14 57   15 88   16 52   17 84   18 77   19 28   20 57 
   1 19    2 44    3 66    4 35    5 68    6 36    7 76    8 68    9 10   10 94   11 80   12 43   13 21   14 74   15 62   16 24   17  1   18 38   19 40   20  8 
   1 99    2 75    3 31    4 91    5 74    6 42    7 73    8 27    9 91   10 40   11 48   12 32   13 77   14 56   15  6   16 94   17 17   18 79   19 85   20 94 
   1 89    2  1    3 53    4 71    5 83    6 84    7 95    8 17    9 49   10 15   11 86   12 16   13 74   14 69   15 70   16 89   17  2   18 71   19 44   20  6 
   1 55    2 87    3 32    4 62    5 50    6 34    7 37    8 88    9 41   10 80   11 34   12 77   13  3   14 53   15 43   16 33   17 51   18 66   19 25   20 56 
   1 87    2 47    3 58    4 99    5 99    6  4    7 51    8 23    9 91   10 85   11 39   12  6   13 58   14 76   15 59   16 79   17 79   18  7   19 71   20 29 
   1 49    2 46    3  2    4 79    5 20    6 58    7  6    8 11    9 19   10 30   11 94   12 92   13 15   14 59   15 12   16  4   17 95   18 38   19 70   20 48 
   1 17    2 78    3 82    4 28    5 20    6 97    7 31    8 18    9 78   10  5   11 54   12 71   13 65   14 80   15 13   16 28   17 44   18  4   19 39   20 89 
   1 21    2 50    3 90    4 91    5 93    6 33    7 78    8 94    9 50   10 38   11 97   12  4   13 16   14 81   15 75   16  3   17  4   18 87   19 20   20 75 
   1 13    2  7    3 70    4 56    5  1    6 70    7 28    8 30    9 52   10 18   11 49   12 47   13 69   14 86   15 30   16 57   17 41   18 20   19 14   20 71 
   1 11    2 78    3 51    4  7    5 18    6 42    7  1    8 42    9 92   10 44   11 46   12 86   13 14   14 72   15 56   16 89   17 57   18 36   19 10   20 87 
   1 46    2 87    3 16    4 92    5 20    6 70    7 44    8 63    9 53   10 87   11 79   12 47   13  8   14 77   15 74   16 58   17 73   18 59   19 87   20 44 
   1 50    2 13    3 65    4 93    5 98    6 30    7  5    8 87    9  9   10 43   11 49   12 75   13 53   14 96   15 81   16 38   17 94   18 33   19 62   20 51 
   1 25    2 69    3 40    4 38    5 83    6 37    7 83    8 26    9 99   10 81   11 17   12 69   13 92   14 99   15 14   16 84   17 27   18 41   19 34   20  2 
   1 99    2 90    3 28    4 79    5 60    6 42    7 12    8 90    9 44   10 13   11 46   12 91   13 92   14 59   15 84   16 70   17 61   18 86   19 24   20 88 
   1  8    2 52    3 65    4 91    5 45    6 14    7 87    8 55    9 85   10 64   11 63   12 72   13 42   14 20   15 40   16 95   17 86   18 92   19 13   20 36 
   1  2    2 35    3 29    4 47    5  6    6 10    7 45    8 94    9 28   10 49   11 65   12 69   13 20   14 84   15 30   16  3   17 22   18 35   19 44   20 55 
   1 48    2 60    3 58    4 36    5 31    6 63    7 93    8 94    9 20   10 48   11 51   12 16   13 23   14 88   15 55   16 38   17 84   18 59   19 26   20 26 
   1 21    2 71    3 17    4 33    5 79    6 12    7 68    8 44    9 21   10 74   11 18   12 54   13 70   14  1   15 98   16 51   17 20   18 80   19 21   20 34 
   1 29    2 62    3 40    4 97    5 72    6 10    7 32    8  8    9 65   10 51   11  8   12 92   13 91   14 15   15 32   16 76   17 65   18 63   19 90   20 59 
   1 21    2 66    3 65    4 30    5 20    6 13    7 81    8  5    9 23   10 90   11 41   12 42   13  2   14  6   15 66   16 66   17 57   18 20   19 51   20 87 
   1 17    2 26    3 72    4 88    5 33    6 35    7 25    8 87    9 76   10 25   11 36   12 93   13 79   14 84   15  3   16  3   17 85   18 26   19 82   20 32 
   1 92    2 52    3 28    4 14    5 59    6 40    7 14    8  7    9 75   10 52   11 28   12 24   13 26   14 65   15 53   16 54   17 45   18 45   19  3   20 27 
   1 89    2 40    3 37    4 21    5 69    6 80    7  6    8 34    9 37   10 35   11  9   12 59   13  6   14 29   15 54   16 88   17  3   18 95   19 29   20 49 
   1 91    2 75    3  9    4 89    5 19    6 83    7 86    8 82    9 90   10 96   11 77   12 19   13 66   14 74   15 94   16 17   17 10   18 71   19 46   20 11 
   1 32    2 51    3 44    4 67    5 46    6 47    7 73    8 44    9 22   10 80   11 41   12 86   13 25   14 10   15 82   16  9   17 88   18 40   19 91   20 79 
   1  3    2 33    3 91    4  8    5 95    6 83    7 39    8 63    9 20   10 77   11 76   12 26   13 70   14 15   15  7   16 91   17 13   18 29   19 75   20 51 
   1 26    2 79    3 56    4 75    5 90    6  4    7 21    8 51    9 54   10 79   11 63   12 13   13 52   14 87   15 86   16 37   17 19   18 22   19 33   20 54 
   1 21    2 77    3 99    4 94    5 98    6 75    7 57    8  4    9 21   10 84   11 26   12 99   13 61   14 75   15 79   16 68   17 66   18 33   19 16   20 73 
   1 55    2 52    3 73    4 59    5 48    6 84    7 13    8 86    9  4   10 70   11 60   12 54   13 12   14 31   15  8   16 66   17 52   18 20   19 55   20 54 
   1 91    2 62    3 46    4 53    5 87    6 33    7 72    8 37    9 25   10 37   11 53   12 26   13 97   14  7   15 41   16  4   17 32   18 96   19 68   20 96 
   1 39    2 42    3 44    4 97    5 76    6 61    7 64    8  3    9 14   10 57   11 14   12 53   13 55   14 24   15 24   16 63   17 26   18 40   19 71   20 60 
   1  4    2 62    3 49    4 29    5 12    6  7    7 14    8 85    9 82   10 57   11 41   12 38   13 31   14 24   15 21   16 72   17 94   18 32   19 10   20 15 
   1  9    2  2    3 18    4 68    5 70    6 74    7 70    8 15    9 72   10 10   11 48   12 96   13 68   14 54   15 47   16 79   17 12   18 88   19 75   20 33 
   1 90    2 45    3 85    4 93    5 77    6 62    7 76    8 62    9 63   10 85   11 27   12 89   13 81   14 97   15 30   16 11   17  8   18 92   19 79   20 16 
   1  3    2 37    3 94    4  7    5  2    6 69    7 71    8 69    9 39   10 68   11  1   12 63   13 30   14 74   15 71   16 54   17 44   18 99   19 69   20 45 
   1 68    2 69    3  4    4 96    5 52    6 58    7 84    8 41    9 18   10 99   11 50   12 71   13 66   14 31   15 20   16 44   17 47   18 30   19  4   20 50 
   1 23    2 81    3 84    4 10    5 60    6 73    7 19    8 12    9 25   10 63   11 19   12 68   13 64   14 98   15 21   16  2   17  5   18 69   19  6   20  7 
   1 54    2 62    3 13    4  6    5 22    6 41    7 56    8 71    9 32   10 51   11 53   12 23   13 98   14  6   15 31   16 57   17 79   18 37   19 41   20 48 
   1 94    2 63    3 54    4 79    5 96    6 49    7 20    8 88    9 80   10 57   11 76   12 86   13 55   14 95   15 98   16 74   17 58   18 85   19 32   20 90 
   1 58    2  6    3 52    4 81    5 91    6 40    7 67    8 49    9 55   10 27   11 71   12 49   13 77   14 40   15 68   16 82   17 46   18 54   19 90   20 16 
   1 79    2 86    3  7    4 45    5 67    6 87    7 84    8 54    9  6   10 99   11 27   12 73   13 98   14 24   15 63   16 23   17 73   18 53   19 69   20 77 
   1 31    2  3    3 55    4  5    5 82    6 36    7 94    8  7    9 60   10 65   11  3   12 22   13 47   14 30   15 13   16 31   17 68   18  6   19 14   20 75 
   1 88    2  4    3 45    4 75    5 16    6 34    7 32    8 59    9 14   10  1   11 33   12  1   13 27   14 79   15 17   16 10   17 77   18 28   19 10   20 93 
   1 59    2 42    3 14    4  4    5 44    6  2    7 55    8 36    9 34   10 37   11 36   12 53   13 77   14 81   15 99   16 95   17 77   18 16   19  9   20 43 
   1 64    2 99    3 11    4 73    5 56    6  8    7 27    8 23    9 86   10 47   11 85   12 18   13 95   14 96   15 88   16 37   17  1   18  9   19 99   20 55 
   1 27    2 28    3 27    4 91    5 15    6 28    7 52    8 79    9 43   10 19   11 63   12 59   13 50   14 58   15 98   16  8   17 88   18 66   19 68   20 19 
   1 68    2 13    3 60    4 16    5 99    6 38    7  9    8 23    9 45   10 81   11  9   12 47   13 69   14 10   15 68   16 44   17 11   18 50   19 91   20 26 
   1 13    2 50    3 52    4 20    5  4    6 48    7  3    8 92    9 70   10 14   11 86   12 77   13 61   14 92   15 83   16 44   17 43   18 44   19 60   20 69 
   1 94    2 70    3 63    4 64    5 11    6 46    7 81    8 13    9 79   10 60   11 61   12 29   13 35   14 99   15 30   16 44   17 32   18 54   19 33   20 72 
   1 24    2  8    3 93    4 59    5 91    6 59    7 90    8 29    9 92   10 21   11 63   12 11   13 82   14 68   15  9   16 55   17 23   18 93   19 38   20 56 
   1 60    2 51    3 82    4 36    5 33    6 53    7 33    8 52    9 71   10 20   11 82   12 64   13  5   14 82   15 67   16 57   17 50   18  6   19 67   20 51 
   1  1    2 66    3 56    4 90    5 66    6 90    7 93    8 67    9  5   10 48   11 68   12 43   13 29   14 57   15 48   16 95   17 37   18 50   19 91   20 77 
   1 53    2 92    3 62    4 19    5 17    6 65    7 35    8 62    9 63   10  3   11 18   12 23   13 85   14 19   15 10   16 23   17 72   18 18   19 47   20 87 
   1 13    2 48    3 27    4  4    5 13    6  2    7 59    8 55    9 83   10 92   11 19   12 48   13 76   14 52   15  6   16 84   17 19   18  5   19 15   20 52 
   1 17    2 81    3 96    4 45    5 49    6 43    7 18    8 56    9 16   10 72   11 92   12 86   13 64   14 47   15 14   16 83   17  9   18 91   19 50   20 97 
   1  7    2 97    3 12    4 43    5 60    6 69    7 49    8  9    9 84   10 69   11 23   12 90   13 87   14 85   15 74   16 12   17 47   18 44   19 55   20 16 
   1 32    2 59    3 99    4 89    5 81    6 76    7 55    8 73    9  5   10 32   11 46   12 53   13 53   14 79   15 89   16 87   17  8   18 44   19 55   20 41 
   1 58    2 20    3 80    4 78    5  3    6 91    7 98    8 39    9  2   10 23   11 48   12 49   13 28   14 94   15 47   16  4   17 43   18 74   19 68   20 29 
   1 88    2 67    3 77    4 77    5 96    6  1    7 67    8  2    9 63   10 17   11 78   12 93   13 42   14 37   15 30   16 69   17 58   18 36   19  9   20 28 
   1 38    2 22    3 55    4 23    5 48    6  8    7 11    8 77    9 19   10 91   11 43   12 36   13 55   14 69   15 22   16 64   17 82   18 56   19  5   20 28 
   1 57    2 92    3 81    4 74    5 52    6 54    7 29    8 91    9 53   10 37   11 24   12 83   13  1   14  4   15 73   16 84   17  5   18 69   19 73   20 39 
   1 39    2 84    3 63    4 16    5 81    6 25    7 26    8  4    9 43   10 50   11 63   12 49   13 96   14 79   15 14   16 78   17 21   18 98   19 75   20 55 
   1 34    2 81    3  6    4 12    5 24    6 76    7 61    8 98    9 54   10 62   11 80   12 74   13  3   14 88   15 65   16 19   17 63   18 20   19 71   20 85 
   1 49    2 82    3 61    4 10    5 67    6 20    7 36    8 55    9 61   10 64   11 66   12 70   13 26   14 98   15 23   16 94   17 54   18 53   19 25   20 71 
   1 87    2 41    3 40    4 57    5 43    6  6    7 65    8 66    9 42   10 25   11 95   12 20   13 83   14 43   15 37   16 97   17 72   18 22   19 32   20 69 
   1 77    2 45    3 58    4 50    5  4    6 16    7 13    8 68    9 89   10 95   11 53   12 90   13  8   14  6   15 58   16 97   17 87   18 13   19 32   20 37 
   1 70    2 72    3 42    4 96    5 87    6 44    7 44    8 71    9 55   10 39   11 29   12 64   13 39   14  9   15 41   16 26   17 11   18  7   19  5   20 17 
   1 84    2 70    3 69    4 64    5 69    6 90    7 97    8 60    9 58   10 71   11 54   12 61   13  3   14 64   15 95   16 34   17  7   18 21   19 79   20 25 
   1 92    2 81    3  6    4 79    5 63    6 91    7 73    8 45    9 22   10 79   11 20   12 65   13 45   14 90   15 31   16 49   17 48   18  6   19 98   20 20 
   1 38    2 23    3 94    4 52    5 94    6 52    7  6    8  8    9 92   10  6   11 21   12 69   13 47   14 75   15 34   16 39   17 38   18 98   19 89   20 36 
   1 14    2 60    3 49    4 32    5 15    6 63    7 78    8 10    9 88   10 34   11 89   12 85   13 11   14 13   15 25   16 94   17 80   18  9   19 37   20 21 
   1 34    2 43    3 11    4 31    5 49    6 29    7 76    8 61    9 68   10 63   11 29   12 47   13 21   14 42   15 11   16 17   17 36   18 32   19 90   20 89 
   1 32    2  2    3 20    4 72    5 85    6 94    7 28    8 10    9 77   10 39   11 97   12 24   13 34   14 31   15 61   16  8   17 14   18 75   19 42   20 25 
   1  4    2 50    3 54    4 16    5 81    6 49    7  7    8 89    9 47   10 69   11 94   12 38   13 62   14 95   15 79   16 81   17 10   18 50   19  5   20 59 
   1 21    2 87    3 91    4 46    5 60    6 94    7 22    8 36    9 76   10 82   11 90   12 12   13 49   14 67   15 48   16 31   17 70   18 10   19 10   20 20 
   1 25    2 68    3 65    4 36    5  8    6 38    7 31    8 20    9  1   10 21   11 82   12 74   13 75   14 72   15 33   16 42   17 56   18 55   19 75   20 50 
   1 70    2 28    3 35    4 77    5 39    6  8    7 21    8 65    9 88   10 72   11 31   12 65   13 90   14 68   15 25   16 80   17 62   18 14   19 25   20 24 
   1 39    2 84    3 97    4 68    5 63    6 79    7 90    8 33    9 85   10 69   11 95   12 24   13 42   14  2   15 96   16 91   17 57   18 25   19 89   20 47 
   1 23    2 72    3 65    4 90    5 24    6 35    7 61    8 95    9 75   10 96   11 98   12 61   13 71   14 63   15 42   16 68   17 51   18 72   19 53   20 54 
   1 18    2 93    3 47    4 65    5 13    6 45    7 67    8 99    9 68   10 81   11  4   12 49   13 70   14 82   15 88   16 68   17 58   18 51   19 20   20 64 
   1  5    2 79    3 63    4 81    5 55    6 76    7  7    8 47    9 25   10  1   11  3   12 57   13 54   14 27   15 39   16 51   17 61   18 30   19 90   20 77 
   1 65    2 67    3 51    4 39    5 55    6 87    7 20    8 20    9 38   10 50   11 93   12 68   13 39   14 54   15 25   16 99   17 30   18 97   19 35   20 18 
   1 46    2  2    3 91    4 87    5 95    6 46    7 21    8 78    9 66   10 91   11 80   12 87   13 76   14 66   15 83   16 90   17 78   18  7   19  2   20 25 
   1 84    2 36    3 34    4 64    5 74    6 62    7 74    8 89    9 53   10 11   11 40   12 81   13 48   14 93   15 49   16 60   17 22   18 91   19 18   20 92 
   1 99    2 91    3 43    4 95    5 41    6 10    7 67    8 25    9 74   10 52   11  6   12 88   13 69   14  8   15 94   16 56   17 33   18 79   19 54   20 81 
   1 56    2 31    3 65    4 19    5 15    6 48    7 57    8 62    9 63   10 23   11 95   12 25   13 58   14 13   15 22   16 68   17 86   18 37   19 26   20 52 
   1 34    2  7    3 67    4 89    5 46    6 13    7 78    8  3    9 70   10 29   11 79   12  1   13 42   14 38   15 66   16 63   17 65   18 55   19 46   20 18 
   1 77    2 14    3 48    4 50    5 10    6 65    7 95    8 24    9 54   10 37   11 88   12 90   13 52   14 98   15 79   16 13   17 73   18 35   19 56   20 93 
   1 93    2 78    3 44    4 93    5  2    6 67    7 13    8 23    9 44   10 41   11 81   12 96   13 20   14 91   15 35   16 55   17 59   18 29   19 41   20 64 
   1  1    2 70    3 28    4  3    5 82    6 36    7 50    8 24    9 20   10 33   11 26   12 78   13 29   14 50   15  8   16 70   17 68   18 17   19 60   20 67 
   1 51    2 63    3 18    4 93    5 37    6 33    7 80    8 35    9 72   10 49   11 79   12  5   13 49   14 56   15 50   16 85   17 11   18 90   19 37   20 57 
   1 78    2 44    3 90    4 35    5 10    6 89    7 29    8 70    9 90   10 61   11 52   12 44   13 56   14 70   15  1   16 81   17 20   18 12   19 38   20 36 
   1 79    2 65    3 19    4 24    5 60    6 37    7 41    8 71    9 33   10  5   11 92   12 16   13 96   14 68   15 98   16 26   17  6   18 55   19 51   20  3 
   1 76    2 62    3 54    4 17    5 98    6 45    7 73    8 78    9 37   10 28   11 23   12 45   13 68   14 87   15 14   16 94   17  8   18 30   19 73   20 28 
   1 99    2 15    3 53    4 67    5  5    6 32    7 76    8 20    9 54   10 20   11 69   12 52   13 80   14 31   15 40   16 54   17 11   18 21   19 73   20 38 
   1 45    2 47    3 17    4  5    5 39    6  1    7 28    8 97    9 77   10 34   11  3   12  7   13 97   14 23   15 27   16 89   17  5   18 33   19  9   20 56 
   1 52    2 71    3 77    4 30    5 24    6 83    7 99    8  3    9  7   10 93   11 24   12 14   13  1   14 48   15 37   16 81   17 21   18 45   19 29   20 34 
   1 16    2 11    3  7    4 23    5 46    6 14    7 10    8 50    9 61   10 75   11 53   12 82   13 18   14 37   15 16   16 45   17 51   18 56   19 83   20 74 
   1 63    2 19    3 22    4 57    5 91    6 76    7 39    8 40    9 40   10 85   11 46   12 86   13 28   14 84   15 33   16 17   17 21   18 28   19 42   20 30 
   1 24    2 82    3 16    4  7    5 60    6 25    7 92    8 56    9 64   10 72   11 27   12 88   13 34   14 82   15 75   16 89   17 14   18  8   19 21   20 29 
   1 19    2 47    3  2    4 34    5 16    6 18    7 19    8 74    9 29   10 61   11 82   12 99   13 92   14 21   15 71   16 35   17 52   18 27   19 40   20 65 
   1 90    2 96    3 21    4 93    5 72    6 72    7 18    8 71    9 60   10 93   11 32   12 93   13 63   14 13   15  1   16 38   17  2   18 68   19 37   20 83 
   1 50    2 98    3 29    4 36    5 63    6 37    7 32    8 19    9 68   10 89   11 94   12 50   13 90   14 82   15 74   16 96   17 79   18 77   19 63   20 80 
   1 95    2 40    3 30    4 44    5 42    6 13    7 68    8 31    9 58   10 38   11 61   12 15   13 53   14 41   15 15   16 20   17 57   18 63   19 63   20 73 
   1 26    2 95    3 68    4 84    5 24    6 74    7 79    8  9    9 11   10 74   11 18   12 83   13 71   14 82   15 67   16 87   17 55   18 94   19 75   20 84 
   1 92    2  2    3 55    4 59    5 44    6 70    7 86    8 41    9 87   10 52   11 39   12  2   13 97   14 80   15 72   16  5   17 87   18 28   19 39   20 14 
   1 16    2 50    3 52    4 10    5 45    6 48    7 75    8 35    9 33   10 42   11 91   12 29   13 33   14  2   15 93   16 49   17 51   18 80   19 84   20  5 
   1 54    2 89    3 79    4 57    5  4    6 33    7 37    8 83    9 10   10 55   11  3   12 31   13  3   14 27   15  8   16 78   17 32   18  4   19 38   20 63 
   1 37    2  4    3 99    4 60    5  5    6 12    7 10    8 93    9  9   10 17   11 64   12 80   13 11   14 36   15 94   16 46   17 60   18 17   19 73   20  6 
   1 67    2 11    3 26    4 58    5 73    6 27    7 97    8 96    9 47   10 71   11 66   12 79   13 42   14 23   15 24   16 43   17 55   18 23   19 76   20 11 
   1 51    2 43    3 30    4 81    5 76    6 15    7 39    8 53    9 85   10  6   11 23   12 99   13 36   14  1   15 20   16  7   17 40   18 11   19 65   20 49 
   1 95    2 19    3 97    4 97    5 52    6  5    7 50    8 75    9 66   10 50   11  5   12 15   13 97   14 23   15  6   16 33   17 23   18 95   19 92   20  2 
   1 33    2 89    3 58    4  2    5  4    6 23    7 57    8 31    9 85   10 32   11 33   12 96   13 27   14 81   15 76   16 20   17 40   18 55   19 86   20 22 
   1 79    2 85    3 89    4  6    5 15    6 21    7 29    8 31    9 23   10 24   11  1   12 49   13 40   14 22   15 95   16 44   17 45   18 39   19 89   20 25 
   1 90    2 60    3  2    4 48    5 47    6 73    7 22    8 18    9 60   10 97   11 16   12 80   13 40   14 47   15 85   16 85   17 43   18 59   19 63   20 58 
   1 72    2 24    3 35    4 19    5 23    6 93    7 54    8 90    9 75   10 63   11 96   12 95   13 84   14 84   15 25   16 61   17 50   18 31   19 80   20 29 
   1 87    2 63    3 92    4 59    5  2    6 49    7 36    8 87    9 69   10 17   11 36   12 11   13 36   14 65   15 86   16 38   17 22   18 63   19 24   20 58 
   1 33    2 36    3 61    4 86    5 76    6 74    7 74    8 14    9 36   10 37   11 83   12 55   13 64   14 76   15 28   16 61   17 45   18 26   19 39   20 94 
   1 33    2 71    3  6    4 96    5  6    6 87    7 57    8 75    9 95   10 29   11 20   12 29   13 25   14 81   15 20   16 67   17 19   18 34   19 93   20 59 
   1 78    2 34    3 77    4 19    5 63    6 23    7 67    8  6    9 12   10 58   11 24   12 24   13 78   14 44   15 82   16 43   17 65   18 69   19 37   20 75 
   1 14    2 74    3 59    4 49    5 34    6 62    7 88    8 20    9 14   10 72   11 81   12 39   13 26   14 94   15 50   16 16   17 99   18 45   19 50   20 12 
   1 54    2 29    3 68    4 82    5 71    6 22    7 49    8 15    9 63   10  2   11 74   12 25   13 93   14 57   15 87   16 81   17 62   18 49   19 54   20 72 
   1 73    2 83    3 42    4 46    5 95    6 17    7 39    8 14    9 12   10 28   11 84   12 29   13 94   14  8   15 15   16 16   17 27   18 58   19 40   20  6 
   1  5    2 73    3 95    4 89    5 82    6 42    7 83    8 84    9 67   10 73   11 87   12 56   13 91   14 33   15 46   16 33   17 25   18 25   19 94   20 54 
   1 39    2 56    3  6    4  6    5 46    6 18    7 14    8 93    9 12   10  4   11 86   12 66   13 61   14 62   15 94   16 27   17  4   18 11   19 82   20 84 
   1 57    2 44    3 26    4 29    5 73    6 18    7 88    8  2    9 51   10 95   11 71   12 42   13 81   14 16   15 78   16 40   17 52   18 90   19 37   20 14 
   1  1    2 23    3 35    4 94    5 94    6 89    7 27    8 63    9 18   10 71   11 43   12 37   13 41   14 31   15 48   16 78   17 91   18 75   19 42   20 83 
   1 69    2 65    3 15    4 83    5 28    6 42    7 44    8  5    9 30   10  6   11 77   12 45   13 82   14  1   15 36   16 30   17 96   18  4   19 20   20 94 
   1 63    2 17    3 12    4 68    5 30    6 28    7 53    8 26    9 63   10 61   11 98   12 22   13 76   14 12   15 96   16 20   17  1   18 33   19 58   20 70 
   1 85    2 65    3 21    4 37    5 51    6 49    7 69    8 22    9 60   10 54   11 20   12 93   13 68   14  4   15 48   16 53   17 37   18 14   19 75   20 68 
   1  5    2 11    3 73    4 55    5 90    6 56    7 95    8 54    9  5   10 65   11 67   12  9   13 83   14 57   15 62   16 63   17 76   18 76   19 39   20 79 
   1 38    2  8    3 30    4  9    5 87    6 91    7 88    8 84    9 45   10  3   11 11   12 98   13 62   14  4   15 23   16 23   17 11   18 71   19 29   20 99 
   1  7    2 21    3  4    4 96    5 29    6 63    7 56    8 38    9 61   10 81   11 57   12 24   13 81   14 80   15 24   16 83   17 87   18 42   19 84   20 52 
   1 77    2 72    3 91    4 40    5 64    6  3    7 10    8 25    9 86   10 28   11 22   12 13   13 28   14 50   15 13   16 78   17 97   18 42   19 61   20 15 
   1 63    2 65    3 42    4 93    5 91    6 15    7 15    8 35    9 22   10 76   11 42   12 91   13 84   14  7   15 76   16 89   17 35   18 54   19  2   20 25 
   1 83    2 66    3 98    4 61    5 55    6 85    7 38    8 44    9 13   10 43   11 30   12 14   13  5   14  5   15 62   16 30   17  9   18 92   19 10   20  5 
   1 36    2 77    3  8    4 39    5 90    6 40    7 70    8 63    9  5   10 30   11 26   12 80   13 25   14 10   15 68   16 48   17 22   18 27   19 36   20 36 
   1 23    2 55    3  2    4 40    5 72    6 16    7 88    8  9    9  2   10 42   11  8   12 47   13 77   14 69   15 84   16 75   17 50   18 67   19 69   20 12 
   1 96    2 32    3 91    4  9    5 36    6 38    7 18    8 15    9 44   10 27   11 42   12 81   13 73   14 41   15 20   16 27   17 68   18 89   19 39   20 88 
   1 60    2 92    3 34    4 56    5 25    6 23    7 15    8 64    9 43   10  5   11 90   12 11   13 83   14 12   15 51   16 32   17 37   18 45   19  2   20 53 
   1 90    2 49    3 48    4 42    5 47    6 71    7 36    8 89    9 53   10 47   11 90   12 14   13 67   14 74   15 19   16 88   17 72   18 12   19 76   20 48 
   1 85    2 96    3 62    4 88    5 29    6 30    7 33    8 58    9 83   10 89   11 40   12 47   13 41   14 43   15  6   16 51   17 71   18 39   19 29   20 48 
   1 20    2 40    3 26    4  5    5 74    6 31    7 75    8 71    9 67   10 68   11 97   12  6   13 38   14 14   15  3   16 79   17 88   18 10   19 64   20 72 
   1 33    2 95    3 74    4  7    5 79    6 69    7 55    8 54    9 75   10 13   11 61   12 49   13 12   14  9   15 90   16 99   17 50   18 28   19 56   20 77 
   1 72    2 15    3 25    4 64    5  4    6 64    7 56    8 33    9 72   10 10   11  5   12 29   13 73   14 55   15 42   16 72   17 88   18 86   19 40   20 21 
   1 95    2 97    3 24    4 87    5 59    6 36    7 23    8  6    9 87   10 29   11  7   12 55   13 76   14 37   15  4   16 32   17 43   18 28   19 22   20 63 
   1 49    2 90    3 46    4 21    5 42    6 72    7 72    8 70    9 63   10 35   11 54   12 31   13 12   14 43   15 72   16 48   17 96   18 92   19 75   20 84 
   1  5    2 43    3  2    4 16    5 71    6 24    7 88    8 75    9 64   10 42   11 32   12 65   13 20   14 28   15 84   16 86   17 62   18 33   19 96   20 97 
   1 88    2 75    3 96    4 52    5 91    6  4    7 24    8 59    9 61   10 34   11 76   12  3   13 68   14 37   15 13   16 40   17 91   18 52   19  4   20 57 
   1 65    2 57    3 30    4 38    5 75    6 57    7  3    8 14    9 92   10 45   11 14   12  8   13 62   14 77   15 51   16 40   17 57   18 40   19 84   20  7 
   1 73    2 43    3 80    4 90    5 52    6 84    7 73    8 77    9 53   10  5   11 98   12 24   13 30   14 80   15 19   16 89   17  2   18 79   19 41   20 72 
   1 67    2 56    3 99    4 62    5 49    6 19    7 96    8 90    9 86   10 66   11 86   12 22   13 66   14  7   15 30   16 47   17 26   18  2   19 64   20 81 
   1 88    2 23    3 43    4 23    5 51    6 11    7 90    8 91    9  1   10 43   11 21   12 74   13 70   14  5   15 94   16 16   17 17   18 58   19  4   20  3 
   1 81    2 25    3 98    4 69    5 32    6  2    7 69    8 99    9 52   10 39   11 66   12 34   13 82   14 54   15 77   16 19   17 27   18 97   19 65   20 78 
   1 33    2 39    3 79    4 27    5 85    6 17    7 73    8 48    9 39   10 15   11 64   12 75   13 77   14 78   15 84   16  4   17 19   18 31   19 37   20 91 
   1 87    2 86    3 47    4 81    5 83    6 83    7 97    8  1    9 15   10 22   11 78   12 87   13 78   14 33   15 46   16  1   17 19   18 31   19 56   20 66 
   1 51    2 76    3 59    4 94    5 25    6 38    7 98    8  4    9 48   10 43   11 86   12 31   13 49   14 14   15 70   16 26   17 35   18 86   19 14   20 61 
   1 19    2 60    3 93    4 22    5 70    6 65    7 45    8 86    9 88   10 73   11 38   12 14   13 56   14  1   15 62   16 95   17 36   18 81   19 97   20  6 
   1 17    2 38    3 59    4 39    5 77    6 24    7 51    8 43    9  6   10  8   11 13   12  3   13  1   14 38   15 93   16 97   17 10   18  4   19 48   20 23 
   1 63    2 77    3 82    4 96    5 19    6 82    7 93    8 10    9  4   10 45   11 10   12 21   13 89   14 11   15 34   16 30   17 70   18  7   19 73   20 60 
   1 18    2  5    3 23    4 28    5 68    6 11    7 78    8 83    9 11   10 36   11 59   12 16   13 15   14 20   15 91   16 88   17 78   18 90   19 81   20 56 
   1 72    2 75    3 99    4 79    5 67    6  8    7 50    8 62    9 43   10 67   11 65   12 43   13 29   14 34   15 80   16 58   17 91   18 44   19 97   20 43 
   1 87    2  7    3 84    4 83    5 50    6 28    7 17    8 50    9 16   10 81   11 94   12 12   13 71   14 11   15 47   16 96   17 44   18 82   19 86   20 47 
   1 94    2 12    3 14    4 91    5 18    6 15    7 85    8 27    9 71   10 72   11 21   12 25   13 95   14 55   15 40   16 74   17 70   18 70   19 13   20 22 
   1 86    2  9    3 79    4 47    5 49    6 12    7 34    8  3    9 25   10 95   11 54   12 60   13 27   14 31   15 91   16 90   17 91   18 96   19 46   20 34 
   1 26    2 68    3 30    4 20    5 14    6 89    7 52    8 26    9 59   10  6   11 39   12 99   13 89   14 20   15 39   16 97   17 84   18 56   19 46   20 66 
   1 58    2 23    3 79    4 47    5 17    6 73    7 74    8 89    9 33   10 96   11 66   12 24   13 76   14 68   15 81   16 98   17 51   18 75   19 48   20 93 
   1 77    2 94    3  3    4  5    5 58    6 77    7 60    8 43    9 22   10 73   11 65   12 10   13 42   14 60   15 44   16 42   17 48   18 77   19 71   20 43 
   1 79    2 67    3 29    4 51    5  4    6 37    7 47    8 66    9 82   10 20   11 38   12 34   13 10   14 20   15 92   16 55   17 30   18 47   19 94   20 12 
   1 18    2 21    3  7    4  9    5 69    6 64    7 56    8 50    9 92   10  6   11 35   12 12   13 14   14  9   15 52   16 91   17 29   18  1   19  4   20 72 
   1 37    2 17    3 36    4 18    5 87    6 19    7 18    8 88    9 55   10 45   11 24   12 20   13 54   14 97   15 25   16  5   17 90   18 86   19 28   20 58 
   1  5    2 83    3 55    4 64    5 17    6 94    7 55    8 55    9 61   10 33   11 82   12 88   13 22   14 43   15 54   16 25   17  6   18 78   19 75   20 44 
   1 95    2 33    3  5    4 95    5 84    6 86    7 59    8 26    9 80   10 35   11 83   12 58   13 19   14 63   15 26   16 93   17 45   18 13   19 47   20 55 
   1 98    2 98    3 11    4 35    5  3    6 25    7 46    8 87    9 36   10 20   11 74   12  1   13 31   14 56   15 60   16 22   17 69   18 86   19 70   20 81 
   1 76    2 52    3  5    4 28    5  1    6 42    7 82    8 92    9  1   10  4   11 14   12  6   13 72   14 80   15 45   16 44   17 74   18  7   19 76   20  6 
   1 56    2 26    3 74    4  6    5  1    6 64    7 29    8  1    9 29   10 86   11 71   12 29   13 76   14 14   15 15   16 86   17 32   18 80   19 23   20 24 
   1 93    2 35    3 10    4 91    5 68    6 78    7 98    8 97    9  2   10 60   11  3   12  8   13 52   14 29   15 52   16 62   17 73   18 19   19 79   20 37 
   1  8    2  5    3 68    4 73    5 14    6 53    7 58    8 96    9 61   10 94   11 60   12 97   13 10   14 46   15  8   16 76   17 41   18 87   19 26   20 20 
   1 26    2 96    3 13    4 34    5 91    6 57    7 36    8 19    9 90   10 50   11 62   12 28   13 68   14 67   15  5   16  2   17 90   18 34   19 97   20  4 
   1 25    2 63    3 87    4 61    5  9    6 34    7 61    8 93    9 38   10  3   11  7   12 77   13 82   14 91   15 10   16 27   17 39   18  7   19 51   20 12 
   1 63    2 17    3 70    4 29    5  1    6 65    7 76    8 50    9 41   10 76   11  8   12 10   13 62   14 71   15 10   16 28   17 20   18 37   19 96   20  8 
   1 11    2  6    3 21    4 17    5  9    6 24    7  1    8 19    9 56   10 21   11 44   12 55   13 94   14 78   15 82   16  6   17 16   18 90   19 85   20 62 
   1 11    2 90    3 60    4 11    5 68    6 81    7 89    8 60    9 86   10 64   11 62   12 95   13 14   14 85   15  8   16 77   17 90   18 20   19  1   20 10 
   1 51    2 72    3 41    4 53    5 80    6 94    7 97    8 76    9 12   10 29   11 81   12 17   13 32   14  7   15 65   16 63   17 93   18  6   19 59   20 71 
   1 39    2 14    3 12    4 86    5 80    6 67    7 76    8 29    9 70   10 17   11  9   12 83   13 28   14 26   15 94   16 91   17 71   18 45   19 83   20 74 
   1 81    2 45    3 65    4 79    5 87    6 55    7 31    8 50    9 30   10 18   11 85   12 87   13  8   14 70   15 62   16 48   17 68   18 90   19 60   20 87 
   1 42    2  4    3 89    4 36    5 22    6 73    7 61    8 45    9 71   10 86   11 71   12 90   13  5   14 51   15 79   16 76   17 96   18 30   19 34   20 50 
   1 96    2 93    3 88    4  7    5 56    6 80    7 29    8 22    9 40   10 10   11 14   12 44   13 90   14 97   15 67   16 16   17 55   18 53   19 48   20 14 
   1 67    2 11    3 37    4 75    5 99    6 96    7 89    8 66    9 52   10 46   11 14   12 90   13 50   14 95   15 66   16 84   17 56   18  7   19 63   20 85 
   1 49    2 64    3 27    4 28    5 68    6 70    7 55    8 46    9 13   10 31   11 36   12 54   13 21   14  1   15 67   16 82   17 63   18 22   19 96   20 62 
   1 59    2 86    3 91    4 25    5 66    6 74    7 81    8 37    9 83   10 90   11 32   12 65   13 38   14 57   15 87   16 19   17 35   18 80   19 43   20 67 
   1 76    2 79    3 74    4 93    5 58    6 42    7 64    8 98    9 82   10 89   11  8   12 39   13 89   14 11   15 49   16  5   17 72   18 14   19 75   20 91 
   1 67    2 23    3 74    4 92    5 83    6 52    7 59    8 76    9 77   10 14   11 78   12 13   13  6   14 74   15 78   16 11   17  9   18  3   19 27   20 66 
   1 53    2  7    3 88    4 86    5 52    6 37    7 65    8 47    9 39   10 80   11 35   12 13   13  6   14  9   15 24   16 78   17 86   18 23   19 86   20 63 
   1  1    2 77    3 38    4 54    5 70    6 94    7 40    8 83    9 87   10 31   11 67   12 74   13 30   14 42   15 95   16 93   17 75   18 62   19 20   20 19 
   1 53    2 72    3 61    4 56    5 66    6 14    7 32    8 51    9 80   10 96   11 49   12  6   13 43   14 49   15 50   16 76   17 29   18 44   19 63   20 60 
   1 74    2 82    3 92    4 29    5 24    6 97    7 48    8 98    9 69   10 48   11 48   12  6   13 45   14 35   15 71   16  5   17  3   18 28   19 52   20 20 
   1 17    2 63    3 26    4 16    5 62    6 72    7 87    8 81    9 50   10 73   11 83   12 97   13 74   14 71   15 48   16 26   17  8   18 53   19 70   20 96 
   1  8    2 37    3 48    4 86    5 75    6 86    7 57    8 79    9 57   10 39   11 60   12 50   13 45   14 65   15 48   16 94   17 38   18 30   19 69   20 70 
   1 16    2 19    3 26    4 34    5 99    6 84    7 38    8 83    9 99   10 75   11 15   12 46   13  2   14  7   15 91   16 31   17 72   18 70   19 81   20 58 
   1 35    2 30    3 48    4 41    5 20    6 95    7 22    8 11    9 13   10 14   11 56   12 10   13 33   14 94   15 86   16 31   17 53   18 52   19 80   20 67 
   1 53    2 84    3 22    4 26    5 97    6 87    7 79    8 18    9 42   10 78   11 11   12  6   13 33   14  5   15 50   16 61   17 56   18 74   19 41   20 31 
   1 55    2 97    3 95    4 41    5 46    6 83    7 74    8 54    9 95   10 98   11 45   12 19   13 24   14 28   15 60   16 40   17 46   18 33   19 37   20 99 
   1 49    2 88    3 39    4 41    5 83    6 58    7 20    8 21    9 98   10 45   11 62   12 78   13 50   14 66   15 71   16 91   17 19   18 31   19 39   20 85 
   1 65    2 61    3 68    4 64    5 84    6 84    7  2    8 74    9 15   10 12   11 89   12 39   13 22   14 67   15 22   16 67   17 78   18 49   19 26   20 82 
   1 80    2 14    3 63    4 81    5 14    6 14    7 27    8 27    9  4   10 22   11 90   12  5   13  7   14 31   15 76   16 97   17 58   18 16   19 62   20 27 
   1 89    2 18    3 75    4 63    5 86    6 81    7 73    8 42    9 64   10 58   11 20   12  3   13 67   14  1   15 81   16 89   17 59   18  2   19 88   20 58 
   1 29    2 43    3 21    4 42    5 98    6 87    7  5    8 53    9 10   10 49   11  8   12 40   13 26   14 17   15 20   16 17   17 96   18 42   19 42   20 41 
   1 68    2 58    3 38    4 77    5 58    6 51    7  1    8 52    9 11   10  7   11 88   12  8   13  8   14 52   15 45   16 36   17 19   18 98   19 54   20 13 
   1 56    2 20    3 78    4 81    5 38    6 73    7  7    8 37    9 74   10  6   11 94   12 41   13 88   14 55   15 37   16  8   17 93   18 77   19 55   20 55 
   1 94    2 99    3 85    4 89    5 76    6 73    7 72    8 75    9 12   10 63   11  9   12 48   13 76   14 37   15 15   16 65   17 28   18 27   19 30   20 13 
   1 46    2 93    3 78    4 26    5  3    6 82    7 98    8 41    9 61   10  1   11 95   12 60   13 31   14 64   15 80   16 10   17 60   18  2   19  5   20  3 
   1 40    2 21    3  5    4 36    5 28    6 91    7 29    8 15    9 44   10 46   11 78   12 43   13 22   14 42   15 59   16 64   17 77   18 91   19 17   20 40 
   1 68    2 50    3 25    4 37    5 42    6 18    7 93    8 73    9 20   10 10   11  2   12 13   13 45   14 29   15 80   16 54   17 92   18 81   19  8   20  9 
   1  4    2 84    3 94    4 27    5 37    6  5    7 13    8  2    9 60   10  7   11 36   12 58   13 86   14 67   15 68   16  4   17 97   18 23   19 99   20 60 
   1 91    2  1    3 58    4 69    5 33    6 78    7 81    8 88    9 26   10 32   11 76   12 78   13 11   14 23   15 82   16 15   17 86   18 11   19 69   20 56 
   1 65    2 59    3 52    4 83    5 37    6 72    7 31    8 67    9 26   10 14   11 14   12 12   13 44   14 59   15 35   16 80   17  9   18 77   19 97   20 77 
   1 18    2 24    3 57    4 81    5 54    6 74    7  1    8 38    9 55   10 21   11 49   12 12   13 96   14 72   15 47   16 67   17  2   18 12   19 36   20 91 
   1 51    2 86    3 98    4 89    5 48    6 72    7 27    8 70    9 69   10 40   11 57   12 45   13 27   14 73   15 49   16 14   17 65   18 36   19 66   20 58 
   1 91    2 60    3 20    4 73    5 18    6 95    7 87    8 43    9 23   10 93   11 46   12 31   13 95   14 46   15 10   16 90   17 21   18  5   19 12   20 71 
   1 27    2 61    3 83    4 86    5 57    6 20    7 56    8 37    9 82   10 98   11 98   12 75   13 81   14 87   15  2   16 77   17 70   18 35   19 97   20 60 
   1  6    2 99    3 78    4 71    5 35    6 96    7 48    8 62    9 99   10 19   11 55   12 41   13 78   14 11   15 78   16  7   17 80   18 70   19 68   20 96 
   1  5    2 93    3 81    4 44    5 90    6 27    7 41    8 93    9 66   10 24   11 97   12 63   13 70   14 50   15 53   16 80   17 50   18 52   19 24   20 43 
   1 30    2 33    3 81    4 14    5 65    6 23    7 39    8 78    9  1   10 86   11 61   12 64   13 74   14 97   15 79   16  7   17 71   18 71   19 75   20 81 
   1 20    2 88    3 96    4 56    5 74    6 33    7 77    8  2    9 25   10 11   11 78   12 84   13 62   14 19   15 41   16 27   17 33   18 40   19 34   20 87 
   1 90    2 54    3 78    4 20    5 97    6 57    7  8    8 22    9 42   10 35   11 36   12 91   13 12   14 88   15 14   16 94   17 37   18 31   19 57   20  8 
   1 18    2 17    3 83    4 90    5 10    6 45    7 92    8 97    9 45   10 83   11 71   12 72   13  2   14 40   15 90   16 16   17 91   18  4   19 23   20 92 
   1 23    2  7    3 15    4 64    5 71    6 59    7 34    8 72    9 65   10 57   11 73   12 77   13 32   14 73   15 19   16 41   17 99   18 38   19 55   20 88 
   1 97    2 36    3 50    4 43    5 14    6 85    7 35    8 30    9  9   10 33   11 62   12 50   13 84   14  6   15  3   16 37   17 23   18 24   19 80   20 37 
   1 27    2 43    3 59    4 53    5 76    6 55    7 31    8 45    9 42   10 45   11 52   12 11   13 98   14 89   15 81   16 41   17 19   18 59   19 12   20 79 
   1 65    2 59    3 92    4 91    5 23    6 16    7 69    8 90    9 76   10 27   11 38   12 98   13 28   14 82   15 15   16 75   17 75   18 22   19 86   20 46 
   1 43    2 44    3 92    4 63    5 52    6 98    7 21    8 36    9 11   10 40   11 89   12 29   13  7   14  1   15 40   16 47   17 29   18 65   19 34   20  4 
   1 38    2 95    3 78    4 96    5  8    6 25    7  4    8 67    9 42   10 39   11 96   12  6   13 55   14 37   15 79   16 64   17 47   18 36   19 98   20 84 
   1 40    2 42    3  5    4 86    5 27    6 82    7 45    8 81    9 92   10 41   11 11   12 85   13 12   14 96   15 49   16 90   17 70   18 59   19 80   20 99 
   1 86    2  9    3 74    4 44    5 10    6 68    7 34    8 58    9 41   10 92   11 96   12 41   13 45   14 81   15  8   16 47   17 77   18 30   19 84   20 74 
   1 51    2 55    3 39    4 75    5 91    6 17    7 94    8  8    9 62   10 14   11 31   12 21   13 92   14 87   15 46   16 41   17 88   18 67   19  6   20 38 
   1 11    2 31    3 35    4 51    5 36    6 14    7 49    8  9    9 98   10 11   11  1   12  7   13 93   14 69   15  4   16 21   17 91   18  3   19 34   20 63 
   1 54    2 77    3 96    4 72    5  5    6  2    7 55    8 96    9 86   10 33   11 55   12 15   13 55   14 99   15 26   16 92   17 98   18 11   19 85   20 44 
   1 93    2 33    3 20    4 41    5 21    6 95    7 28    8  9    9 69   10 54   11 72   12 75   13 44   14 27   15 67   16 99   17 93   18 68   19 37   20 39 
   1 40    2 71    3  9    4 38    5 49    6 88    7  8    8 99    9 19   10 78   11 78   12 61   13 80   14  5   15 28   16 43   17 32   18 88   19 38   20  1 
   1 49    2  8    3  7    4 19    5 75    6 45    7 10    8 37    9 15   10 92   11 70   12 82   13 32   14 82   15 10   16 64   17 37   18 18   19 56   20 12 
   1 50    2 24    3 84    4 94    5 54    6 81    7 33    8 49    9 29   10 42   11 90   12 44   13 52   14 15   15  7   16 30   17 36   18 58   19 17   20 58 
   1 95    2 64    3 29    4 75    5 58    6 21    7 36    8 29    9 34   10 13   11 22   12 15   13 79   14 94   15 11   16  1   17 62   18 26   19 67   20 84 
   1 97    2 92    3  3    4 49    5 74    6 17    7  6    8 38    9 49   10 42   11 15   12 62   13 59   14 89   15 57   16 96   17 84   18  8   19  1   20 36 
   1 29    2 64    3 33    4 44    5 72    6 30    7 88    8 68    9 93   10 35   11 49   12 76   13 64   14 60   15 47   16 26   17 21   18 98   19 88   20 68 
   1 53    2 95    3 40    4 70    5 89    6 18    7 83    8 82    9 98   10 34   11 51   12 98   13 10   14 90   15 10   16 78   17 18   18 41   19 29   20 32 
   1 86    2 35    3 81    4 48    5 90    6 47    7 63    8  4    9 26   10 73   11 74   12 16   13 88   14 26   15 54   16 72   17  2   18 38   19 57   20 86 
   1 95    2 97    3 53    4 11    5 41    6 95    7 80    8 36    9 36   10 60   11 54   12 98   13  4   14 43   15 73   16 32   17 90   18 56   19 46   20 88 
   1 67    2 15    3 99    4 95    5 87    6 18    7  7    8 96    9 91   10 83   11 81   12 93   13 96   14 88   15 66   16 53   17 58   18 36   19 60   20 63 
   1 35    2 51    3 82    4 92    5 93    6 33    7 27    8 27    9 81   10 70   11 73   12 56   13 28   14  6   15  6   16 78   17 42   18 60   19 11   20 31 
   1 60    2 25    3 86    4 87    5 27    6 81    7 44    8 20    9  1   10 54   11 30   12 84   13 48   14 41   15 22   16  1   17 37   18 86   19 48   20 18 
   1 58    2 26    3 45    4 20    5 95    6 50    7 43    8 51    9 25   10  5   11 79   12 56   13  9   14 85   15 75   16 33   17 99   18 55   19 38   20 70 
   1 41    2 80    3 54    4  7    5 84    6 76    7 78    8 50    9 63   10 94   11 81   12 41   13 74   14 63   15 95   16 62   17  5   18 14   19 20   20 46 
   1 13    2 48    3 91    4 84    5  1    6 36    7 59    8  8    9 69   10 88   11 42   12 44   13 24   14 75   15  8   16 74   17 65   18 48   19 78   20 98 
   1 91    2  2    3 88    4 19    5 74    6  6    7 68    8 49    9 59   10 14   11 95   12 88   13 17   14 79   15 67   16 93   17 57   18 50   19 74   20 41 
   1 22    2 30    3 39    4 55    5 94    6 14    7 39    8 64    9 86   10 80   11  2   12 74   13 40   14 31   15 49   16  5   17 46   18 36   19 50   20 28 
   1 72    2 26    3 65    4 78    5 25    6 88    7 92    8 71    9 63   10 16   11 97   12 60   13 95   14 93   15 67   16 44   17  6   18 60   19 35   20 58 
   1 23    2 27    3 19    4 25    5 79    6 35    7 30    8 73    9 84   10 30   11 78   12 10   13 73   14 75   15 48   16 50   17 10   18 11   19 53   20 38 
   1 45    2 10    3 93    4 60    5 98    6 35    7 49    8 24    9 33   10 54   11 32   12 21   13 67   14  7   15  4   16 54   17 95   18 97   19 52   20 61 
   1 24    2 40    3  1    4 27    5 76    6 72    7  2    8 13    9 79   10 36   11 34   12 35   13 42   14 16   15 35   16 29   17 89   18 98   19 12   20 94 
   1 57    2 23    3 63    4 32    5 67    6 28    7 23    8 16    9 39   10 50   11 12   12 54   13 24   14 51   15  4   16 32   17 94   18 26   19 13   20 23 
   1 81    2 59    3  9    4 65    5 41    6 82    7 95    8 14    9 97   10 53   11 97   12 98   13 37   14 45   15 28   16 88   17 82   18 24   19 59   20 43 
   1 23    2 89    3 24    4 26    5  5    6 13    7 88    8 32    9 24   10 93   11 30   12 58   13 19   14 54   15 62   16  9   17 37   18 55   19 81   20 42 
   1 21    2  7    3 24    4  4    5 15    6 38    7 57    8 63    9 27   10 93   11 20   12 80   13 60   14  1   15 43   16 68   17 87   18 40   19 15   20 99 
   1 35    2 47    3 51    4 80    5 65    6 29    7 31    8 92    9 37   10 12   11 78   12 63   13 85   14 16   15 96   16 66   17 57   18 83   19 72   20 63 
   1 16    2 39    3 96    4 94    5 30    6 21    7 68    8 91    9 99   10 67   11 48   12 81   13 54   14 76   15 40   16 44   17 50   18 76   19 92   20 96 
   1  6    2 97    3 84    4 26    5 57    6 47    7 14    8 76    9 36   10 69   11 99   12 22   13 27   14 38   15 23   16 68   17 79   18 45   19 81   20 76 
   1 68    2 80    3 67    4 98    5 57    6 37    7 63    8 81    9 40   10 52   11 49   12 14   13 31   14 75   15 32   16 71   17 18   18 59   19 14   20 33 
   1  5    2 72    3 11    4 54    5  6    6 54    7 31    8 21    9 44   10 68   11 31   12 45   13 51   14 83   15 33   16 43   17 92   18 12   19  6   20 34 
   1  6    2 87    3 19    4 40    5 85    6 82    7 49    8 88    9  5   10 18   11  5   12 81   13  6   14 14   15  3   16 73   17 35   18 20   19 21   20 23 
   1 59    2 51    3 70    4 98    5 87    6 35    7 53    8 84    9 95   10 51   11 27   12 74   13 87   14 27   15 92   16 63   17 16   18 22   19 26   20 36 
   1 29    2 13    3 74    4 19    5 74    6 54    7 83    8 19    9 86   10 23   11 62   12 26   13 68   14 85   15 10   16 22   17 80   18 14   19  9   20 63 
   1 31    2 90    3 44    4 99    5 37    6 56    7 33    8 20    9 52   10 80   11 54   12 34   13 58   14 43   15 83   16 11   17 86   18 58   19 98   20 21 
   1  1    2 92    3 62    4 57    5 95    6 71    7 79    8 87    9  7   10 66   11 82   12 32   13 53   14 19   15 61   16 56   17  8   18  4   19 11   20 63 
   1 99    2 51    3 78    4 44    5 72    6 44    7 93    8 29    9 89   10 77   11 34   12 13   13 46   14 45   15 97   16 92   17 62   18  1   19 54   20 78 
   1 42    2 16    3 53    4 88    5 88    6 14    7 70    8 84    9 63   10 21   11 30   12 57   13 56   14 71   15 15   16  4   17  8   18 80   19  5   20 66 
   1 71    2 16    3 17    4 48    5 67    6 53    7 69    8  1    9 83   10 38   11  2   12 56   13 41   14 60   15 25   16 85   17  7   18 28   19 56   20 33 
   1 31    2 50    3 99    4 48    5 48    6  6    7 44    8 31    9 57   10 45   11 23   12 47   13 65   14 90   15 19   16 22   17 89   18 31   19 68   20 19 
   1 74    2 98    3 40    4 86    5 63    6  2    7 65    8 14    9 43   10 89   11 70   12 77   13 45   14 29   15 80   16 52   17 90   18 72   19 98   20 23 
   1 67    2 45    3 35    4 89    5 96    6  7    7 97    8  4    9 62   10 17   11 32   12 44   13 15   14 44   15 10   16 27   17 66   18 81   19 71   20 58 
   1 17    2 37    3 19    4 20    5 54    6 66    7 19    8 82    9  7   10 21   11 95   12  1   13 94   14 21   15 95   16 82   17  4   18 38   19 58   20 19 
   1 47    2 11    3 52    4 64    5 58    6 94    7 88    8 99    9  2   10 86   11 49   12 55   13 63   14 10   15  1   16  7   17 13   18 81   19 47   20 20 
   1 44    2 17    3 24    4  5    5 78    6 60    7  8    8 52    9 32   10 19   11 58   12 32   13 72   14 84   15 25   16 83   17 77   18 74   19 28   20 94 
   1 36    2 53    3 34    4 74    5 15    6 18    7  7    8 84    9 10   10 23   11 40   12 71   13 26   14 40   15 83   16 75   17 15   18 80   19 77   20 32 
   1 50    2 15    3 24    4 34    5 36    6  8    7 14    8 88    9 94   10 96   11 23   12 82   13 82   14 62   15 61   16  2   17 25   18 53   19 70   20 81 
   1 42    2 11    3 54    4  4    5 92    6 56    7  7    8 63    9 85   10 47   11 85   12 96   13 44   14 95   15 90   16 34   17 25   18 73   19 73   20 89 
   1 25    2 84    3 22    4 99    5 33    6 77    7 99    8 91    9 40   10 58   11 69   12 72   13 49   14 85   15 79   16 76   17 23   18 67   19 13   20 21 
   1 74    2  9    3 13    4  8    5 86    6 54    7  6    8 91    9  7   10 98   11 32   12 64   13 83   14  2   15 92   16 80   17 73   18 88   19 82   20 46 
   1 10    2 44    3 15    4  8    5 62    6  2    7  9    8 70    9 75   10  4   11 21   12 16   13 88   14 40   15 99   16 45   17 59   18 25   19 77   20  2 
   1 72    2 12    3 75    4 25    5 14    6 85    7 36    8 73    9 93   10 86   11 58   12 23   13 58   14 31   15 92   16 64   17 23   18 22   19 97   20  6 
   1 59    2 41    3 23    4 31    5 31    6 83    7 38    8 27    9 57   10 77   11 75   12 53   13 33   14 72   15 86   16 97   17 18   18 68   19 12   20 61 
   1 87    2 26    3 27    4  8    5 95    6 32    7 14    8 40    9 21   10 12   11 26   12 95   13 35   14  5   15 96   16 83   17 55   18 85   19 30   20 25 
   1 97    2 97    3 51    4  4    5 16    6 50    7 43    8 56    9 52   10 85   11 67   12 46   13 84   14 58   15 12   16 87   17 19   18 19   19 89   20 85 
   1 95    2 52    3 48    4 82    5 56    6 87    7 37    8 35    9 26   10 84   11 28   12 55   13 94   14 21   15 33   16 60   17 87   18 84   19 75   20 19 
   1 37    2 59    3 76    4 57    5 38    6 36    7  3    8 80    9 24   10 17   11 72   12  8   13 55   14  2   15 56   16  4   17 48   18 56   19 59   20 55 
   1 12    2  3    3 61    4 45    5 92    6 84    7 70    8 78    9 60   10 85   11 28   12  6   13 28   14 30   15 30   16 60   17 64   18 94   19 27   20  1 
   1 15    2 22    3 92    4 28    5 12    6 97    7 61    8 66    9 51   10 31   11 88   12  3   13 64   14 26   15 86   16 23   17 42   18 36   19 29   20 21 
   1 46    2 47    3 17    4 94    5  2    6 93    7 94    8 21    9 37   10 62   11  6   12 98   13  1   14 81   15 24   16 19   17 50   18 78   19 68   20 13 
   1 19    2 27    3 66    4 75    5 52    6 15    7 87    8 97    9 35   10 83   11 92   12 67   13  8   14 25   15 18   16 77   17 35   18 70   19 99   20 63 
   1 19    2 68    3 75    4 45    5 27    6 42    7  7    8 38    9 93   10 31   11 38   12 70   13 82   14 68   15 80   16 15   17 18   18 32   19 88   20 41 
   1 83    2 91    3 97    4 60    5 14    6 32    7 90    8 58    9 56   10 36   11  6   12 99   13 28   14  8   15 59   16  8   17 34   18 50   19 66   20 96 
   1 19    2 25    3 11    4 79    5 44    6 91    7 26    8 27    9 35   10 46   11 44   12 96   13 14   14 50   15 25   16 32   17  6   18 46   19 85   20 88 
   1 30    2  8    3  3    4 38    5 67    6  3    7 92    8 30    9 28   10 29   11 17   12 17   13 70   14 15   15 55   16 93   17 19   18 62   19 22   20 62 
   1 31    2 36    3 12    4 74    5 84    6 43    7 33    8  8    9  5   10 39   11  8   12 81   13 66   14 29   15 88   16 90   17 68   18 54   19  5   20  4 
   1 87    2 63    3 85    4 34    5 81    6 75    7 39    8 18    9 93   10  9   11 18   12 32   13 24   14 27   15 47   16 36   17 31   18 28   19 35   20 66 
   1 93    2 58    3 85    4 73    5 77    6 84    7  5    8 75    9 85   10  1   11 98   12 34   13 34   14 54   15 89   16 90   17 84   18 50   19 91   20 34 
   1 48    2 62    3 37    4 20    5 64    6 85    7 57    8 18    9 61   10 44   11  2   12 52   13 76   14 69   15 90   16 80   17 94   18 95   19 28   20 49 
   1 13    2 25    3 13    4 18    5 21    6 59    7  8    8 89    9 72   10  3   11 33   12 46   13 78   14 45   15 30   16 29   17 43   18 21   19 91   20 69 
   1 93    2 16    3 31    4 59    5 47    6 93    7 77    8 78    9 13   10 14   11 50   12 38   13  9   14 96   15 61   16 33   17 18   18  4   19 33   20 76 
   1 32    2 73    3 43    4 65    5 98    6 53    7  6    8 66    9 25   10 22   11 11   12 33   13 83   14 52   15 34   16 94   17 29   18 75   19 91   20  8 
   1  2    2  3    3 55    4 85    5 24    6  1    7 84    8  2    9 81   10 31   11 74   12 96   13 89   14 29   15 80   16 67   17  6   18 80   19 97   20 66 
   1  5    2 67    3 95    4 79    5 22    6 95    7 95    8 68    9 88   10 44   11 45   12 40   13 66   14 77   15 93   16 56   17 52   18  4   19 94   20 46 
   1 27    2 42    3 10    4 66    5  8    6  1    7 43    8 94    9 28   10 94   11 65   12 79   13 80   14 92   15 16   16 42   17 52   18 27   19 19   20 86 

