ta007
20 5
   1 15    2 28    3 77    4  1    5 45 
   1 64    2  4    3 36    4 59    5 73 
   1 64    2 43    3 57    4 95    5 59 
   1 48    2 93    3 15    4 49    5 63 
   1  9    2  1    3 81    4 90    5 54 
   1 91    2 81    3 82    4 78    5 98 
   1 27    2 77    3 98    4  3    5 39 
   1 34    2 69    3 97    4 69    5 75 
   1 42    2 52    3 12    4 99    5 33 
   1  3    2 28    3 35    4 41    5  8 
   1 11    2 28    3 84    4 73    5 86 
   1 54    2 77    3 70    4 28    5 41 
   1 27    2 42    3 27    4 99    5 41 
   1 30    2 53    3 37    4 13    5 22 
   1  9    2 46    3 59    4 59    5 43 
   1 15    2 49    3 42    4 47    5 34 
   1 88    2 15    3 57    4  8    5 80 
   1 55    2 43    3 16    4 92    5 16 
   1 50    2 65    3 11    4 87    5 37 
   1 57    2 41    3 34    4 62    5 94 

