ta008
20 5
   1 34    2  5    3 86    4 28    5  8 
   1 20    2 48    3 35    4 39    5 91 
   1 57    2 80    3  5    4 55    5 45 
   1 47    2 43    3 93    4 21    5 55 
   1 62    2 34    3 74    4 25    5 75 
   1 40    2  2    3 12    4 88    5 18 
   1 74    2 87    3 40    4 59    5 59 
   1 94    2 68    3 95    4 40    5 86 
   1  9    2 28    3 80    4 90    5 45 
   1 62    2 84    3  6    4 18    5 89 
   1 86    2 30    3 92    4 33    5 11 
   1 13    2 35    3 14    4 10    5 54 
   1 78    2 42    3 83    4 59    5 38 
   1 46    2 39    3 49    4 92    5 41 
   1 83    2 85    3 36    4 15    5 64 
   1 52    2 34    3 38    4 77    5 98 
   1 13    2 36    3 43    4 31    5 83 
   1 70    2  9    3 89    4 85    5 36 
   1 40    2 96    3 94    4 85    5 61 
   1 60    2 84    3 33    4 99    5 19 

