ta005
20 5
   1 61    2 27    3 42    4 13    5 55 
   1 86    2 92    3 93    4 47    5 48 
   1 16    2  8    3 32    4  6    5 56 
   1 42    2 65    3 30    4 70    5 84 
   1 14    2 34    3 16    4 19    5 22 
   1 92    2  6    3 95    4 97    5 51 
   1 67    2 42    3 58    4 41    5 43 
   1 77    2 39    3 12    4  1    5 50 
   1 46    2  2    3 95    4 57    5 62 
   1 41    2  7    3 21    4 60    5 61 
   1 78    2 85    3 74    4 62    5 10 
   1  3    2 32    3 38    4 14    5 87 
   1 72    2 14    3  4    4 90    5 99 
   1 95    2 74    3 31    4 76    5 40 
   1 53    2 59    3 62    4 12    5 91 
   1 59    2 95    3 39    4 89    5 64 
   1 34    2 48    3 97    4 37    5 62 
   1 66    2 37    3 57    4 35    5 53 
   1 42    2 59    3  9    4 91    5 33 
   1 63    2  4    3 54    4 69    5 16 

