ta002
20 5
   1 26    2 59    3 78    4 88    5 69 
   1 38    2 62    3 90    4 54    5 30 
   1 27    2 44    3 64    4 47    5 61 
   1 88    2 10    3 49    4 83    5 35 
   1 95    2 23    3 47    4 84    5 53 
   1 55    2 64    3 20    4  9    5 98 
   1 54    2 47    3 61    4 30    5 94 
   1 63    2 68    3 93    4 11    5 33 
   1 23    2 54    3 36    4 92    5 77 
   1 45    2  9    3 47    4 63    5 31 
   1 86    2 30    3 70    4 62    5 54 
   1 43    2 31    3 54    4 75    5 71 
   1 43    2 92    3 87    4 48    5 78 
   1 40    2  7    3 13    4 23    5  9 
   1 37    2 14    3 40    4 85    5 79 
   1 54    2 95    3 34    4 23    5 51 
   1 35    2 76    3 55    4  4    5 76 
   1 59    2 82    3 13    4 31    5 56 
   1 43    2 91    3 11    4 13    5 80 
   1 50    2 37    3  5    4 98    5 72 

