ta017
20 10
   1 64    2 43    3  9    4 38    5  2    6 79    7 16    8 85    9 89   10 69 
   1 44    2 97    3 87    4 85    5 74    6 18    7 95    8 77    9  6   10 88 
   1 58    2 49    3  3    4 29    5 16    6 99    7 26    8 74    9 41   10 24 
   1  7    2  2    3 15    4 26    5 21    6 75    7 25    8 17    9 22   10 41 
   1 69    2 54    3 55    4 23    5 10    6 47    7 71    8 38    9 68   10 53 
   1 12    2 12    3  5    4 28    5 98    6 96    7 50    8 42    9 83   10  8 
   1  5    2 31    3  8    4 19    5 74    6  6    7 38    8 20    9 79   10 58 
   1 69    2 52    3 94    4 10    5 84    6 22    7 15    8 68    9 69   10 19 
   1 46    2 29    3 60    4 72    5 55    6  3    7 85    8 93    9 44   10 50 
   1 23    2 98    3 18    4 33    5 19    6 29    7 20    8 15    9 64   10 21 
   1 95    2 46    3 20    4 21    5 20    6 12    7 25    8 28    9 77   10 43 
   1 24    2 83    3 65    4 79    5 37    6 53    7 67    8 91    9 46   10 18 
   1 58    2 78    3 50    4 55    5 90    6 42    7  7    8 32    9 76   10 74 
   1 88    2 52    3 76    4 69    5 76    6 61    7 12    8 56    9 64   10 50 
   1 46    2 63    3 75    4 38    5 10    6 49    7 50    8 70    9 25   10 20 
   1 65    2 66    3  7    4 15    5 81    6 56    7  8    8 51    9 55   10 81 
   1 31    2 45    3 82    4 58    5 27    6  9    7 82    8  9    9 30   10 98 
   1 84    2 49    3 49    4 36    5 52    6  6    7  5    8 94    9 89   10 92 
   1  4    2 21    3  3    4 11    5 21    6 54    7  9    8 63    9 96   10 21 
   1 73    2 13    3 56    4 98    5  1    6 57    7 41    8 33    9 71   10 83 

