ta016
20 10
   1 47    2 80    3 51    4 63    5 60    6 70    7 39    8 33    9  5   10  9 
   1 77    2 46    3 79    4 22    5 20    6 96    7 75    8  1    9 37   10 14 
   1 66    2 37    3 35    4 47    5 13    6 56    7 66    8 59    9 72   10 37 
   1 13    2 86    3 63    4 46    5 64    6 22    7 89    8 85    9  6   10 54 
   1 77    2 85    3 18    4 72    5 67    6 44    7 56    8  1    9 90   10 14 
   1 20    2 67    3 67    4 16    5 25    6 83    7 42    8 85    9 71   10 53 
   1 29    2 22    3 73    4 35    5 39    6 66    7 90    8 65    9 47   10 27 
   1 11    2 67    3  2    4  2    5 40    6 56    7 77    8 47    9 60   10 64 
   1 85    2 20    3 23    4 22    5 72    6 27    7 76    8 13    9 93   10 25 
   1 98    2  1    3 59    4 50    5 28    6 52    7 43    8 12    9 17   10 79 
   1 36    2 39    3 46    4 58    5 36    6 46    7 14    8 23    9 65   10 30 
   1 92    2 25    3 12    4 46    5 60    6 83    7  3    8 21    9 12   10 33 
   1 99    2  1    3 17    4 19    5  2    6 76    7 57    8 89    9 97   10  5 
   1 65    2 41    3 87    4 82    5  8    6 25    7 98    8 51    9 29   10 96 
   1 34    2 74    3 35    4 69    5 33    6 28    7 47    8 34    9 41   10  1 
   1 35    2 39    3 27    4 14    5 85    6 26    7 35    8 62    9  3   10 51 
   1 42    2  2    3 71    4 94    5 51    6 98    7 58    8  6    9 46   10 42 
   1 28    2 20    3 11    4 39    5  6    6 64    7  6    8 22    9 33   10 78 
   1 28    2  3    3 97    4 62    5  5    6 66    7 95    8 75    9 55   10 70 
   1  5    2 29    3 83    4 27    5 72    6 15    7  9    8 22    9 10   10 91 

