ta018
20 10
   1  9    2 91    3 96    4 73    5 37    6 28    7 32    8 27    9  4   10 83 
   1 19    2 54    3 78    4 88    5 94    6 58    7 18    8 63    9 67   10  4 
   1 86    2 71    3  7    4 17    5 51    6 52    7  3    8 59    9 77   10 50 
   1 38    2 36    3 72    4 24    5  1    6 11    7 60    8 76    9 24   10 74 
   1 71    2 13    3 80    4 53    5  9    6 21    7 34    8 97    9 68   10 14 
   1 82    2 44    3 38    4 86    5 16    6 97    7 69    8 85    9 37   10  8 
   1 12    2 27    3 17    4 10    5 89    6 49    7 47    8 57    9 28   10 67 
   1 20    2 23    3 98    4 30    5  2    6 55    7 95    8 49    9 65   10 18 
   1 37    2 95    3 88    4 71    5 80    6 16    7 92    8 60    9 93   10 60 
   1 22    2 15    3 78    4  5    5 38    6  4    7 70    8 30    9 68   10  3 
   1 97    2 25    3 80    4 11    5 94    6 82    7 71    8 70    9 18   10 43 
   1 85    2 88    3 54    4 97    5 93    6 60    7 73    8  1    9  6   10 31 
   1 93    2 46    3 73    4 10    5 89    6  5    7 58    8 23    9 49   10 59 
   1 33    2  5    3 83    4 84    5 95    6 52    7 17    8 18    9 67   10 69 
   1 69    2 38    3 15    4 58    5 95    6 42    7 26    8 42    9 93   10 13 
   1 70    2 74    3  5    4 47    5 63    6 61    7 39    8 96    9  3   10 46 
   1 29    2 21    3 27    4 69    5 17    6 87    7 60    8  2    9 10   10 53 
   1 48    2 36    3 20    4 80    5 98    6 89    7 72    8 52    9 80   10 27 
   1 28    2 21    3 75    4 49    5  2    6 76    7 93    8 49    9 44   10 28 
   1 76    2  4    3 24    4 74    5 19    6 46    7 27    8 82    9 26   10 63 

