ta013
20 10
   1 49    2  3    3 60    4 12    5 75    6 31    7 70    8 20    9 88   10  9 
   1 49    2 53    3 88    4 47    5 19    6 61    7 78    8 78    9 30   10 41 
   1 15    2 59    3 15    4 46    5 60    6 47    7 41    8 38    9 34   10 22 
   1 18    2  7    3 26    4 17    5 87    6 32    7  9    8 26    9 33   10 34 
   1 65    2 65    3 11    4 43    5 27    6 34    7 47    8 64    9 21   10 83 
   1 55    2 58    3 16    4 16    5 48    6 69    7 94    8 62    9  7   10 55 
   1  1    2 24    3 55    4 91    5 72    6 32    7 26    8 11    9 94   10  3 
   1 79    2 55    3 59    4 94    5 88    6  1    7 65    8 38    9 10   10  8 
   1 10    2 26    3 81    4 73    5 48    6  1    7 17    8 68    9 73   10 75 
   1 37    2 40    3 53    4 89    5 59    6 80    7 42    8 37    9 85   10 30 
   1 77    2 89    3 92    4 12    5 74    6 19    7 59    8 74    9 82   10 57 
   1 80    2 94    3 23    4 58    5 86    6 57    7 80    8  9    9 62   10 65 
   1 79    2 51    3 55    4 25    5 49    6 98    7  7    8 65    9 99   10 89 
   1 84    2 74    3 79    4 24    5 94    6 37    7 75    8 16    9 67   10 60 
   1 93    2 54    3 13    4 55    5 15    6 31    7 63    8 38    9 61   10 90 
   1 21    2 86    3 89    4  1    5 95    6 51    7 96    8 85    9 10   10 84 
   1 85    2 22    3  2    4 67    5 41    6 66    7  7    8 50    9  4   10 74 
   1 64    2 83    3 17    4  3    5 94    6 38    7 10    8 62    9 70   10 17 
   1 46    2 19    3 97    4  1    5 15    6 62    7 47    8 39    9 31   10  2 
   1 35    2 44    3 41    4 71    5 71    6 72    7 38    8 97    9 49   10 19 

