ta014
20 10
   1 94    2  3    3 39    4  1    5 63    6 86    7 44    8 19    9 55   10 67 
   1 43    2 18    3 23    4 92    5 96    6 36    7 25    8 82    9 46   10 66 
   1  6    2 43    3 28    4 83    5 50    6 19    7 85    8 12    9 68   10 66 
   1 47    2 41    3 31    4 43    5 12    6 71    7 86    8 70    9 15   10 32 
   1 45    2 83    3 86    4  3    5 15    6  8    7 73    8  6    9 55   10  8 
   1 51    2 62    3 19    4  3    5 11    6 77    7 58    8 64    9 74   10 30 
   1 73    2 27    3 85    4 51    5 33    6  8    7 95    8  3    9 42   10 92 
   1 49    2 75    3 90    4  5    5  7    6  6    7 13    8  4    9 40   10 40 
   1 31    2 52    3 77    4 38    5  4    6 40    7 50    8 29    9 88   10 13 
   1 58    2 58    3  4    4 37    5 58    6 39    7 39    8 43    9 68   10 79 
   1 19    2 18    3 85    4 44    5 27    6 24    7 24    8 40    9 67   10 19 
   1 36    2  1    3 81    4 66    5  7    6 82    7 55    8 77    9 67   10 29 
   1 54    2 61    3  9    4 31    5  7    6 69    7 58    8 88    9  8   10 27 
   1 75    2 67    3 52    4  8    5 54    6 82    7 79    8 74    9 13   10 18 
   1  7    2 55    3 67    4 79    5 31    6 39    7 42    8 13    9 74   10 42 
   1  5    2 72    3 77    4 42    5 94    6 52    7 98    8 13    9 47   10 86 
   1 82    2 16    3 45    4 85    5 25    6 85    7 44    8 17    9  3   10 30 
   1 20    2 12    3  7    4 92    5  8    6 48    7 16    8 45    9 95   10 41 
   1 31    2 87    3 21    4 89    5 61    6 22    7 13    8  2    9 36   10 27 
   1 32    2 21    3 26    4 29    5 51    6 57    7 74    8 22    9 46   10 50 

