ta023
20 20
   1 46    2 98    3  7    4 64    5 11    6  3    7 53    8 67    9 63   10 87   11 37   12 69   13 36   14 74   15 40   16 83   17 49   18  8   19 47   20 86 
   1 52    2  2    3  2    4  2    5 99    6  1    7 87    8 28    9 91   10 29   11 16   12 91   13  3   14 28   15 62   16 87   17  3   18 11   19 74   20 30 
   1 79    2 85    3 44    4 16    5 37    6 58    7 88    8 88    9 11   10  2   11 42   12 38   13 58   14 78   15 25   16 38   17 94   18  7   19 26   20 92 
   1 45    2 44    3 38    4 35    5 50    6 85    7 10    8 23    9  6   10 18   11 47   12 25   13 10   14 43   15 24   16 38   17 76   18 54   19 61   20 94 
   1 97    2  7    3 24    4 53    5 56    6 33    7 32    8 91    9 31   10 75   11 94   12 87   13 98   14 98   15 30   16 86   17 95   18 72   19 95   20 66 
   1 10    2 73    3 76    4 40    5 69    6 71    7 38    8 71    9 63   10 39   11 14   12  7   13  6   14 83   15  1   16 67   17 48   18 57   19 55   20 47 
   1 44    2 19    3 85    4 81    5 22    6 58    7 25    8  3    9 36   10 77   11 94   12 66   13 44   14 91   15 73   16 23   17  4   18 85   19 11   20  3 
   1 24    2 69    3 61    4 26    5 56    6 56    7 24    8 26    9 39   10 69   11 34   12 54   13 62   14 27   15 27   16 19   17 37   18 22   19 42   20 41 
   1 85    2 12    3 32    4 85    5 67    6 64    7 90    8 41    9 57   10 15   11 72   12 86   13 24   14  6   15 16   16 97   17 82   18 87   19 72   20 41 
   1 75    2 73    3 90    4  4    5 63    6 43    7  7    8 96    9 47   10 78   11 36   12 49   13 94   14 82   15 91   16 78   17 57   18 65   19 14   20 47 
   1 66    2 85    3 61    4  4    5 96    6 48    7 11    8 51    9 56   10 68   11 88   12  3   13 79   14 60   15 33   16 66   17 61   18 22   19  8   20 89 
   1 49    2 23    3 87    4 10    5 74    6 69    7 49    8 24    9 65   10 37   11 51   12 48   13 93   14 44   15 11   16 67   17  6   18 29   19 98   20 28 
   1 95    2 53    3 51    4 63    5  4    6 96    7  2    8 21    9 59   10 22   11 41   12 44   13 68   14 43   15 99   16  7   17 97   18 99   19 90   20 39 
   1 61    2 16    3 25    4 96    5 42    6 35    7 76    8 57    9  4   10 41   11 71   12 93   13 75   14 76   15  2   16 23   17  5   18 25   19 36   20 80 
   1 19    2 88    3 73    4 55    5 40    6 82    7 17    8 69    9 10   10 92   11 94   12 37   13 37   14 99   15 60   16 67   17 27   18 98   19 75   20 47 
   1 47    2  8    3 93    4 71    5 30    6 53    7 32    8 51    9 12   10 67   11 99   12 82   13 44   14 66   15 90   16  8   17 95   18 55   19 69   20 57 
   1 84    2 26    3 28    4 66    5 93    6 64    7 39    8 50    9 62   10 24   11 11   12 31   13 34   14 11   15 36   16 77   17 46   18 80   19 26   20 74 
   1 13    2 42    3 90    4 94    5 36    6 11    7  9    8 51    9 43   10 87   11 97   12 59   13 39   14 35   15 62   16 71   17 92   18 82   19 24   20 38 
   1 11    2 58    3 94    4  7    5 25    6 61    7 83    8 21    9 49   10 91   11 44   12 78   13 76   14 52   15 15   16 85   17 46   18 33   19 55   20 59 
   1 19    2 63    3 59    4 15    5 87    6 36    7 69    8 19    9 54   10 31   11 77   12 33   13 62   14  8   15  3   16 29   17 52   18 68   19 98   20  5 

