ta020
20 10
   1 74    2 70    3 84    4 63    5 72    6 78    7 33    8 87    9  3   10 28 
   1 26    2 92    3 20    4 61    5 91    6 58    7 70    8 20    9 86   10 36 
   1 84    2 36    3 64    4 46    5 21    6 53    7 10    8 71    9  3   10 39 
   1 41    2 70    3 44    4  6    5 70    6 17    7 45    8 95    9 89   10 63 
   1  3    2 37    3 69    4 83    5 12    6 36    7 70    8 71    9 57   10 66 
   1 46    2 36    3 63    4 49    5 67    6  3    7  2    8 99    9 27   10 44 
   1 39    2 42    3 94    4 78    5 65    6 83    7 92    8 79    9 28   10 18 
   1 90    2 34    3 86    4 84    5 90    6 91    7 50    8 19    9 88   10 67 
   1 62    2 29    3 66    4 97    5 47    6 73    7 54    8 41    9 48   10 17 
   1 63    2 80    3 97    4 56    5 82    6 81    7 64    8 74    9 26   10 84 
   1 74    2 91    3 25    4 76    5 62    6 74    7 44    8  8    9 58   10  9 
   1  4    2 56    3 90    4  9    5  3    6  2    7  4    8 55    9  6   10 33 
   1 37    2 71    3 12    4 38    5 84    6 31    7 99    8 87    9 33   10 80 
   1 75    2 14    3 62    4 21    5 30    6 37    7 43    8 87    9  3   10 27 
   1 72    2 31    3 83    4 80    5 91    6 78    7 43    8 37    9 25   10 42 
   1 30    2 75    3 32    4 47    5  5    6 74    7 11    8 52    9 61   10 60 
   1 43    2 80    3 12    4 24    5 11    6 51    7 60    8 36    9 93   10 96 
   1 95    2 73    3 38    4 95    5 41    6 41    7 53    8  6    9 69   10 81 
   1 41    2 32    3 22    4 80    5 14    6 78    7 45    8 42    9 53   10 31 
   1 97    2 56    3 92    4 65    5 28    6 26    7 63    8 30    9 47   10 88 

