ta021
20 20
   1 50    2 78    3 36    4 85    5  9    6 75    7 46    8 73    9 71   10  7   11 49   12  3   13 60   14 12   15 75   16 31   17 70   18 20   19 88   20  9 
   1 90    2 56    3 43    4 88    5 92    6 64    7 94    8  3    9 49   10 40   11 49   12 53   13 88   14 47   15 19   16 61   17 78   18 78   19 30   20 41 
   1 39    2  9    3 10    4 60    5 98    6 96    7  6    8 56    9 36   10 33   11 15   12 59   13 15   14 46   15 60   16 47   17 41   18 38   19 34   20 22 
   1 34    2 43    3 19    4 98    5 44    6 95    7 19    8 73    9 87   10 64   11 18   12  7   13 26   14 17   15 87   16 32   17  9   18 26   19 33   20 34 
   1 66    2 84    3 55    4  4    5 51    6 22    7 20    8 80    9  8   10  5   11 65   12 65   13 11   14 43   15 27   16 34   17 47   18 64   19 21   20 83 
   1 81    2 73    3 48    4 99    5  8    6 41    7 51    8 82    9 25   10 25   11 55   12 58   13 16   14 16   15 48   16 69   17 94   18 62   19  7   20 55 
   1 27    2 66    3 85    4 53    5 31    6 26    7 85    8 36    9 76   10 89   11  1   12 24   13 55   14 91   15 72   16 32   17 26   18 11   19 94   20  3 
   1 48    2 38    3 70    4 21    5 15    6 33    7 92    8 98    9 73   10 95   11 79   12 55   13 59   14 94   15 88   16  1   17 65   18 38   19 10   20  8 
   1 46    2 83    3 82    4 33    5 47    6 68    7 43    8 90    9 80   10 58   11 10   12 26   13 81   14 73   15 48   16  1   17 17   18 68   19 73   20 75 
   1 68    2 57    3 39    4 53    5 31    6  9    7 75    8 46    9  6   10 83   11 37   12 40   13 53   14 89   15 59   16 80   17 42   18 37   19 85   20 30 
   1 48    2 97    3 91    4 63    5 80    6 81    7 70    8 10    9  6   10 28   11 77   12 89   13 92   14 12   15 74   16 19   17 59   18 74   19 82   20 57 
   1 92    2 52    3 82    4 18    5 83    6 28    7 70    8 46    9 33   10 35   11 80   12 94   13 23   14 58   15 86   16 57   17 80   18  9   19 62   20 65 
   1 78    2 77    3 85    4 45    5 20    6 61    7 36    8 65    9 79   10 74   11 79   12 51   13 55   14 25   15 49   16 98   17  7   18 65   19 99   20 89 
   1 84    2 13    3 17    4 29    5 84    6 69    7 31    8 83    9 10   10  5   11 84   12 74   13 79   14 24   15 94   16 37   17 75   18 16   19 67   20 60 
   1 93    2 12    3  6    4 43    5 69    6 37    7 76    8 75    9 93   10  6   11 93   12 54   13 13   14 55   15 15   16 31   17 63   18 38   19 61   20 90 
   1 39    2  2    3 54    4 41    5 49    6 57    7 63    8 47    9 65   10  9   11 21   12 86   13 89   14  1   15 95   16 51   17 96   18 85   19 10   20 84 
   1 43    2 65    3 87    4 80    5 93    6 36    7 89    8 61    9 26   10  3   11 85   12 22   13  2   14 67   15 41   16 66   17  7   18 50   19  4   20 74 
   1  1    2 93    3 85    4  4    5 39    6 80    7 46    8 28    9 73   10  2   11 64   12 83   13 17   14  3   15 94   16 38   17 10   18 62   19 70   20 17 
   1 65    2 39    3  4    4 31    5 13    6 96    7 25    8 59    9 42   10 35   11 46   12 19   13 97   14  1   15 15   16 62   17 47   18 39   19 31   20  2 
   1 87    2  1    3 72    4 19    5 88    6 74    7 88    8 22    9 18   10 41   11 35   12 44   13 41   14 71   15 71   16 72   17 38   18 97   19 49   20 19 

