ta022
20 20
   1 94    2  3    3 39    4  1    5 63    6 86    7 44    8 19    9 55   10 67   11 98   12 30   13 21   14 63   15 75   16 20   17 57   18 73   19 71   20 38 
   1 43    2 18    3 23    4 92    5 96    6 36    7 25    8 82    9 46   10 66   11 79   12 63   13 18   14 20   15 56   16 50   17 28   18 11   19 18   20  4 
   1  6    2 43    3 28    4 83    5 50    6 19    7 85    8 12    9 68   10 66   11 44   12 88   13 98   14 70   15 87   16 37   17 27   18 38   19 93   20 40 
   1 47    2 41    3 31    4 43    5 12    6 71    7 86    8 70    9 15   10 32   11 90   12 79   13 59   14 12   15 52   16 68   17 51   18 53   19 74   20 98 
   1 45    2 83    3 86    4  3    5 15    6  8    7 73    8  6    9 55   10  8   11 22   12 44   13 17   14  1   15 77   16 23   17 42   18 79   19 30   20 22 
   1 51    2 62    3 19    4  3    5 11    6 77    7 58    8 64    9 74   10 30   11 72   12 54   13 29   14 75   15 78   16 64   17 95   18 40   19 86   20  8 
   1 73    2 27    3 85    4 51    5 33    6  8    7 95    8  3    9 42   10 92   11 84   12 12   13 42   14 72   15 93   16 15   17 94   18 56   19 50   20 31 
   1 49    2 75    3 90    4  5    5  7    6  6    7 13    8  4    9 40   10 40   11 42   12 15   13 19   14 79   15 65   16 10   17 35   18 60   19 12   20 41 
   1 31    2 52    3 77    4 38    5  4    6 40    7 50    8 29    9 88   10 13   11 46   12  3   13 17   14 48   15 21   16 20   17 26   18 25   19  6   20 25 
   1 58    2 58    3  4    4 37    5 58    6 39    7 39    8 43    9 68   10 79   11 72   12 89   13 49   14 77   15 35   16 15   17 42   18 54   19 80   20 91 
   1 19    2 18    3 85    4 44    5 27    6 24    7 24    8 40    9 67   10 19   11 98   12 84   13 71   14 16   15  1   16 19   17 31   18 78   19 96   20 95 
   1 36    2  1    3 81    4 66    5  7    6 82    7 55    8 77    9 67   10 29   11 12   12 23   13 25   14 60   15 15   16 92   17 26   18 78   19 10   20 83 
   1 54    2 61    3  9    4 31    5  7    6 69    7 58    8 88    9  8   10 27   11 14   12  4   13 22   14 47   15 52   16 63   17 14   18 53   19 95   20 38 
   1 75    2 67    3 52    4  8    5 54    6 82    7 79    8 74    9 13   10 18   11  6   12 32   13 84   14 67   15 94   16 69   17 75   18 39   19 17   20 93 
   1  7    2 55    3 67    4 79    5 31    6 39    7 42    8 13    9 74   10 42   11 70   12 60   13 50   14 45   15 10   16 15   17  6   18 50   19 98   20 62 
   1  5    2 72    3 77    4 42    5 94    6 52    7 98    8 13    9 47   10 86   11  1   12 70   13 46   14 67   15 61   16 94   17 86   18 64   19 29   20 87 
   1 82    2 16    3 45    4 85    5 25    6 85    7 44    8 17    9  3   10 30   11 41   12 20   13 60   14 35   15  8   16 94   17 32   18 67   19 13   20 27 
   1 20    2 12    3  7    4 92    5  8    6 48    7 16    8 45    9 95   10 41   11 60   12 43   13 31   14 55   15 79   16 54   17 92   18 15   19 64   20 33 
   1 31    2 87    3 21    4 89    5 61    6 22    7 13    8  2    9 36   10 27   11 51   12  2   13 64   14 26   15 40   16 45   17 71   18 24   19 56   20 58 
   1 32    2 21    3 26    4 29    5 51    6 57    7 74    8 22    9 46   10 50   11 82   12 52   13 53   14 32   15 29   16 51   17 63   18 74   19 81   20 26 

