ta033
50 5
   1 38    2  5    3 26    4 66    5 93 
   1 23    2 13    3 40    4 41    5 95 
   1 13    2 36    3 84    4 74    5 48 
   1  1    2 54    3 84    4 62    5 71 
   1 10    2 76    3 74    4 70    5 30 
   1 76    2 40    3 39    4 30    5 22 
   1 49    2 67    3 65    4 66    5  3 
   1  2    2 31    3 15    4 11    5 22 
   1 81    2 35    3 71    4 51    5 82 
   1 43    2 48    3 92    4 43    5 35 
   1 51    2 85    3 44    4 32    5 56 
   1 71    2 41    3 27    4 23    5 14 
   1 29    2 82    3 93    4 20    5 88 
   1 44    2 95    3  2    4  1    5 41 
   1 26    2 15    3 55    4 54    5  4 
   1 27    2 24    3 44    4 55    5 52 
   1 27    2 77    3 55    4 65    5 17 
   1 56    2  6    3 23    4 22    5 95 
   1 21    2 79    3 25    4 99    5 15 
   1 76    2 36    3  1    4 97    5 85 
   1 88    2 18    3 51    4 21    5 12 
   1  9    2 21    3 12    4 63    5 11 
   1 33    2 34    3 47    4 45    5 24 
   1  6    2 42    3 98    4 70    5 71 
   1 40    2 74    3 41    4 41    5 46 
   1 64    2 46    3 18    4  6    5 59 
   1  5    2  1    3 44    4 70    5 16 
   1  5    2 88    3 72    4 33    5 33 
   1  7    2 29    3 88    4 97    5 53 
   1  5    2 95    3 60    4 32    5 22 
   1 76    2 67    3 29    4 28    5 49 
   1 63    2 41    3 99    4 54    5 44 
   1 35    2 98    3  2    4 63    5 76 
   1 94    2 31    3 17    4 16    5 88 
   1 65    2 25    3 79    4 12    5 45 
   1 25    2 70    3  6    4  2    5 52 
   1  6    2 62    3 29    4 50    5 31 
   1 87    2 45    3 89    4 48    5 66 
   1 60    2 59    3  4    4 34    5 17 
   1 33    2 68    3 70    4 75    5 68 
   1 67    2 22    3 10    4 45    5 99 
   1 81    2 81    3 79    4  2    5 78 
   1 93    2 44    3 64    4 39    5 87 
   1 98    2 80    3 92    4  4    5 45 
   1  9    2 88    3 42    4 46    5 78 
   1 94    2 25    3 79    4 11    5 51 
   1 49    2 93    3 56    4 66    5 87 
   1 27    2 61    3 94    4 59    5  4 
   1 62    2  1    3 26    4 28    5 45 
   1 90    2 97    3 93    4 74    5  9 

