ta038
50 5
   1  9    2 80    3 28    4 70    5 55 
   1 19    2 54    3 58    4  1    5 39 
   1 86    2 73    3 52    4 23    5 86 
   1 38    2 83    3 11    4 18    5 40 
   1 71    2 15    3 21    4 42    5 92 
   1 82    2  5    3 97    4 96    5  2 
   1 12    2 27    3 49    4  2    5 65 
   1 20    2 20    3 55    4 52    5 91 
   1 37    2 75    3 16    4 49    5 67 
   1 22    2 24    3  4    4 82    5 92 
   1 97    2 73    3 82    4  4    5 55 
   1 85    2 88    3 60    4 67    5 40 
   1 93    2 17    3  5    4 77    5  1 
   1 33    2 24    3 52    4 24    5 81 
   1 69    2 53    3 42    4 68    5  2 
   1 70    2 86    3 61    4 37    5 78 
   1 29    2 10    3 87    4 28    5 25 
   1 48    2 30    3 89    4 65    5 27 
   1 28    2 71    3 76    4 93    5 46 
   1 76    2  5    3 46    4 68    5 61 
   1 91    2 11    3 32    4 18    5 46 
   1 54    2 97    3 18    4  6    5 59 
   1 71    2 10    3  3    4 49    5 16 
   1 36    2 84    3 60    4 67    5 41 
   1 13    2 58    3 34    4 93    5 65 
   1 44    2 47    3 69    4  3    5 75 
   1 27    2 69    3 47    4 10    5 69 
   1 23    2 80    3 95    4 80    5 68 
   1 95    2 49    3 92    4 44    5 68 
   1 15    2 74    3 70    4 26    5 23 
   1 25    2 37    3 71    4 83    5 30 
   1 88    2 94    3 73    4  4    5 29 
   1 46    2 51    3 58    4 50    5 37 
   1  5    2  1    3 17    4 74    5 64 
   1 38    2  9    3 26    4 14    5 44 
   1 74    2 16    3 39    4  8    5 69 
   1 21    2 89    3 60    4 67    5 36 
   1 36    2  2    3 72    4 18    5  9 
   1 21    2 80    3 93    4 60    5 45 
   1  4    2 38    3 27    4  3    5  8 
   1 96    2 94    3 27    4 43    5 50 
   1 78    2 93    3 63    4 31    5 10 
   1  7    2 89    3 59    4 59    5 46 
   1 72    2 95    3 76    4 69    5 83 
   1 80    2 95    3 97    4 13    5 91 
   1 38    2 63    3 85    4 46    5 79 
   1 17    2 17    3 57    4 53    5 39 
   1 98    2 98    3 49    4 27    5 83 
   1 88    2  2    3 60    4 28    5 36 
   1 78    2 19    3 30    4 63    5 28 

