ta037
50 5
   1 82    2  6    3 49    4 57    5 34 
   1 73    2 49    3 25    4 88    5 31 
   1 84    2 84    3 46    4 88    5 15 
   1 63    2 72    3 37    4 43    5 32 
   1 14    2 39    3 56    4 25    5 45 
   1 73    2 51    3 50    4 81    5 50 
   1 84    2 77    3  9    4  3    5 81 
   1  9    2 59    3 62    4  3    5 46 
   1 38    2 97    3 10    4 78    5 93 
   1 67    2  5    3 89    4 97    5 13 
   1 76    2 83    3 66    4 74    5 47 
   1 18    2 51    3 98    4 71    5 50 
   1 70    2  9    3 10    4 50    5 70 
   1 69    2  9    3 70    4 70    5 21 
   1  4    2 59    3 92    4 23    5 41 
   1 58    2 30    3 36    4 43    5 12 
   1 66    2 86    3 82    4 51    5 18 
   1 11    2 49    3 54    4 97    5 28 
   1  1    2 46    3 34    4 57    5 22 
   1 51    2 13    3 34    4 77    5 60 
   1 38    2 45    3  5    4 90    5 69 
   1 16    2 51    3 12    4 58    5 49 
   1 81    2 68    3  3    4 75    5 38 
   1 39    2 82    3 56    4  4    5 80 
   1 56    2  6    3 44    4 12    5 52 
   1 83    2 99    3 41    4  2    5 45 
   1 27    2 12    3 14    4  4    5 34 
   1 29    2  8    3 25    4 28    5  3 
   1 93    2 36    3 78    4 54    5 61 
   1 70    2 24    3 25    4 39    5 96 
   1 64    2 82    3 89    4 30    5 99 
   1 22    2 73    3 83    4 71    5 49 
   1 84    2 66    3 78    4 89    5 78 
   1 25    2 69    3 23    4 33    5 34 
   1 73    2 71    3 51    4 85    5 78 
   1 81    2 70    3  7    4  2    5 79 
   1 10    2 61    3 20    4 69    5 64 
   1 46    2 42    3 30    4 20    5 55 
   1 32    2 77    3 30    4 64    5 63 
   1 38    2 10    3 30    4 94    5 24 
   1 68    2  2    3 63    4  3    5 58 
   1 40    2  6    3 82    4 41    5 25 
   1 33    2 24    3 40    4 37    5 93 
   1 79    2 97    3 39    4 36    5 73 
   1 64    2 15    3 37    4 74    5 45 
   1 36    2 91    3 44    4 53    5 93 
   1 62    2 32    3  2    4 49    5 37 
   1 82    2 68    3 27    4 77    5 64 
   1 44    2 17    3 71    4 13    5 92 
   1 99    2  1    3 45    4 37    5 59 

