ta032
50 5
   1 27    2 91    3 97    4 67    5 11 
   1 69    2  9    3 49    4 72    5 73 
   1 78    2 33    3 17    4 50    5 28 
   1 90    2 97    3 54    4 12    5 12 
   1 23    2 27    3 52    4 54    5 71 
   1  6    2 17    3 74    4 69    5 20 
   1 23    2 97    3 44    4 35    5 65 
   1 28    2 96    3  8    4 26    5 56 
   1 98    2  1    3 75    4 80    5 44 
   1 57    2 30    3 19    4 13    5 79 
   1 96    2  5    3 91    4 17    5 26 
   1 85    2 78    3 94    4 10    5 43 
   1 60    2 58    3 77    4 74    5 44 
   1 34    2 20    3 80    4 63    5 28 
   1 42    2 42    3 20    4 17    5 70 
   1 73    2 97    3 48    4 11    5 64 
   1 31    2 96    3 90    4 15    5 57 
   1 11    2 75    3 30    4 30    5 53 
   1 60    2 89    3  5    4 91    5 84 
   1 57    2 66    3 20    4 89    5 45 
   1 88    2  9    3 46    4 93    5  6 
   1 38    2 59    3 72    4 62    5 77 
   1 43    2 84    3 10    4 16    5 39 
   1 30    2 93    3 97    4 49    5 94 
   1 77    2 83    3 44    4 73    5 72 
   1 85    2 58    3 85    4 58    5 93 
   1 58    2 92    3 40    4 68    5 80 
   1 58    2 82    3 68    4 15    5 35 
   1 45    2 12    3 62    4 92    5 32 
   1 72    2 89    3 76    4 31    5 59 
   1 86    2 81    3 60    4 16    5 31 
   1 83    2 20    3 65    4 56    5 86 
   1  3    2  4    3 91    4 42    5 52 
   1 14    2 93    3 63    4 32    5  7 
   1 91    2 12    3 67    4 85    5 99 
   1 27    2 75    3 26    4  2    5 20 
   1 17    2 35    3 57    4 39    5 95 
   1 13    2 58    3 22    4 39    5 21 
   1 21    2 70    3 67    4 79    5 63 
   1 82    2  9    3 70    4 86    5 73 
   1 91    2 79    3 30    4 35    5 97 
   1 11    2 29    3 57    4 30    5 49 
   1 88    2 45    3 67    4 10    5 77 
   1 99    2 27    3 29    4 42    5 83 
   1  8    2 71    3 63    4 77    5 73 
   1  6    2 89    3 77    4 69    5 94 
   1 71    2 21    3 28    4 47    5 35 
   1 53    2 78    3 73    4 83    5 89 
   1  2    2  4    3 63    4  8    5  9 
   1  2    2 17    3 20    4 27    5 29 

