ta040
50 5
   1 24    2 51    3  8    4 59    5 67 
   1  1    2 57    3 54    4 85    5 99 
   1 57    2 82    3 15    4 73    5 57 
   1 86    2 47    3 47    4 87    5 47 
   1 35    2 82    3 73    4 87    5 93 
   1  9    2 14    3 33    4 89    5 35 
   1 55    2 79    3 73    4 48    5 32 
   1  8    2 57    3 35    4 57    5 77 
   1 93    2 88    3 45    4 59    5 28 
   1 11    2 79    3 75    4 73    5 75 
   1 39    2 22    3 83    4 66    5 95 
   1 10    2 72    3 12    4 95    5 15 
   1 84    2 58    3 59    4 61    5 18 
   1 80    2 78    3 95    4 13    5 97 
   1 59    2 18    3 96    4 79    5 37 
   1 37    2 48    3 75    4 88    5 53 
   1 80    2 72    3 62    4 19    5 97 
   1 69    2 38    3 44    4 18    5 73 
   1 13    2 71    3 43    4 21    5 60 
   1 19    2 82    3 30    4 33    5 39 
   1 25    2 61    3 47    4 11    5 48 
   1 92    2 73    3 36    4  8    5  9 
   1 45    2 50    3 65    4  8    5 17 
   1 14    2 56    3 85    4 83    5 83 
   1 73    2 95    3  1    4 13    5 10 
   1 85    2 16    3 71    4 89    5  2 
   1 75    2  6    3 13    4 63    5 66 
   1 96    2  7    3 54    4 64    5 50 
   1 33    2 86    3  2    4 53    5 36 
   1 17    2 21    3 82    4 28    5 45 
   1 76    2 27    3 16    4 17    5 86 
   1 96    2 44    3 15    4  2    5  8 
   1  4    2 64    3 14    4 77    5 47 
   1 16    2 32    3 49    4 61    5 52 
   1  9    2 46    3 68    4 73    5 98 
   1 66    2 37    3 28    4 69    5 22 
   1 46    2 39    3 87    4 23    5 55 
   1 64    2 96    3 85    4 56    5 62 
   1  3    2 44    3 90    4 78    5 23 
   1 93    2 70    3 17    4 65    5 82 
   1 74    2 41    3 54    4 85    5 32 
   1 29    2 56    3 59    4 99    5 20 
   1 68    2 44    3 25    4 52    5 38 
   1 38    2 27    3 23    4 78    5 23 
   1 86    2 41    3 60    4  8    5 40 
   1 90    2 66    3 60    4 58    5 55 
   1 50    2 87    3 68    4 51    5 79 
   1 11    2 42    3 70    4 43    5 66 
   1 64    2  7    3 80    4 52    5 97 
   1  4    2 54    3  4    4 41    5 29 

