ta044
50 10
   1 49    2 76    3 60    4 40    5 32    6 17    7 33    8 98    9 90   10 75 
   1 10    2 91    3 39    4 56    5  5    6 43    7 98    8 90    9 93   10 68 
   1 30    2 51    3 94    4 89    5 49    6 13    7 67    8  4    9 35   10 39 
   1 85    2 55    3 82    4 53    5 51    6 20    7 81    8 39    9 65   10 71 
   1  7    2 32    3 28    4 26    5 33    6 41    7 43    8 79    9 66   10 31 
   1 23    2 26    3 52    4 38    5 97    6 94    7 72    8 76    9 10   10 43 
   1 56    2 37    3 87    4 15    5 74    6 18    7 32    8 53    9 48   10  5 
   1 93    2 21    3 19    4  3    5 48    6 28    7 66    8 77    9 81   10 32 
   1  5    2 58    3 58    4 75    5  9    6  8    7 97    8 10    9 27   10  6 
   1 34    2 26    3 52    4  4    5 65    6 71    7 36    8  2    9 49   10 56 
   1 72    2 19    3 63    4 48    5 38    6 82    7 36    8 97    9 61   10 56 
   1 78    2 65    3 28    4 86    5 71    6 42    7 67    8 31    9 73   10 72 
   1 25    2 52    3 44    4 28    5 38    6 90    7  1    8 62    9 60   10 23 
   1 31    2 36    3 80    4 51    5 76    6 76    7 47    8 28    9 88   10 95 
   1 73    2 89    3 88    4 62    5 43    6 62    7 87    8 74    9 42   10 50 
   1 69    2 95    3 21    4 46    5  8    6 95    7 12    8 60    9 62   10 53 
   1 18    2 51    3 36    4 43    5 66    6 74    7 91    8 53    9 28   10 27 
   1 15    2 56    3 64    4  1    5 62    6 80    7 21    8 74    9 55   10  8 
   1 39    2 21    3 75    4 52    5 18    6 33    7  6    8 88    9 58   10 18 
   1  2    2 35    3  6    4 19    5 13    6 91    7  6    8 11    9 55   10 81 
   1 55    2 90    3 41    4 85    5 16    6 35    7  1    8 88    9 90   10 57 
   1 33    2 26    3  4    4 37    5 64    6 80    7 38    8 92    9 61   10 54 
   1 24    2 83    3  5    4 73    5 18    6 79    7 69    8  7    9 73   10 99 
   1 19    2 37    3 77    4 25    5 87    6 68    7 77    8 80    9  3   10 20 
   1 19    2 59    3 75    4 35    5 86    6 97    7  3    8 67    9 74   10 10 
   1 97    2  3    3 91    4 79    5 29    6 98    7 75    8 27    9 94   10 19 
   1 98    2 44    3 88    4 88    5  9    6  3    7 64    8 21    9 30   10 18 
   1 49    2 42    3 22    4 29    5 96    6 22    7 53    8 43    9 81   10 53 
   1 95    2 57    3  8    4  7    5 40    6 52    7 18    8 59    9  9   10 73 
   1 71    2 45    3 97    4 18    5 78    6 80    7 10    8 30    9 87   10 10 
   1  2    2 36    3 58    4 26    5 78    6 32    7 97    8 17    9 58   10 74 
   1 55    2 90    3 72    4 63    5 63    6 75    7 18    8  4    9 42   10 93 
   1 37    2 71    3 45    4 41    5 13    6 78    7 48    8  7    9 59   10 22 
   1 73    2 37    3 55    4 20    5 47    6 36    7 70    8 21    9 48   10 75 
   1 91    2 69    3 12    4 97    5 31    6 46    7 60    8 83    9 29   10 84 
   1 58    2 27    3 35    4 80    5 97    6 16    7 75    8 44    9 83   10  9 
   1 33    2 13    3 95    4 15    5  5    6 36    7 94    8 70    9 60   10 27 
   1 78    2 16    3 95    4 47    5 86    6 93    7 14    8 30    9 83   10 32 
   1 60    2 32    3 56    4 29    5 51    6 39    7 53    8 39    9 76   10 51 
   1 53    2 53    3 53    4 46    5 46    6 19    7 90    8 35    9 43   10 83 
   1 38    2 59    3 48    4 78    5 56    6 95    7 19    8  8    9 90   10 70 
   1 53    2  8    3 61    4 16    5 69    6 91    7 42    8  6    9 14   10 13 
   1 90    2 98    3 46    4 67    5 50    6 49    7 86    8 92    9 84   10  1 
   1 30    2 65    3 29    4 44    5 27    6 35    7 15    8 39    9 10   10 81 
   1 14    2 50    3 85    4 23    5 60    6 93    7 58    8 55    9 15   10 13 
   1 53    2 85    3  1    4 47    5 48    6 11    7  7    8 34    9 38   10 98 
   1 87    2 78    3 75    4 98    5 74    6 93    7 65    8 98    9 90   10 58 
   1 51    2 38    3 25    4 97    5 91    6  6    7 40    8 47    9 80   10 28 
   1 25    2 55    3 39    4 49    5 92    6 96    7 51    8 99    9 19   10  3 
   1 50    2 89    3 92    4 65    5 80    6 19    7 61    8 16    9 15   10 21 

