ta046
50 10
   1 65    2 55    3 87    4 38    5 38    6 22    7 34    8 99    9 81   10 50 
   1  4    2 99    3 72    4 19    5 90    6 63    7 88    8 59    9 51   10 99 
   1 10    2 12    3 33    4 37    5 23    6 63    7  4    8  6    9 80   10 94 
   1 87    2 40    3 50    4 75    5 59    6 38    7 98    8 45    9 55   10  1 
   1 31    2  7    3 77    4  8    5 15    6 53    7 83    8  6    9 52   10 73 
   1 52    2  8    3 83    4 63    5 72    6 73    7 76    8 27    9 64   10 58 
   1 35    2 14    3 89    4 91    5 63    6 37    7 89    8 31    9  2   10  1 
   1 89    2 68    3 90    4 38    5 48    6 68    7 22    8 95    9 59   10  8 
   1 28    2  4    3 26    4 92    5 94    6 38    7 23    8 91    9 88   10 41 
   1 45    2 63    3 93    4 25    5 12    6 10    7 70    8 94    9 11   10 97 
   1 24    2 27    3  8    4 19    5 63    6 74    7 69    8 21    9 68   10 67 
   1 68    2 61    3 86    4 42    5 46    6 27    7 30    8 72    9 16   10  1 
   1 94    2 65    3 39    4 89    5 60    6 84    7 11    8 65    9 75   10 58 
   1 71    2  7    3 13    4 80    5 72    6 65    7 89    8 41    9 94   10 73 
   1 70    2 14    3 59    4 11    5 33    6 40    7 79    8  9    9 43   10 62 
   1  2    2 16    3 99    4 84    5 50    6 97    7 29    8 56    9 23   10  9 
   1 83    2  3    3 98    4 33    5 25    6 82    7 52    8 33    9  5   10 88 
   1 85    2 31    3 76    4 42    5 14    6 98    7 68    8 98    9 53   10  6 
   1 97    2 56    3 52    4 51    5 20    6 50    7 14    8 11    9 76   10 34 
   1 65    2 67    3 43    4 18    5 50    6 23    7 99    8 51    9 60   10  5 
   1 64    2 74    3 79    4 56    5 32    6 66    7  4    8  7    9 51   10 59 
   1 38    2 59    3 64    4 83    5 87    6 56    7  3    8 94    9 96   10 16 
   1 54    2 81    3  4    4 49    5 42    6 30    7  4    8 43    9 50   10 13 
   1 26    2 43    3 19    4 14    5 70    6 27    7 33    8 47    9 38   10 80 
   1 40    2 57    3 45    4  1    5 92    6 36    7 98    8 77    9 28   10 54 
   1 75    2 11    3 80    4 23    5 10    6 19    7 44    8 89    9  8   10 96 
   1 59    2 32    3 15    4 72    5 75    6 28    7 34    8 53    9 70   10 48 
   1 38    2 21    3 43    4 24    5 57    6 66    7 13    8 34    9 51   10 72 
   1 40    2 73    3 37    4 63    5 30    6 70    7 78    8 79    9 77   10 96 
   1 89    2 75    3 49    4 15    5 45    6 79    7 15    8 85    9 83   10 91 
   1 64    2 46    3 36    4 33    5 91    6 21    7 25    8  4    9 71   10 49 
   1 84    2 34    3 33    4 93    5 20    6 26    7 35    8 12    9 41   10 92 
   1 47    2 50    3 83    4  5    5 32    6 81    7 16    8 99    9 60   10  3 
   1 62    2 47    3 28    4 78    5  9    6 61    7 37    8 80    9 25   10 45 
   1 74    2 22    3 46    4 33    5 72    6 19    7 69    8 42    9 38   10 28 
   1 38    2 81    3 71    4 91    5 11    6 91    7 82    8 89    9 97   10 37 
   1 79    2 42    3 59    4 56    5  5    6 43    7 13    8 85    9 13   10 51 
   1 57    2  4    3 15    4 99    5 17    6 34    7 51    8 46    9  5   10 96 
   1  8    2 49    3 50    4 29    5 66    6 85    7 48    8  4    9 58   10 88 
   1 46    2 24    3 53    4 15    5 17    6 73    7 53    8 58    9 22   10 83 
   1 27    2 54    3 51    4 54    5 92    6 82    7 13    8 17    9 17   10 24 
   1 28    2 29    3 56    4 46    5 10    6 15    7 46    8 98    9 51   10 58 
   1 62    2 87    3 76    4  2    5 93    6 65    7 39    8 71    9 52   10 21 
   1 34    2 38    3 48    4 90    5 36    6 42    7  1    8 81    9 15   10 25 
   1 18    2 19    3 11    4 96    5 40    6 48    7 72    8 26    9  1   10 12 
   1 63    2 65    3 35    4 93    5 74    6 28    7 28    8 80    9 99   10 85 
   1 74    2 23    3 88    4  3    5 99    6 25    7 20    8 70    9 62   10 58 
   1 26    2 77    3 59    4 53    5 86    6 84    7 90    8 49    9 72   10 48 
   1 28    2 71    3 51    4 97    5 29    6 37    7 84    8 24    9 45   10 37 
   1 78    2 90    3 13    4 51    5 70    6 88    7 38    8 41    9 90   10  3 

