ta059
50 20
   1 89    2 32    3 38    4 28    5 52    6 46    7 31    8 15    9 37   10 18   11 51   12 74   13  4   14 78   15 32   16 47   17 94   18 22   19 83   20 74 
   1 97    2 95    3  7    4 17    5  7    6 84    7 27    8 86    9 71   10 48   11 92   12 42   13 73   14 52   15 68   16 83   17 24   18 52   19 69   20 18 
   1  1    2 41    3 50    4 44    5 77    6 28    7 38    8 51    9 68   10 88   11  5   12 88   13 56   14  4   15 56   16  7   17 98   18  8   19 26   20 66 
   1 77    2 54    3 55    4 83    5 29    6 42    7 81    8 83    9 90   10 43   11  6   12 65   13  2   14 39   15 55   16 72   17  6   18 93   19 53   20 40 
   1 90    2 68    3 69    4 94    5  8    6 22    7 59    8 45    9 51   10 14   11 60   12  1   13 60   14 71   15 71   16 50   17  7   18 19   19 50   20 70 
   1 52    2 63    3 26    4 78    5 53    6 43    7 71    8 67    9 73   10 90   11 68   12 79   13 55   14 19   15 41   16 20   17  4   18 71   19 20   20 95 
   1 35    2 90    3 98    4 34    5 30    6 68    7 83    8 68    9 84   10 33   11 30   12 25   13 13   14 45   15 16   16 98   17 99   18 93   19 22   20 28 
   1 52    2 23    3 99    4 54    5 16    6  7    7 80    8 14    9 86   10 62   11 51   12 42   13 34   14 69   15 40   16 98   17 99   18 42   19 39   20 84 
   1  5    2 94    3 81    4  4    5  7    6 45    7 78    8 23    9 58   10 86   11  1   12  8   13 79   14  3   15 73   16 90   17  9   18 28   19 85   20 51 
   1 67    2 78    3 63    4 81    5  4    6 18    7 20    8 40    9 98   10 83   11  8   12 27   13 62   14 63   15 54   16 66   17 32   18 91   19 63   20 25 
   1 44    2 82    3 17    4 73    5 73    6 40    7  6    8 52    9 84   10 14   11  2   12 39   13 19   14 48   15 65   16 77   17 37   18 51   19 58   20 40 
   1  6    2 53    3 23    4 27    5 55    6 89    7 68    8 68    9 84   10  8   11 55   12 43   13 15   14 49   15  8   16 89   17 60   18 14   19 83   20 53 
   1 98    2 57    3 92    4 14    5  5    6 77    7 72    8 87    9 21   10 73   11 78   12 53   13 25   14 28   15 90   16 23   17 31   18 62   19 92   20 88 
   1 14    2 51    3 28    4 43    5 26    6 57    7 24    8 56    9 49   10 33   11 35   12 30   13  6   14 74   15 74   16 64   17 64   18 22   19 48   20 20 
   1  2    2 45    3 78    4 29    5 14    6 37    7 95    8 68    9 12   10 54   11 51   12 11   13 43   14  7   15 35   16 57   17 19   18 23   19  3   20 38 
   1 86    2  3    3 94    4 35    5 30    6 72    7 63    8 44    9 16   10 75   11 19   12 87   13 26   14 54   15  1   16 42   17 84   18 83   19 20   20 99 
   1 53    2 31    3  4    4 25    5 92    6 36    7 84    8 99    9 52   10 67   11 94   12 25   13 15   14 69   15 66   16 83   17 71   18 63   19 58   20 40 
   1 14    2 59    3 98    4 40    5 16    6 58    7 54    8 21    9 81   10 58   11 85   12 78   13 92   14 31   15 99   16 90   17  1   18 84   19 10   20  1 
   1 68    2 97    3 61    4 39    5 64    6 17    7  6    8 82    9 86   10 60   11 40   12 63   13 82   14  1   15 99   16 63   17 95   18 34   19  5   20 73 
   1  6    2 55    3 74    4  3    5 20    6 84    7 33    8 91    9 91   10 43   11 50   12 27   13 65   14 33   15  1   16 26   17 55   18 66   19 16   20  6 
   1 20    2 99    3 20    4 60    5  3    6 80    7 39    8 18    9 35   10 62   11 61   12 61   13 94   14 82   15 17   16 22   17 45   18 49   19 74   20 65 
   1 37    2 94    3 21    4 16    5 46    6 33    7 69    8 71    9 60   10  4   11 52   12 35   13 30   14 30   15 93   16 94   17 39   18 61   19 35   20 99 
   1 74    2 15    3 79    4 69    5 58    6 83    7 58    8 28    9  9   10 49   11 79   12 15   13 20   14 39   15 60   16 26   17 95   18 51   19 21   20 62 
   1 58    2 72    3 29    4 17    5 18    6 76    7 51    8 85    9  7   10 80   11 94   12 73   13 37   14 81   15 43   16 22   17 88   18 91   19 68   20 53 
   1 80    2 51    3 56    4 93    5 99    6 28    7 44    8 70    9 80   10 35   11 48   12 67   13 26   14 66   15 50   16 54   17 45   18 42   19 26   20 26 
   1 40    2 49    3 24    4 49    5 67    6 76    7 59    8 85    9 17   10 47   11 99   12 94   13 81   14 68   15 37   16 74   17 16   18 39   19 77   20 64 
   1 78    2 59    3  9    4 24    5 40    6 41    7  7    8 19    9 30   10 68   11 47   12 51   13 31   14 87   15 28   16 62   17  5   18 80   19 94   20 36 
   1 23    2 82    3 12    4 13    5 62    6 85    7 27    8  1    9 84   10 55   11 30   12 76   13 96   14 48   15 43   16 57   17 87   18 96   19 29   20 77 
   1 54    2 21    3 42    4 28    5 11    6 21    7 74    8 24    9 76   10 21   11 18   12 52   13 42   14 73   15  3   16  3   17 72   18  9   19 17   20 29 
   1 12    2 38    3 77    4 51    5 23    6 70    7  3    8 43    9 38   10 44   11 81   12 93   13 40   14 70   15 83   16 53   17 35   18 31   19 35   20 10 
   1 43    2 53    3 38    4 91    5 24    6  3    7 51    8 39    9 48   10 72   11 17   12 31   13 41   14 11   15 72   16 20   17 86   18 29   19 72   20  2 
   1 33    2 28    3  3    4 44    5 27    6 41    7 44    8 74    9 57   10 81   11  4   12 22   13 85   14 80   15 86   16 60   17 50   18 97   19 27   20 66 
   1 56    2 84    3 50    4 55    5 86    6 65    7 68    8 47    9 79   10 64   11 22   12 73   13 59   14 90   15 19   16 87   17 62   18 50   19 84   20 25 
   1 39    2 61    3 36    4  3    5 32    6 86    7 84    8 47    9 43   10 78   11 21   12 62   13 67   14 99   15 49   16 66   17  2   18  8   19 93   20 91 
   1 17    2 29    3  4    4 32    5 26    6 66    7 20    8 92    9 82   10 70   11 35   12 27   13 11   14 20   15 67   16 18   17 82   18 26   19 16   20  9 
   1 93    2 29    3 96    4 99    5 97    6 74    7 47    8 87    9 55   10 60   11 44   12 16   13 41   14 48   15 54   16 83   17 17   18 72   19 71   20 46 
   1 16    2 24    3 51    4 23    5 12    6 75    7  7    8 42    9 46   10 61   11  2   12 81   13 47   14 17   15 75   16 65   17 68   18 92   19 18   20 75 
   1 45    2 43    3 35    4 96    5 61    6  1    7 85    8  9    9 82   10 50   11 48   12 55   13 22   14 59   15 36   16 42   17 24   18 21   19 99   20 73 
   1 63    2 47    3 27    4 63    5 78    6 12    7 92    8 37    9 77   10 37   11 85   12 29   13 91   14 15   15  6   16 49   17 24   18  3   19  3   20 61 
   1 22    2 89    3 97    4 91    5 77    6 99    7 35    8 70    9 56   10 13   11 60   12 92   13 17   14 40   15 68   16  3   17 80   18 36   19 90   20 19 
   1 87    2 15    3  2    4 94    5 75    6 59    7  2    8 61    9 49   10  6   11 37   12 45   13 75   14 37   15 37   16 65   17 44   18 50   19 89   20 73 
   1 72    2 55    3 65    4  6    5 35    6 91    7 94    8 27    9 88   10 36   11  7   12 75   13 72   14 93   15  9   16 78   17 55   18 80   19 65   20  2 
   1 65    2 75    3 32    4 25    5  5    6 40    7 23    8 18    9 13   10 38   11 62   12 63   13 76   14 98   15 35   16 54   17 57   18 57   19 16   20 35 
   1 46    2 55    3 14    4 56    5 32    6  5    7 33    8 20    9 99   10 20   11 14   12 81   13 45   14 53   15 24   16 12   17  4   18 15   19 15   20 12 
   1 79    2 34    3 44    4 49    5 47    6 38    7  7    8 33    9 84   10 23   11 83   12 18   13 67   14 35   15 26   16 74   17 31   18  6   19 53   20 27 
   1 61    2 26    3  4    4 98    5 89    6 14    7  3    8 39    9 18   10 59   11 26   12 68   13 57   14 91   15 97   16 88   17 65   18 89   19 69   20 15 
   1 30    2 60    3 45    4 97    5 95    6 41    7 23    8  1    9 74   10  3   11 13   12 60   13 87   14  7   15 89   16 15   17 59   18 29   19 55   20 41 
   1 76    2 66    3 69    4  6    5 62    6 78    7 63    8 83    9 49   10 63   11 50   12  2   13 23   14 34   15 92   16 71   17 21   18 89   19 22   20 83 
   1 64    2 88    3 62    4 77    5 68    6 99    7 94    8 32    9 54   10 81   11 72   12 48   13 88   14 55   15 94   16 35   17 95   18 75   19 61   20 15 
   1 47    2 21    3 57    4 88    5 39    6 38    7 68    8  1    9 31   10  1   11 58   12 30   13 78   14 43   15 86   16 41   17 16   18 98   19 26   20 35 

