ta052
50 20
   1 47    2 46    3 70    4 23    5 53    6 61    7 77    8 25    9 15   10 54   11 72   12 57   13 65   14 55   15 99   16 26   17 72   18 80   19 90   20 57 
   1 77    2 12    3 96    4 21    5 66    6 18    7 74    8 96    9 71   10  1   11 79   12  4   13 89   14 71   15 76   16 97   17 47   18 95   19 30   20 61 
   1 66    2 17    3 56    4 89    5 41    6 82    7 69    8 32    9 11   10 54   11 76   12 35   13 18   14  5   15 88   16 65   17 52   18 41   19 88   20  4 
   1 13    2 87    3 22    4 51    5 79    6 96    7  8    8 37    9 98   10 10   11 84   12 86   13 14   14 34   15 99   16 27   17 40   18 18   19 69   20 58 
   1 77    2 35    3 44    4 34    5 58    6 68    7 84    8 19    9 77   10 35   11 35   12 50   13 60   14 24   15 82   16 77   17 49   18 14   19 51   20 94 
   1 20    2 27    3 83    4 62    5 57    6  7    7 81    8 42    9 50   10 27   11 84   12 63   13 78   14 18   15  1   16 43   17 86   18 65   19  7   20 50 
   1 29    2 71    3 66    4  6    5 17    6 65    7 37    8 86    9 39   10 57   11 62   12 17   13 56   14 84   15 14   16  4   17 75   18 26   19 26   20 31 
   1 11    2 11    3 56    4 22    5 66    6 95    7 26    8 49    9 14   10 90   11 47   12 11   13  3   14 39   15 15   16 77   17 26   18  5   19  5   20 25 
   1 85    2 97    3 27    4 75    5 42    6 30    7 10    8 55    9 66   10 91   11 26   12 99   13 79   14 76   15 13   16 66   17 37   18  7   19  1   20 34 
   1 98    2 83    3 52    4 22    5 66    6 84    7 60    8 92    9 41   10 64   11 74   12 22   13 15   14 19   15 38   16 38   17 29   18 75   19 90   20 80 
   1 36    2 63    3 46    4  5    5 16    6 23    7 72    8 85    9  1   10 90   11 30   12 76   13 48   14 95   15 84   16  1   17 34   18 95   19 40   20 94 
   1 92    2 22    3 83    4 37    5 19    6 75    7 89    8 94    9  9   10 59   11 14   12 98   13  9   14 98   15 53   16 48   17 86   18 67   19 78   20 82 
   1 99    2 47    3 76    4 72    5 42    6 71    7 49    8 22    9 40   10 54   11 74   12 35   13 72   14 48   15 23   16 20   17 96   18 93   19 68   20 24 
   1 65    2 46    3 25    4  6    5 80    6 60    7 47    8 30    9 94   10 43   11 42   12 18   13 41   14 15   15 52   16 95   17 36   18 90   19 31   20 98 
   1 34    2 72    3 28    4 90    5  9    6 21    7 47    8 93    9 60   10 69   11 93   12 82   13 83   14 62   15 66   16 39   17 55   18 73   19 91   20 74 
   1 35    2 16    3 26    4 71    5 48    6 76    7 90    8 83    9  5   10 13   11 89   12 96   13 27   14 70   15  4   16 13   17 41   18 63   19 23   20 98 
   1 42    2 35    3 98    4 47    5 62    6 37    7  6    8 95    9 44   10 27   11 19   12  7   13 73   14  7   15 98   16  9   17 97   18 25   19 55   20 93 
   1 28    2  2    3 64    4 60    5 65    6 65    7 87    8  1    9 45   10 81   11 84   12 43   13 80   14 37   15 83   16  2   17 74   18 36   19 14   20 80 
   1 28    2 22    3 66    4 93    5 70    6 78    7 10    8 16    9 38   10 40   11 22   12 79   13 16   14 59   15 40   16  5   17 55   18  7   19 44   20 25 
   1  5    2 50    3 15    4 17    5 45    6 37    7 34    8 75    9 20   10 66   11 60   12 39   13 34   14 61   15 32   16 36   17 61   18 26   19 22   20 99 
   1 80    2 58    3 39    4 65    5  3    6 71    7 52    8 43    9 67   10 93   11 42   12 58   13 42   14 66   15 50   16 57   17 72   18 86   19 37   20 19 
   1 46    2 46    3 75    4 12    5 98    6 60    7 72    8 80    9 57   10 61   11  7   12 32   13 65   14 26   15 75   16 21   17 45   18 50   19 32   20 34 
   1 37    2 19    3 66    4 97    5 11    6 59    7 77    8 42    9  4   10 63   11 50   12 12   13 57   14 70   15 65   16 49   17 73   18 80   19 42   20 12 
   1 86    2 82    3 89    4 29    5  2    6 18    7 94    8 78    9 24   10 27   11 56   12 84   13 88   14 70   15 27   16 19   17 94   18 48   19  3   20 55 
   1 85    2 69    3 56    4 41    5 64    6 94    7 44    8  9    9 12   10 13   11 25   12  1   13 78   14 85   15 30   16 78   17 76   18 12   19  5   20 71 
   1 67    2 14    3 42    4  3    5 77    6 55    7 80    8 56    9 63   10 43   11 70   12 41   13 62   14 51   15 98   16 44   17 28   18 57   19 79   20 21 
   1 22    2 94    3 90    4 46    5 85    6 53    7 88    8 35    9 26   10 88   11 84   12 20   13 19   14 32   15 55   16 98   17 58   18 34   19 33   20  5 
   1 67    2 39    3 77    4 33    5 12    6 58    7 94    8 96    9 27   10 61   11 73   12 78   13 60   14 35   15 91   16 55   17 98   18  4   19 79   20 61 
   1 20    2 62    3 76    4 55    5 18    6 47    7 39    8 71    9  8   10 95   11 70   12 69   13 60   14 46   15 47   16 62   17 65   18 99   19 56   20 37 
   1  1    2 27    3 43    4 10    5 75    6 65    7 75    8 97    9  7   10 39   11 17   12 76   13 58   14 80   15 32   16 27   17  7   18 20   19 96   20 22 
   1 39    2 60    3 14    4  9    5 83    6 29    7 35    8 53    9 33   10 44   11  3   12 16   13 29   14 11   15 61   16 86   17 77   18  1   19 57   20 15 
   1 25    2 20    3  3    4 14    5  2    6 26    7 35    8 51    9 21   10  4   11 96   12 68   13 40   14 23   15 63   16  4   17  1   18 83   19 23   20 50 
   1  1    2 13    3 57    4 37    5  2    6  6    7 92    8 58    9 79   10 57   11 45   12 17   13 22   14 48   15 14   16 71   17 75   18 17   19 19   20 27 
   1 41    2 64    3 98    4 54    5 29    6 13    7 17    8  8    9  6   10 11   11 81   12 82   13  3   14 30   15 56   16 63   17 46   18 69   19 24   20 12 
   1 74    2 67    3 47    4 14    5 81    6  4    7 74    8 56    9 64   10 50   11 33   12 58   13 27   14 28   15 28   16 93   17 61   18 72   19 25   20 59 
   1 39    2 25    3 35    4 53    5 94    6 38    7 77    8 93    9 10   10 34   11 16   12  2   13 48   14 65   15 11   16 18   17 93   18 61   19 73   20 97 
   1  2    2 39    3 58    4 27    5 38    6 64    7 45    8 96    9 86   10 77   11 86   12 34   13 89   14 78   15 40   16 70   17 79   18 67   19 69   20 38 
   1 20    2 40    3  6    4 64    5 56    6 47    7 70    8 56    9 84   10 19   11 67   12 28   13 31   14 77   15  9   16  5   17 23   18 83   19 24   20 83 
   1  3    2 72    3 95    4 25    5 92    6  7    7  5    8 36    9 82   10 42   11 19   12 35   13  5   14 32   15 60   16 21   17 71   18 89   19 19   20 84 
   1 29    2 28    3  9    4 79    5 77    6  2    7 33    8 81    9 25   10 35   11  5   12 35   13 59   14 61   15 17   16 48   17 46   18 99   19  5   20 54 
   1 51    2 36    3 33    4 30    5 31    6 46    7 80    8 72    9 27   10 56   11 12   12 86   13  2   14 68   15 49   16 13   17 79   18  5   19 92   20 79 
   1 79    2 60    3  1    4 33    5 65    6 30    7 31    8 33    9 41   10 53   11 94   12 26   13 14   14 98   15 12   16 53   17 55   18 47   19 82   20 51 
   1 35    2  2    3 59    4  5    5 59    6 58    7  3    8 37    9 35   10 95   11 10   12 29   13 43   14 26   15 44   16 70   17 95   18 84   19 95   20 93 
   1 63    2  8    3 85    4 96    5 89    6 77    7 27    8 90    9 44   10 78   11 55   12 49   13 47   14 12   15 56   16 42   17 46   18 76   19 18   20 95 
   1 18    2 33    3  1    4  1    5 66    6 86    7 80    8 96    9  9   10 18   11 98   12 27   13 48   14 94   15 44   16 73   17 59   18 68   19 85   20 66 
   1 67    2 85    3 85    4 51    5 92    6  9    7 10    8 11    9 80   10 31   11 45   12 60   13  4   14  4   15 40   16 42   17 89   18 36   19 27   20 12 
   1 73    2 51    3 65    4 42    5 15    6 39    7 38    8 66    9 13   10 63   11 77   12 51   13 12   14 15   15 81   16 72   17 16   18 30   19 92   20 80 
   1  2    2  6    3 47    4 78    5 50    6 18    7 86    8 64    9 79   10 96   11 30   12 13   13 19   14 94   15 75   16 89   17 40   18 38   19 77   20 20 
   1 23    2  5    3 13    4 70    5 39    6 22    7 51    8 27    9 58   10 11   11 87   12 19   13 28   14 19   15 55   16  1   17 28   18 62   19 68   20 28 
   1 59    2 72    3 12    4 91    5 26    6 61    7 39    8 37    9 73   10 83   11 18   12 56   13 66   14 52   15 44   16 26   17 51   18 61   19 46   20 86 

