ta054
50 20
   1 48    2 23    3 51    4 26    5  8    6 82    7  1    8 32    9  1   10  2   11 28   12 43   13  4   14 44   15 44   16 82   17  6   18 49   19 57   20 34 
   1 92    2 69    3 84    4 46    5 37    6 97    7 77    8 38    9 59   10 21   11 81   12 63   13 40   14 23   15  6   16 73   17 49   18 25   19 88   20 31 
   1 43    2 33    3 28    4 30    5 33    6  3    7 92    8 67    9 53   10 86   11 96   12 67   13  5   14 89   15 18   16 84   17 84   18 46   19 88   20 15 
   1 35    2 11    3 63    4 49    5  4    6 46    7 57    8 93    9 22   10  8   11 99   12 22   13 37   14 96   15 51   16 63   17 72   18 37   19 43   20 32 
   1  7    2  5    3 86    4  3    5  8    6 86    7 46    8 80    9 10   10 33   11 79   12 82   13 80   14 80   15 77   16 14   17 39   18 56   19 25   20 45 
   1 51    2 54    3 99    4 81    5 38    6 62    7 75    8 75    9 48   10 88   11 97   12 41   13 46   14 44   15 47   16 73   17 51   18 50   19 81   20 50 
   1 85    2 42    3 27    4  4    5 97    6 26    7  2    8 59    9 94   10 33   11 15   12 69   13 14   14 69   15 27   16 84   17 77   18  9   19  3   20 81 
   1 66    2 12    3 24    4 46    5 75    6 56    7 14    8 51    9 46   10 65   11  6   12 81   13 81   14  7   15 17   16  9   17 59   18 62   19  3   20 46 
   1 87    2 40    3 36    4 95    5 76    6 67    7 14    8  7    9 57   10  8   11 77   12 21   13 16   14 10   15 42   16 38   17 97   18 10   19 78   20 93 
   1 71    2 30    3 83    4 20    5 93    6 87    7 79    8 65    9 55   10 89   11 98   12 54   13 10   14 15   15 84   16 67   17  5   18 89   19 97   20 13 
   1 16    2 51    3 24    4 56    5 69    6 46    7 64    8  6    9 66   10 46   11  5   12 42   13 79   14 55   15  3   16 76   17 83   18 66   19 74   20 47 
   1 40    2 94    3 54    4 57    5 10    6 66    7  8    8 59    9 69   10 76   11 51   12 53   13 35   14 27   15 69   16 18   17 51   18 98   19 71   20 50 
   1 22    2 24    3 34    4 85    5 25    6 53    7 73    8 30    9  7   10 57   11 51   12 52   13 41   14 55   15  3   16 70   17  9   18 10   19 50   20 70 
   1 12    2 28    3 49    4 31    5 40    6 34    7 15    8 67    9 13   10 51   11 60   12 26   13 83   14  2   15  6   16 69   17  9   18 70   19 70   20 21 
   1  2    2 84    3 43    4 44    5 88    6 52    7 71    8 41    9 64   10 58   11 17   12 69   13 13   14 82   15 94   16  4   17 59   18 92   19 23   20 41 
   1 90    2 69    3  5    4  1    5 90    6 81    7  6    8 32    9 83   10 62   11 98   12 80   13 93   14 42   15 58   16 58   17 30   18 36   19 43   20 12 
   1 63    2 44    3 70    4 11    5 57    6 68    7 54    8 63    9 39   10 59   11 46   12 46   13 55   14 88   15 65   16 66   17 86   18 82   19 51   20 18 
   1 52    2 98    3 56    4 72    5 39    6 48    7 59    8  7    9 46   10 71   11 87   12 10   13 48   14 84   15 36   16 11   17 49   18 54   19 97   20 28 
   1 15    2 36    3 71    4  6    5 29    6  4    7 49    8  8    9 59   10 12   11 44   12 81   13 35   14 38   15 28   16  1   17 46   18 34   19 57   20 22 
   1  6    2 21    3 12    4 68    5 97    6 25    7 38    8 89    9 36   10 11   11 18   12 99   13 75   14 69   15 68   16 51   17 13   18 34   19 77   20 60 
   1 18    2  9    3 30    4 62    5 51    6 76    7 21    8 51    9 69   10 82   11 71   12  6   13 66   14 31   15 73   16 38   17 45   18  5   19 90   20 69 
   1 87    2 48    3 77    4 18    5 97    6 46    7 60    8 81    9 47   10 56   11 93   12 90   13 82   14  5   15 81   16 16   17 51   18 12   19 58   20 49 
   1 66    2 30    3 55    4 21    5  5    6 13    7  8    8  9    9 83   10 57   11 97   12 79   13  3   14  3   15 12   16 81   17 68   18  3   19 75   20 38 
   1  7    2 15    3 92    4 48    5 75    6 72    7 35    8 13    9 25   10 53   11 44   12 34   13 79   14 37   15 89   16 39   17 82   18 56   19  4   20 80 
   1 43    2 21    3 78    4 32    5 91    6 72    7 81    8 27    9 12   10 45   11 18   12 56   13 78   14 14   15 53   16 56   17  6   18 44   19 12   20 52 
   1 27    2 43    3 79    4 42    5 80    6 82    7 96    8 74    9 28   10 96   11 59   12 75   13 48   14 35   15 14   16 83   17 99   18 41   19  2   20 45 
   1 78    2 91    3 52    4 79    5 81    6 32    7 61    8 59    9 30   10 31   11  9   12 54   13 99   14 61   15 88   16 27   17 12   18 14   19  4   20 34 
   1 80    2 49    3 19    4 74    5 60    6 25    7 89    8 98    9 49   10 39   11 45   12 94   13 91   14 43   15 78   16 29   17  8   18 25   19 28   20  3 
   1 73    2 86    3 16    4 82    5 97    6 58    7 58    8 31    9 81   10 12   11 78   12 84   13 29   14 38   15 63   16 93   17 36   18 78   19 54   20 61 
   1 86    2 36    3 21    4  3    5 14    6 17    7 32    8 98    9 56   10 13   11 67   12 55   13 87   14 48   15 81   16 70   17 24   18 25   19 39   20 96 
   1 82    2 41    3 37    4 64    5  2    6 99    7 59    8 48    9 96   10  8   11 65   12 64   13 27   14 89   15 29   16 64   17 82   18 89   19 30   20 99 
   1 33    2 10    3 85    4 90    5 55    6 54    7 89    8 74    9 89   10 49   11 50   12 14   13  2   14 86   15 15   16 22   17 73   18 83   19 71   20 49 
   1 92    2 75    3 56    4 10    5 97    6 81    7 99    8 76    9 73   10  4   11 87   12 18   13 48   14 37   15 81   16 84   17 66   18 78   19 89   20 78 
   1  8    2 56    3 29    4 72    5 60    6 73    7  7    8 75    9 52   10 33   11 29   12  6   13 33   14 20   15 84   16 25   17 69   18 23   19 33   20 34 
   1 87    2 70    3 56    4  2    5  8    6 93    7 79    8 78    9 12   10 22   11 80   12 27   13 92   14 33   15 36   16 73   17 71   18 51   19 85   20 78 
   1 64    2 73    3 23    4 49    5 30    6 73    7 38    8 11    9 98   10 30   11 14   12 20   13 15   14  1   15  8   16 81   17 70   18  7   19  2   20 79 
   1  7    2 57    3 19    4 88    5 87    6 79    7  1    8 71    9 12   10 34   11 70   12 54   13 55   14  8   15 60   16 10   17 61   18 20   19 69   20 64 
   1 26    2 51    3 52    4 53    5 42    6 54    7 67    8 54    9 40   10 19   11 10   12 30   13 24   14 61   15 24   16 46   17 42   18 30   19 20   20 55 
   1 79    2 34    3 39    4 59    5 16    6 72    7 63    8 10    9 70   10 24   11 30   12 58   13 59   14 41   15 57   16 32   17 77   18 30   19 64   20 63 
   1 49    2 62    3  4    4 88    5 56    6 37    7 42    8 96    9 35   10 56   11 19   12 35   13 41   14 40   15 87   16 38   17 10   18 30   19 94   20 24 
   1 71    2  3    3 46    4 97    5 86    6 68    7  3    8 97    9 58   10 96   11 51   12 66   13 49   14 10   15 61   16 68   17  2   18 63   19  3   20 58 
   1 72    2 34    3 59    4 98    5  4    6 22    7 29    8 75    9 95   10 35   11  4   12 85   13 88   14 10   15 57   16 40   17  6   18 82   19 41   20 25 
   1 69    2 27    3 22    4 94    5 30    6 94    7 23    8 41    9 41   10 43   11 23   12 78   13 67   14 75   15 85   16 33   17 24   18 40   19 37   20 93 
   1 30    2 29    3 76    4 95    5 15    6 37    7 21    8 30    9 71   10  8   11  9   12 15   13 49   14  9   15 45   16 79   17 97   18 39   19 36   20 73 
   1 28    2 25    3 34    4 93    5 24    6 15    7 25    8 73    9 90   10  5   11 62   12 29   13 81   14 81   15 69   16 64   17 15   18 37   19 74   20 45 
   1 46    2 97    3 63    4 95    5 23    6 31    7 48    8 84    9  3   10 65   11 30   12 31   13 89   14 40   15 15   16 36   17 91   18 44   19 53   20 93 
   1 75    2 30    3 32    4  6    5 57    6 46    7 33    8 22    9 68   10 64   11 20   12 45   13 43   14 13   15  7   16 62   17 32   18  2   19 49   20 37 
   1 78    2 28    3 72    4  1    5 81    6 33    7 92    8  8    9  5   10 20   11 69   12 41   13 24   14 10   15 87   16 82   17 68   18 27   19 77   20 64 
   1 34    2 48    3 92    4 15    5 77    6 82    7  2    8 98    9 18   10 54   11 88   12 84   13 70   14 53   15 58   16 44   17 17   18 71   19 13   20 92 
   1  4    2 99    3 72    4 66    5 43    6 75    7 12    8 68    9 26   10 38   11 22   12 51   13 74   14 28   15 61   16 99   17  1   18 45   19 37   20 59 

