ta069
100 5
   1 31    2 28    3 55    4 71    5 32 
   1 37    2  1    3 91    4 85    5 28 
   1 48    2 98    3 82    4 53    5 73 
   1  7    2 12    3 92    4 10    5 30 
   1 22    2 29    3 84    4 54    5 72 
   1 18    2 18    3 54    4 61    5 56 
   1 95    2 31    3 60    4 86    5 83 
   1 98    2 93    3 21    4 11    5 21 
   1 21    2 13    3 32    4 79    5 33 
   1 79    2 84    3 11    4 15    5 40 
   1 99    2 26    3 26    4 47    5 51 
   1 81    2 27    3 60    4 54    5 73 
   1 65    2 94    3 71    4 78    5 15 
   1 55    2 60    3 94    4 54    5 87 
   1 46    2 91    3 85    4 44    5 12 
   1 56    2 23    3 25    4 69    5 69 
   1 93    2 35    3 10    4 40    5  7 
   1 88    2 52    3 16    4 95    5  2 
   1 43    2 28    3 23    4 35    5 91 
   1 52    2 87    3 21    4 78    5 70 
   1 68    2  8    3 14    4 62    5 26 
   1 11    2 95    3 65    4 93    5 16 
   1 69    2  8    3 75    4 70    5 82 
   1 27    2 47    3 24    4  8    5 16 
   1 65    2 75    3 46    4 84    5 97 
   1 85    2 99    3 54    4 43    5 99 
   1 55    2 85    3 69    4 59    5 28 
   1 49    2 50    3 28    4 44    5 56 
   1  3    2 15    3 93    4 30    5 29 
   1 53    2 75    3 76    4 77    5 67 
   1 25    2 64    3 82    4 77    5 69 
   1 29    2 41    3 71    4 34    5 68 
   1 33    2 49    3 63    4 80    5 78 
   1 35    2 16    3 85    4 37    5 87 
   1 56    2 40    3 16    4 88    5 73 
   1 89    2 64    3 22    4  9    5 87 
   1 36    2 65    3 81    4 73    5 98 
   1 50    2 64    3 43    4 98    5 28 
   1 30    2 26    3 96    4 13    5 60 
   1  9    2 87    3  8    4 19    5 54 
   1 53    2 89    3 50    4 53    5 99 
   1 29    2 55    3 78    4 88    5 52 
   1 26    2 43    3 71    4 39    5  7 
   1 55    2 11    3 46    4 23    5 68 
   1 62    2 83    3 81    4 11    5 40 
   1 93    2 75    3 95    4 17    5 27 
   1 31    2 14    3  6    4  6    5 12 
   1 13    2 52    3 36    4  3    5 49 
   1 62    2 86    3 17    4  1    5 60 
   1 76    2 14    3 46    4 74    5 61 
   1 41    2 10    3 54    4 87    5 48 
   1 82    2 45    3 10    4 77    5 49 
   1  1    2 90    3 82    4 25    5 31 
   1  1    2 46    3 91    4 26    5 58 
   1 65    2 49    3 30    4 13    5 92 
   1 65    2 55    3 93    4  3    5 16 
   1 23    2 27    3 15    4 78    5 57 
   1 33    2 70    3 17    4 45    5 42 
   1  7    2 71    3 34    4 29    5 82 
   1 14    2 69    3 19    4  7    5 46 
   1 74    2 62    3 14    4 60    5 35 
   1 81    2 90    3 45    4 62    5 94 
   1 60    2 30    3  4    4 61    5 33 
   1 35    2 91    3 64    4 95    5 85 
   1 73    2 76    3 14    4 39    5 71 
   1 83    2 55    3  3    4 53    5 70 
   1 24    2 68    3 65    4 78    5 87 
   1 42    2 77    3 69    4  6    5 43 
   1 61    2 77    3 48    4 25    5 23 
   1  9    2  1    3  2    4 10    5 28 
   1 67    2 48    3 51    4 71    5 79 
   1 55    2 34    3  7    4  7    5 13 
   1 58    2 48    3 13    4 28    5 89 
   1 48    2 59    3 70    4 96    5 45 
   1 38    2  5    3 76    4 42    5 75 
   1 55    2 74    3 91    4 63    5 85 
   1 30    2 77    3 87    4 98    5 86 
   1 76    2  4    3 96    4 35    5 34 
   1 47    2 93    3 14    4 93    5 20 
   1  4    2 87    3 31    4 60    5 47 
   1  3    2 74    3 78    4 89    5 11 
   1 57    2 81    3 22    4 84    5 14 
   1 32    2 29    3 50    4 80    5 30 
   1 62    2  6    3 36    4  8    5 81 
   1 61    2 18    3 86    4 59    5 29 
   1 72    2 16    3 83    4 53    5 64 
   1 67    2 84    3 32    4 58    5 73 
   1 59    2 75    3 54    4 64    5 94 
   1 57    2 80    3 98    4 88    5 29 
   1 80    2 38    3 21    4 66    5  8 
   1 97    2 34    3 94    4 72    5 84 
   1 73    2 11    3 72    4 72    5 33 
   1 75    2 13    3 66    4 81    5 18 
   1 58    2 84    3 96    4 11    5 95 
   1 74    2 17    3  2    4 75    5 70 
   1 32    2 53    3 26    4 90    5 85 
   1 87    2 19    3  4    4 90    5 15 
   1  6    2 93    3 54    4 42    5 93 
   1 47    2 71    3 25    4 96    5 62 
   1 65    2 66    3 27    4  7    5 74 

