ta064
100 5
   1 69    2 78    3 28    4 55    5 39 
   1 53    2 26    3 54    4 57    5 81 
   1 81    2 41    3 66    4 50    5 33 
   1 70    2 62    3 30    4 42    5 63 
   1 96    2 28    3 77    4 18    5 60 
   1 25    2 54    3 69    4 95    5 73 
   1 24    2 27    3 50    4 68    5 61 
   1 95    2 38    3 85    4 22    5 74 
   1 30    2 64    3 62    4 33    5  8 
   1 40    2 66    3 80    4 15    5 49 
   1 37    2 82    3 58    4  4    5 93 
   1  5    2 78    3 77    4 66    5 90 
   1 88    2 52    3 55    4 50    5 37 
   1 74    2 18    3 80    4  6    5 18 
   1 95    2  1    3 94    4 81    5 55 
   1 26    2 54    3  6    4 45    5  6 
   1 96    2 43    3 22    4 61    5  3 
   1  3    2 48    3 33    4 33    5 80 
   1 44    2 67    3 66    4 53    5 65 
   1  3    2  8    3 55    4 69    5 37 
   1  8    2 36    3 57    4  3    5 12 
   1 44    2 38    3 49    4 61    5 17 
   1 13    2 32    3 82    4 40    5 21 
   1 92    2 74    3 75    4 72    5 59 
   1  2    2 96    3 91    4 28    5 60 
   1 69    2 34    3 14    4 42    5 94 
   1 48    2 56    3 72    4 69    5 24 
   1 23    2 28    3 72    4 42    5 19 
   1 96    2 66    3 77    4 73    5 81 
   1 92    2 93    3 83    4 46    5 54 
   1 56    2 51    3 27    4 75    5  9 
   1 15    2 28    3 61    4 75    5 49 
   1 47    2 63    3 57    4 35    5 41 
   1 41    2 84    3 78    4 75    5 41 
   1 96    2 25    3 23    4  1    5 85 
   1 35    2 85    3 60    4 74    5 56 
   1 56    2  1    3 33    4  3    5 49 
   1 34    2 42    3 49    4 13    5  6 
   1 80    2 12    3 63    4 66    5 81 
   1 73    2 42    3 25    4 51    5 60 
   1 96    2 23    3 87    4 72    5 76 
   1 81    2 85    3 36    4  9    5  1 
   1 32    2 77    3 18    4 45    5 30 
   1 55    2  7    3 70    4 73    5 84 
   1 22    2 43    3  8    4 32    5 46 
   1 43    2 84    3 68    4 19    5  2 
   1 26    2 76    3 50    4 98    5 64 
   1 20    2 85    3 89    4 93    5 76 
   1 53    2 29    3  5    4 27    5 75 
   1 63    2 96    3 28    4  8    5 49 
   1 33    2  3    3  5    4 55    5 37 
   1 47    2 44    3 27    4  7    5 44 
   1 93    2 88    3 51    4 89    5 80 
   1 68    2 17    3 53    4 36    5 47 
   1  8    2 44    3 20    4 41    5 35 
   1 51    2 17    3 48    4 35    5 15 
   1 18    2 35    3 45    4 35    5  9 
   1 80    2 16    3 61    4 36    5 31 
   1 17    2  2    3 73    4 13    5 63 
   1 88    2 16    3 32    4 85    5 14 
   1 72    2 68    3 44    4 21    5 13 
   1 97    2 40    3 35    4 33    5 55 
   1 36    2 76    3 81    4 33    5 16 
   1 58    2 33    3 75    4 21    5 42 
   1 35    2 92    3 21    4  3    5 18 
   1 56    2 70    3  8    4 10    5 52 
   1 13    2  6    3 20    4 51    5 63 
   1 73    2 53    3 86    4 81    5 28 
   1  5    2 57    3 64    4 65    5 65 
   1 12    2 47    3 56    4 29    5 73 
   1 12    2 41    3 86    4 15    5 72 
   1 17    2 50    3 87    4 60    5 62 
   1 21    2 97    3  9    4 60    5 31 
   1 44    2 66    3 58    4 87    5 97 
   1 34    2 33    3 78    4 87    5 67 
   1 61    2 96    3 39    4 36    5 17 
   1 99    2  4    3 15    4 19    5 69 
   1 54    2 12    3 25    4 73    5 11 
   1 18    2 26    3 43    4 57    5 46 
   1  2    2 89    3 10    4 27    5 39 
   1 13    2 29    3 83    4 14    5 65 
   1 17    2 10    3 32    4 49    5 89 
   1 60    2 15    3  5    4 49    5 69 
   1 90    2 59    3 49    4 37    5 24 
   1 36    2 54    3 23    4 37    5  3 
   1 52    2 92    3 12    4 83    5 62 
   1 88    2 39    3 56    4 86    5 97 
   1 56    2 52    3 35    4 13    5 46 
   1 34    2 95    3 34    4 10    5 44 
   1 97    2  4    3 66    4 44    5 89 
   1 80    2 35    3 31    4 42    5 47 
   1  8    2 42    3 54    4 98    5 90 
   1 84    2 19    3  6    4  3    5 59 
   1 17    2 74    3 37    4 99    5 41 
   1 43    2 45    3 69    4 21    5 13 
   1 30    2  7    3  1    4 19    5 23 
   1 19    2 60    3 92    4 71    5 16 
   1 38    2 29    3 63    4 65    5 45 
   1 76    2 48    3 28    4 96    5 42 
   1 88    2 76    3 50    4 36    5 96 

