ta063
100 5
   1 37    2 54    3 28    4 11    5 65 
   1 45    2 85    3  1    4  5    5 64 
   1 97    2 52    3 75    4 37    5 94 
   1 90    2 79    3 36    4 55    5 90 
   1 54    2 78    3 27    4 55    5 33 
   1 69    2 16    3 19    4 83    5 41 
   1 12    2 92    3 62    4 62    5 24 
   1 29    2 82    3 76    4 58    5 24 
   1 47    2 28    3 78    4 75    5 10 
   1 21    2  2    3 70    4 57    5 47 
   1 60    2 48    3 24    4 27    5 21 
   1 45    2 34    3 12    4 29    5 83 
   1  5    2 48    3 23    4 55    5 14 
   1  6    2 20    3 44    4 71    5 81 
   1 41    2 81    3 84    4 41    5 86 
   1 38    2 44    3 50    4 11    5 82 
   1 35    2 12    3 96    4 14    5  7 
   1 69    2 40    3 15    4 78    5 36 
   1 74    2 15    3 60    4 79    5 33 
   1 83    2 86    3 41    4 69    5 62 
   1 31    2 61    3 64    4 88    5  2 
   1 39    2 59    3 54    4 54    5 48 
   1 17    2 21    3 28    4 78    5 12 
   1 29    2 71    3 94    4 10    5 88 
   1 17    2 22    3 73    4 27    5 82 
   1 50    2 35    3 64    4 43    5 28 
   1 58    2 81    3 64    4 76    5 34 
   1  8    2 41    3 63    4  9    5  3 
   1 56    2 53    3 67    4 70    5 99 
   1 27    2 18    3 12    4 98    5 70 
   1 88    2 12    3 51    4  9    5 60 
   1  7    2 24    3 56    4 83    5 50 
   1 89    2 16    3 78    4 66    5 35 
   1 98    2 52    3 34    4 32    5 38 
   1 69    2 93    3 43    4 25    5 83 
   1 73    2 44    3 71    4  7    5 22 
   1 22    2 86    3 61    4 60    5 69 
   1 82    2  9    3  4    4  5    5 44 
   1 85    2 83    3 17    4 15    5  9 
   1 48    2 37    3 36    4 28    5 89 
   1 18    2 42    3 38    4 27    5 47 
   1  6    2 46    3 60    4 23    5 14 
   1  3    2 13    3 79    4 31    5 24 
   1 19    2 28    3 66    4 96    5 14 
   1 12    2 95    3 28    4 74    5 33 
   1 57    2 23    3 84    4 60    5 70 
   1 34    2 67    3 95    4 19    5 99 
   1 83    2 59    3 43    4 38    5 15 
   1 71    2 75    3 23    4 37    5 96 
   1 94    2 90    3 51    4 56    5 23 
   1 30    2 66    3 30    4 37    5 27 
   1 54    2 88    3 60    4 61    5 15 
   1 39    2 68    3 31    4 75    5 37 
   1 32    2 50    3 34    4 72    5 99 
   1 11    2 30    3  1    4  8    5  8 
   1 64    2 70    3 46    4 54    5 41 
   1 39    2 18    3 84    4 27    5 41 
   1 45    2 53    3 22    4 52    5 43 
   1 39    2  1    3 57    4 84    5 66 
   1 41    2 34    3 16    4 37    5 16 
   1  8    2 82    3 39    4 50    5 37 
   1 34    2 41    3 49    4 63    5 97 
   1 53    2 84    3 71    4 64    5 86 
   1 84    2 64    3 41    4 31    5 16 
   1 56    2 66    3  3    4 45    5 46 
   1 48    2 97    3 72    4 88    5 34 
   1 63    2 71    3 24    4 22    5 85 
   1 29    2 17    3 26    4 16    5 59 
   1 79    2 37    3 80    4 61    5 29 
   1 22    2 29    3 72    4 82    5 29 
   1 67    2 24    3 61    4 47    5 30 
   1 89    2 97    3 66    4 63    5 51 
   1 81    2  6    3 72    4 99    5 49 
   1 25    2 83    3 65    4 53    5 72 
   1 32    2 40    3 93    4 31    5 69 
   1 70    2 36    3 74    4 41    5 51 
   1 15    2 67    3 21    4 88    5 11 
   1 45    2 53    3 82    4 37    5 98 
   1 38    2 68    3 87    4 23    5 63 
   1 58    2 20    3 76    4 59    5 80 
   1 35    2 36    3 80    4 84    5 81 
   1 50    2 30    3 31    4  3    5 86 
   1 56    2 95    3 20    4 77    5 55 
   1 41    2 92    3 90    4 90    5 74 
   1 81    2 57    3 68    4 10    5 43 
   1 40    2 75    3 31    4 16    5 93 
   1 94    2 92    3 31    4 57    5 98 
   1 51    2 94    3 11    4 25    5 24 
   1 33    2 28    3 22    4 49    5 62 
   1 13    2 65    3 66    4 13    5 50 
   1 70    2  9    3 69    4 50    5 68 
   1 26    2 23    3 61    4 97    5 65 
   1 34    2 30    3 94    4 59    5 69 
   1 11    2 63    3  1    4 59    5 17 
   1 29    2 86    3 23    4 70    5 49 
   1 87    2 30    3 48    4 15    5 29 
   1  1    2 61    3 45    4 26    5 70 
   1 43    2 28    3 92    4 68    5 46 
   1 12    2 92    3 40    4 79    5 53 
   1 52    2 10    3 69    4 49    5 66 

