ta067
100 5
   1 94    2 65    3 51    4 32    5 15 
   1 17    2 67    3 20    4 11    5 53 
   1  1    2 55    3 55    4 34    5 87 
   1 97    2 35    3 55    4 47    5  5 
   1 91    2 19    3 15    4 33    5 21 
   1  9    2 18    3 46    4  7    5 32 
   1 75    2 35    3 15    4 18    5 53 
   1 38    2 39    3 60    4 69    5 27 
   1 34    2 89    3 40    4 95    5 14 
   1 17    2 57    3 67    4 95    5 29 
   1  7    2 79    3 46    4 71    5 30 
   1 62    2  5    3 29    4 27    5 76 
   1 16    2 33    3 14    4 24    5 58 
   1 61    2 46    3 35    4 32    5 28 
   1 31    2 47    3 81    4  1    5 29 
   1 58    2 46    3  8    4 42    5 43 
   1 14    2 99    3 55    4 82    5 25 
   1 29    2 39    3 55    4 95    5 35 
   1 29    2  7    3  1    4 90    5 83 
   1 31    2 15    3 62    4 28    5 22 
   1 52    2 56    3 97    4 36    5  3 
   1 36    2 32    3 93    4  6    5 10 
   1 85    2 62    3 58    4 83    5 73 
   1 68    2 50    3 46    4 17    5 47 
   1 63    2 99    3 92    4 30    5 87 
   1 21    2 89    3 62    4 96    5 50 
   1 15    2 30    3 58    4 32    5 74 
   1 50    2 24    3  1    4  3    5  7 
   1 55    2 23    3 18    4 64    5 89 
   1 73    2 44    3 14    4 67    5 89 
   1 87    2 83    3 74    4  7    5 72 
   1 90    2 13    3 29    4 92    5  9 
   1 41    2 83    3 85    4 50    5 34 
   1 80    2 73    3 95    4 90    5  7 
   1  5    2 34    3 11    4 40    5 32 
   1 18    2 89    3 30    4 96    5 82 
   1 68    2 18    3 73    4 96    5 77 
   1 94    2 32    3 24    4 18    5 64 
   1 51    2 90    3 83    4 92    5 13 
   1 29    2 73    3 15    4 29    5 55 
   1 12    2 28    3 77    4 85    5 81 
   1 69    2 18    3 63    4 39    5 55 
   1 54    2 81    3 43    4 75    5 37 
   1 99    2 31    3 40    4 61    5 43 
   1  1    2  2    3 98    4 10    5 99 
   1 82    2  3    3 17    4 99    5 39 
   1 99    2 78    3 89    4 21    5 25 
   1 87    2 99    3 18    4 85    5 17 
   1 61    2 71    3 54    4 54    5 13 
   1 24    2  8    3 33    4 33    5 65 
   1 54    2 88    3 66    4 52    5 60 
   1  7    2 76    3 97    4 96    5 70 
   1 77    2 33    3 61    4 64    5 22 
   1 78    2 66    3 51    4 22    5 62 
   1 86    2  3    3  2    4  2    5 37 
   1 83    2 31    3 51    4 85    5 95 
   1 65    2  8    3 72    4 49    5 87 
   1 77    2 63    3 33    4 82    5 18 
   1 98    2 53    3 46    4 91    5 31 
   1 33    2 89    3 83    4 13    5 75 
   1 92    2 63    3 17    4 62    5 23 
   1 15    2 49    3 16    4 56    5 48 
   1 59    2 60    3 93    4 63    5 18 
   1 22    2 53    3 63    4 53    5  5 
   1 79    2 70    3 39    4 88    5 63 
   1 44    2  9    3 55    4 95    5  1 
   1 99    2 16    3 28    4 71    5 25 
   1 19    2 79    3 78    4 75    5  6 
   1 32    2 93    3 68    4 21    5 29 
   1 81    2 69    3 76    4 18    5 27 
   1 57    2  4    3 48    4 59    5 10 
   1 53    2 95    3 64    4 17    5 29 
   1 48    2 87    3 87    4 11    5 53 
   1 97    2 49    3 26    4 80    5 87 
   1  3    2 79    3 14    4 51    5 39 
   1 70    2 14    3 48    4 31    5 46 
   1 21    2  4    3 78    4 77    5 18 
   1 51    2 20    3 82    4 84    5 44 
   1 14    2 10    3 33    4 20    5 24 
   1 41    2 28    3 22    4 16    5 86 
   1 91    2  4    3 45    4 19    5 65 
   1 75    2 91    3 49    4 16    5 45 
   1 35    2 63    3 90    4 73    5 52 
   1 54    2 66    3 82    4 12    5 95 
   1  9    2 25    3 73    4 97    5 22 
   1 25    2 12    3 70    4 92    5 97 
   1 27    2 36    3 95    4 65    5 71 
   1 97    2 94    3 99    4 52    5 31 
   1 20    2 19    3 64    4 22    5 46 
   1 20    2 49    3 97    4 62    5 54 
   1 23    2 19    3 73    4 26    5 59 
   1 46    2 18    3 44    4 41    5 90 
   1 76    2 18    3 68    4 56    5 72 
   1 34    2 53    3 88    4 32    5 65 
   1 86    2 49    3 21    4 54    5 84 
   1 30    2 29    3 58    4 60    5 20 
   1 99    2 42    3 25    4 85    5 17 
   1  9    2 59    3  1    4 66    5 51 
   1 91    2 48    3 27    4 10    5 57 
   1 81    2  3    3 15    4 37    5 72 

