ta062
100 5
   1 73    2  5    3 62    4 42    5 86 
   1 69    2 87    3 94    4 59    5 73 
   1  8    2 54    3 58    4 91    5 89 
   1 59    2 84    3 93    4 86    5 81 
   1 70    2  8    3 23    4 76    5 10 
   1 47    2 37    3 66    4 26    5 84 
   1  2    2 40    3 47    4 78    5 98 
   1 37    2 27    3 30    4 51    5 76 
   1 60    2 81    3 60    4 39    5 18 
   1 75    2 64    3 26    4 10    5 25 
   1  7    2 80    3 84    4 95    5 77 
   1 41    2 23    3 54    4 83    5 70 
   1 87    2 66    3 82    4 40    5 33 
   1 21    2 64    3 60    4 83    5 31 
   1 55    2 19    3 13    4 20    5 41 
   1 32    2 38    3 14    4  7    5 55 
   1 45    2 96    3 23    4 23    5 35 
   1 56    2 56    3 80    4 62    5 68 
   1 92    2 16    3 56    4 42    5 19 
   1  2    2 61    3 31    4 75    5 28 
   1 69    2 48    3 65    4 84    5 74 
   1 39    2 42    3 83    4 95    5 60 
   1 52    2 28    3 52    4 77    5 81 
   1  2    2 52    3 92    4 32    5 82 
   1  4    2 78    3 74    4 17    5 34 
   1 79    2 57    3 12    4 43    5 38 
   1 55    2 28    3 65    4 53    5 92 
   1 20    2 83    3 37    4 15    5 90 
   1 46    2 36    3  9    4 49    5 95 
   1 88    2 36    3 78    4 64    5 83 
   1 47    2 28    3 40    4 76    5  8 
   1 63    2 92    3 13    4 86    5 44 
   1 55    2  6    3 10    4 12    5 48 
   1 90    2  1    3 23    4 54    5 65 
   1 29    2 89    3 50    4 62    5 79 
   1 79    2 31    3 86    4 30    5 82 
   1 33    2 36    3 81    4 22    5 56 
   1 40    2 88    3 67    4 53    5 49 
   1 21    2 74    3 20    4 61    5 25 
   1  4    2 50    3 34    4 53    5 88 
   1 31    2 85    3 78    4 71    5 52 
   1 99    2 34    3  9    4 24    5 76 
   1 74    2 37    3  3    4 55    5 36 
   1 93    2 91    3 96    4 93    5 24 
   1 17    2 11    3 84    4 47    5 35 
   1  5    2 32    3  2    4 96    5 29 
   1 76    2 83    3 46    4 51    5  9 
   1 49    2 40    3 71    4 84    5 40 
   1 65    2 86    3 79    4 94    5 65 
   1 80    2 33    3 44    4 93    5 35 
   1 42    2 58    3 89    4 16    5 54 
   1 45    2 75    3 67    4 15    5 14 
   1 35    2 85    3 34    4 21    5  5 
   1 13    2 42    3 20    4 78    5 91 
   1 57    2 71    3 88    4 77    5 24 
   1 46    2 76    3 53    4 25    5 39 
   1 54    2 59    3 94    4 43    5  1 
   1  7    2 29    3 85    4 26    5 58 
   1 58    2 57    3  2    4 54    5 88 
   1  3    2 98    3  2    4 91    5  1 
   1 51    2 47    3 35    4 82    5 12 
   1 86    2 38    3 98    4 50    5 49 
   1 21    2 98    3 33    4 65    5 69 
   1 47    2 87    3 33    4 84    5 71 
   1 91    2 25    3  1    4 21    5 35 
   1 48    2  1    3 46    4 67    5 70 
   1 21    2 60    3  7    4 96    5 64 
   1 36    2 71    3 19    4 72    5 20 
   1 23    2 18    3  4    4 14    5 15 
   1 50    2 80    3 40    4 74    5  7 
   1 86    2 41    3 33    4 77    5 73 
   1 84    2 59    3 94    4 37    5 20 
   1 88    2 89    3 75    4 18    5 20 
   1 84    2 29    3 85    4 81    5 99 
   1 31    2 54    3 33    4 92    5 16 
   1 63    2 38    3 15    4 23    5 53 
   1 16    2 80    3 10    4 29    5 33 
   1 55    2 12    3 72    4 43    5 94 
   1 12    2 56    3 24    4  3    5 14 
   1 14    2 25    3 81    4  5    5 89 
   1 74    2 85    3 53    4 19    5 52 
   1 59    2 76    3 27    4 62    5 41 
   1 21    2 33    3 23    4 33    5 12 
   1 91    2 35    3 80    4 53    5 78 
   1 24    2 61    3 99    4 51    5 40 
   1 69    2  4    3 15    4 35    5 93 
   1 49    2 70    3 85    4 96    5 35 
   1  4    2 54    3  4    4 57    5 10 
   1 81    2 69    3  2    4 29    5 94 
   1 35    2 22    3 67    4 26    5 88 
   1 82    2 47    3 72    4 18    5 84 
   1 12    2 25    3 78    4 36    5 53 
   1 71    2 42    3 25    4 19    5 72 
   1  6    2 80    3 31    4 93    5 60 
   1 59    2 43    3 63    4 69    5 59 
   1 95    2 32    3 57    4 39    5 63 
   1 13    2 85    3 36    4 79    5 24 
   1 40    2 11    3 72    4 15    5 41 
   1 12    2 72    3 73    4 13    5  8 
   1 43    2 17    3 87    4  7    5 73 

