ta060
50 20
   1  4    2 44    3 15    4 24    5 58    6 53    7 80    8 56    9 11   10 64   11 50   12 22   13 50   14 24   15 56   16 59   17 72   18 41   19 18   20 90 
   1 20    2 54    3 80    4 75    5 55    6 26    7 35    8  8    9 64   10 94   11 83   12  1   13 62   14  2   15 43   16 41   17 81   18 80   19 39   20 34 
   1 62    2  7    3 61    4 31    5 34    6 89    7 39    8  1    9 32   10 23   11 82   12 88   13 28   14 51   15 63   16 64   17  8   18 74   19 96   20 66 
   1 71    2 54    3 37    4 34    5 66    6 34    7 85    8 51    9 10   10 88   11 78   12 69   13  4   14 49   15 60   16 30   17 73   18 15   19 18   20 10 
   1 69    2 61    3 72    4 87    5 67    6 29    7 45    8 73    9 37   10 52   11 44   12 50   13 11   14 39   15  3   16 51   17 93   18 89   19 16   20 95 
   1 87    2 18    3 73    4 88    5 70    6 32    7 13    8  4    9 86   10 23   11 23   12 79   13 13   14 62   15 89   16 16   17 38   18 24   19 48   20 51 
   1 96    2 45    3 55    4 62    5 16    6 28    7 81    8 58    9 35   10 26   11 66   12 59   13 46   14 85   15 52   16 64   17 85   18 36   19 22   20 15 
   1 25    2 64    3 19    4 59    5 25    6 46    7 78    8 24    9 41   10  9   11 24   12 18   13 23   14 70   15 42   16 72   17 94   18 86   19 53   20  4 
   1 98    2 81    3 80    4 39    5 34    6 49    7 25    8 69    9  7   10 63   11 56   12 98   13 41   14 86   15 24   16 68   17 88   18 98   19 71   20 66 
   1 41    2 57    3 48    4  4    5  1    6 55    7 81    8 39    9 56   10 24   11 92   12 21   13 74   14 18   15 53   16 31   17 69   18 51   19 24   20 24 
   1 99    2 13    3 10    4 74    5 18    6  8    7 21    8 33    9 10   10  8   11 30   12 35   13 15   14 90   15 77   16 93   17 90   18 32   19 17   20 53 
   1  1    2 45    3 17    4 90    5  2    6 34    7 87    8 16    9 15   10 32   11 31   12 94   13 67   14 36   15 12   16 86   17 26   18 92   19 47   20 87 
   1 94    2 60    3 67    4 29    5 86    6 40    7 40    8 75    9 25   10 97   11 88   12 57   13 39   14 51   15 71   16 91   17 23   18 51   19 44   20 26 
   1 91    2 12    3 21    4 99    5 34    6 48    7 30    8 19    9 15   10 17   11 85   12 71   13  4   14 20   15 14   16 34   17 44   18 98   19 62   20 64 
   1 36    2 89    3  9    4 74    5 82    6 68    7 11    8  1    9 54   10 76   11 50   12 76   13 13   14 23   15 62   16  6   17 97   18 88   19  4   20 13 
   1 71    2 20    3 79    4  4    5 55    6 59    7 76    8 30    9  3   10 45   11 34   12 97   13 43   14 17   15 75   16 27   17 67   18  1   19 85   20 16 
   1 28    2 47    3 89    4 86    5 59    6 87    7 79    8 44    9 43   10 28   11 91   12  7   13 84   14 23   15 97   16 62   17 53   18 13   19 74   20 23 
   1 50    2 81    3 20    4 22    5 21    6  1    7 75    8  8    9 10   10 89   11 55   12 87   13 41   14 47   15  3   16 35   17 75   18 50   19 59   20 61 
   1 11    2 11    3 94    4 10    5 31    6 87    7 77    8 45    9 27   10 75   11  7   12 89   13 33   14 66   15 54   16 57   17 69   18 80   19 41   20 78 
   1 14    2 56    3 47    4 96    5 53    6 91    7 17    8 19    9 10   10 71   11 49   12 53   13 41   14  3   15 41   16 67   17 44   18 56   19 13   20 58 
   1 76    2 30    3 90    4 56    5 25    6 99    7 51    8 53    9 39   10 46   11 38   12 19   13 82   14 59   15 71   16 96   17 13   18 50   19 82   20 13 
   1 20    2 51    3 44    4 28    5 69    6 95    7 29    8 38    9  2   10 40   11 73   12 69   13 99   14 30   15 11   16 69   17 47   18 58   19 26   20 99 
   1 78    2 18    3 49    4 90    5 71    6 21    7 11    8 39    9 24   10 66   11 47   12 66   13 63   14 85   15 12   16  8   17 98   18 75   19 39   20 87 
   1 70    2 91    3 28    4 71    5 85    6 62    7 73    8 68    9 50   10 87   11 95   12 61   13 29   14 16   15 54   16 92   17 41   18  4   19 28   20 70 
   1 43    2 48    3 46    4 12    5 80    6 87    7 50    8 83    9 64   10 91   11 48   12 18   13 86   14 81   15 21   16  1   17 46   18 73   19 59   20 84 
   1 59    2 94    3 82    4  1    5 39    6 84    7 86    8 94    9 44   10 50   11 54   12 86   13 28   14 95   15 14   16 37   17 25   18 90   19 49   20  3 
   1 88    2 32    3 96    4  6    5 71    6 96    7 56    8 34    9 34   10 54   11 94   12 51   13 80   14 81   15 82   16 69   17 56   18  2   19 87   20 48 
   1 68    2 67    3 91    4 41    5 66    6 47    7 93    8  1    9 97   10 60   11 21   12 90   13  7   14 14   15 35   16 57   17 50   18 73   19 32   20 78 
   1 48    2 95    3 28    4 30    5 74    6 60    7 79    8 23    9 93   10 10   11 41   12 80   13  1   14 96   15 21   16 59   17 35   18 75   19 65   20 79 
   1 48    2 75    3 93    4 21    5 57    6 82    7 57    8 32    9 81   10 79   11 30   12 22   13  5   14 23   15 38   16 85   17 59   18 67   19 24   20 20 
   1 39    2 82    3 30    4 64    5 54    6 60    7 85    8 70    9 15   10 43   11 42   12  6   13 64   14 44   15 52   16 86   17 78   18 99   19 48   20 51 
   1 36    2 41    3 64    4 92    5  2    6 53    7 17    8 35    9 42   10 34   11 44   12 52   13 17   14  8   15 82   16 98   17 44   18 93   19 72   20 83 
   1  2    2  7    3 41    4  1    5 27    6 98    7 88    8 78    9 34   10 77   11 28   12 16   13 81   14 15   15 40   16 96   17 57   18  9   19 15   20 51 
   1 51    2 39    3 53    4 85    5 55    6 48    7 89    8 89    9 87   10 92   11 82   12 84   13 48   14 48   15 47   16 55   17 21   18 27   19  5   20  1 
   1 91    2 25    3 86    4 94    5  7    6 30    7 39    8 88    9 53   10  3   11  4   12 12   13  9   14 95   15 91   16  9   17 59   18 61   19 68   20  2 
   1  4    2 49    3  6    4 24    5 94    6 39    7 41    8 92    9 82   10 98   11 64   12 74   13 77   14 62   15 60   16  2   17 60   18 64   19 36   20 73 
   1 32    2 39    3 68    4 83    5 85    6 52    7  8    8 50    9 64   10 40   11 38   12 69   13 92   14 90   15 61   16 71   17 52   18 43   19  7   20 82 
   1 62    2 53    3 25    4  4    5  3    6 22    7 21    8 64    9 96   10 19   11  9   12 22   13 15   14 41   15 21   16 85   17 62   18 32   19 52   20 34 
   1 46    2 66    3  8    4 57    5 46    6 63    7 33    8 61    9 60   10 68   11 37   12 12   13 49   14 70   15 67   16  2   17 14   18 56   19 45   20 26 
   1 55    2 96    3 62    4  8    5  7    6 19    7 36    8 35    9 20   10 85   11 87   12 80   13 41   14 56   15 29   16 96   17 58   18 61   19 87   20 49 
   1 73    2 36    3 17    4 17    5 26    6 49    7 75    8 81    9 78   10  2   11 37   12 45   13 17   14 50   15 46   16  7   17 24   18 55   19 42   20 39 
   1 97    2 41    3 49    4 83    5 95    6 50    7  2    8 69    9 12   10 51   11 26   12 51   13 32   14 29   15 74   16 78   17  8   18 99   19 68   20 24 
   1 71    2  8    3 92    4 47    5 21    6 20    7 65    8 80    9 15   10 35   11 80   12 96   13 25   14 39   15 11   16 55   17 22   18 77   19  9   20 39 
   1 50    2 92    3 20    4 57    5  4    6 85    7 57    8 38    9 63   10 91   11 83   12 80   13 89   14 72   15 72   16  7   17 72   18 66   19 53   20 69 
   1 54    2 92    3 77    4 93    5 98    6 31    7 22    8 44    9 81   10 68   11 50   12 87   13  9   14 94   15 56   16 50   17 37   18 25   19 59   20  1 
   1 73    2 82    3 24    4 54    5  9    6 99    7 41    8 49    9 98   10  3   11 50   12 92   13 29   14 70   15 81   16  5   17 90   18 28   19 65   20  1 
   1 44    2 78    3 53    4 79    5 52    6 61    7 89    8 85    9 97   10 26   11 50   12 20   13 38   14 40   15 80   16 60   17 96   18 87   19 81   20 79 
   1 95    2 19    3 71    4  5    5 48    6 96    7 62    8 26    9  2   10 49   11 42   12 95   13  2   14 33   15 87   16 61   17 26   18 25   19 12   20 27 
   1 53    2 12    3 88    4 30    5 59    6 82    7 43    8 15    9  2   10 37   11 88   12 16   13 91   14 16   15 44   16 68   17 23   18 18   19 39   20 20 
   1 18    2 54    3 88    4 90    5 17    6 75    7 30    8 97    9 44   10 25   11 55   12 64   13 57   14 79   15 41   16 87   17 91   18 61   19 62   20 22 

