ta066
100 5
   1  7    2 62    3 29    4 10    5 30 
   1 41    2 67    3 39    4 54    5 10 
   1  6    2 30    3 31    4 89    5 54 
   1 14    2  5    3  3    4  9    5  3 
   1 62    2 26    3 50    4 52    5 63 
   1  1    2 57    3 37    4 47    5 63 
   1 40    2 28    3 85    4  5    5 90 
   1 16    2  5    3 70    4 39    5 60 
   1 76    2 41    3 22    4 31    5 88 
   1 75    2 81    3 35    4 93    5 36 
   1 80    2 44    3 59    4 56    5 92 
   1 73    2 93    3 61    4 44    5  1 
   1 73    2 45    3 65    4 60    5 90 
   1 38    2 20    3 88    4 79    5 23 
   1 66    2 50    3 28    4 91    5 49 
   1 64    2 55    3 35    4 17    5 96 
   1  5    2 87    3 69    4 23    5 95 
   1 47    2 90    3 22    4 76    5 46 
   1 26    2 36    3 89    4 46    5 23 
   1 54    2 15    3 21    4 30    5 91 
   1 48    2 14    3 25    4 43    5 50 
   1 54    2 24    3 66    4 54    5 82 
   1 76    2 42    3 88    4 44    5 13 
   1  1    2 53    3 90    4 84    5 77 
   1 57    2 92    3 55    4 56    5 51 
   1 89    2 39    3 65    4  9    5  4 
   1 39    2 55    3 58    4 25    5 32 
   1 20    2 77    3 55    4 56    5 90 
   1 16    2 40    3  2    4 15    5  4 
   1 40    2 66    3 92    4 27    5 73 
   1  5    2 42    3 72    4 98    5 21 
   1 94    2 19    3 22    4 81    5 10 
   1 53    2 54    3  6    4 99    5 58 
   1 12    2 79    3 26    4 77    5 54 
   1 64    2 64    3 65    4 72    5 76 
   1 83    2 66    3 36    4  5    5 12 
   1 22    2 71    3 14    4 21    5 89 
   1 78    2 89    3 97    4  8    5 23 
   1 20    2 72    3 75    4 11    5  7 
   1 93    2 13    3 13    4 73    5 89 
   1 89    2 67    3 81    4 34    5 97 
   1 41    2 72    3 27    4 17    5 70 
   1 77    2 46    3 85    4 80    5 67 
   1 81    2 69    3 16    4  1    5 81 
   1 57    2 82    3 12    4 42    5 91 
   1 95    2 94    3 29    4  3    5 51 
   1 12    2 26    3 21    4 59    5 47 
   1 83    2 50    3 63    4 32    5 73 
   1 31    2 11    3 23    4 49    5 76 
   1 19    2 58    3 74    4 12    5 74 
   1 66    2 11    3 25    4 26    5 13 
   1 73    2 89    3 92    4 61    5 11 
   1 79    2 23    3 73    4 15    5  5 
   1 21    2 29    3  5    4 20    5 28 
   1 91    2 53    3 73    4 24    5 56 
   1 48    2 42    3  1    4 77    5 37 
   1 17    2 37    3 36    4 40    5  3 
   1 76    2 96    3  7    4 75    5 15 
   1 59    2 58    3 11    4 83    5 95 
   1 79    2 41    3 95    4 50    5 94 
   1 12    2  6    3 24    4 82    5 25 
   1 88    2 49    3 59    4 91    5 56 
   1 91    2 34    3 71    4 78    5 79 
   1 60    2 86    3 71    4 88    5  5 
   1  8    2 77    3 69    4 16    5 33 
   1 95    2 92    3 67    4 60    5 45 
   1 59    2 98    3 28    4 23    5 42 
   1 41    2 65    3 55    4 18    5 74 
   1 56    2  1    3 66    4 29    5  9 
   1 20    2 18    3 48    4 45    5 31 
   1 70    2 70    3 46    4 26    5 42 
   1 16    2 27    3 39    4 66    5 45 
   1  4    2 46    3  6    4 73    5 72 
   1 13    2 95    3 20    4 90    5 87 
   1 40    2 70    3 72    4 91    5 37 
   1 64    2 12    3 70    4 68    5 19 
   1 88    2 41    3 61    4 15    5 10 
   1 92    2  4    3 83    4 26    5 25 
   1 95    2 44    3 79    4 11    5 38 
   1 14    2 32    3 82    4 22    5 59 
   1 16    2 70    3 62    4 62    5 58 
   1  2    2 27    3 91    4 96    5 96 
   1 21    2 22    3  8    4 52    5 36 
   1 97    2 57    3 88    4 72    5 86 
   1 59    2 31    3 25    4 17    5 93 
   1 87    2 20    3  9    4 48    5 38 
   1 70    2 86    3 34    4 49    5 47 
   1 11    2 30    3 20    4 99    5 73 
   1 98    2 27    3 93    4 80    5 18 
   1 75    2 47    3  7    4 30    5 10 
   1 28    2 90    3 13    4  6    5 71 
   1 51    2 47    3 11    4 33    5 30 
   1 27    2 41    3 57    4 89    5 99 
   1 58    2 47    3 27    4 12    5 82 
   1 19    2 29    3  7    4 80    5 11 
   1 64    2 12    3 44    4 94    5 45 
   1  5    2 14    3 99    4 52    5 79 
   1 82    2  1    3 51    4 41    5 67 
   1 12    2 42    3 88    4 49    5 35 
   1 55    2 67    3 17    4 93    5 23 

