ta065
100 5
   1 14    2 21    3  3    4  9    5  6 
   1 28    2 16    3 24    4 18    5 52 
   1 71    2 40    3 75    4 42    5 73 
   1 57    2 45    3 31    4 29    5 71 
   1 82    2  1    3 52    4 30    5 48 
   1 68    2 97    3 53    4 60    5 53 
   1 58    2 17    3 73    4 56    5 68 
   1 61    2 65    3  3    4 30    5 72 
   1 84    2 51    3 60    4 73    5 91 
   1  7    2 35    3 26    4 44    5 74 
   1 31    2 22    3 43    4 42    5 35 
   1 12    2 27    3 69    4 10    5 34 
   1 75    2 78    3 65    4 48    5 41 
   1 91    2 23    3 58    4 96    5 86 
   1 47    2 46    3 40    4 95    5 86 
   1 53    2  6    3 46    4 65    5 19 
   1 35    2 85    3 54    4  3    5 49 
   1 89    2 29    3 40    4 31    5 11 
   1 64    2 63    3 72    4 39    5 60 
   1 67    2  7    3 71    4 92    5 25 
   1  1    2  5    3 91    4 71    5 73 
   1 70    2  9    3 74    4 24    5 25 
   1 52    2 99    3 44    4 75    5 44 
   1 31    2 31    3 25    4 11    5 45 
   1 74    2 83    3 18    4 63    5 51 
   1 37    2 74    3 83    4 40    5 68 
   1 83    2 31    3 99    4 40    5 25 
   1 21    2 76    3  9    4 74    5 12 
   1 28    2 66    3 52    4 37    5 53 
   1 46    2 73    3 75    4  8    5 73 
   1 79    2 79    3 88    4 88    5 24 
   1 95    2 48    3 58    4 90    5 39 
   1 27    2 69    3 21    4 30    5 47 
   1 71    2 81    3 72    4 62    5 45 
   1 24    2 89    3 95    4 60    5 35 
   1 99    2 75    3 73    4  3    5 69 
   1  7    2 74    3 72    4 40    5 32 
   1 68    2  8    3 64    4 79    5 94 
   1 35    2 62    3 82    4 38    5  4 
   1 83    2 36    3 91    4 97    5  6 
   1 36    2 24    3 13    4 13    5 99 
   1 89    2 86    3 98    4 23    5 93 
   1 79    2 94    3 38    4 99    5 30 
   1 64    2 67    3 44    4 43    5 24 
   1 51    2 85    3 94    4 99    5 72 
   1 97    2 39    3 47    4 92    5  9 
   1  3    2 43    3 49    4 74    5 72 
   1  9    2 92    3 32    4 97    5 78 
   1 94    2 87    3 81    4 42    5 37 
   1 45    2 23    3 54    4 21    5 18 
   1 17    2  1    3 21    4 73    5 79 
   1 56    2 19    3 52    4 90    5 20 
   1 58    2 49    3 99    4 16    5 40 
   1 49    2 32    3 83    4 45    5 89 
   1 32    2 75    3  3    4 97    5 81 
   1 49    2 74    3 30    4  7    5 86 
   1 26    2 19    3 57    4 47    5 28 
   1 53    2 25    3 54    4 33    5 21 
   1 67    2  5    3 74    4 77    5 94 
   1 31    2 75    3 29    4 91    5 53 
   1 72    2 71    3 45    4 10    5 53 
   1 71    2 80    3 97    4 22    5 46 
   1 93    2 72    3  3    4 22    5 31 
   1 23    2 60    3 55    4  3    5 84 
   1 42    2 64    3 81    4 82    5 79 
   1 79    2 36    3 47    4  4    5 91 
   1 19    2 23    3 71    4 57    5 87 
   1 43    2  7    3 37    4 21    5 45 
   1 26    2 52    3 98    4 97    5 23 
   1 71    2  8    3 48    4 58    5 59 
   1 17    2 87    3 96    4 27    5 75 
   1 37    2  5    3 11    4 25    5 52 
   1 93    2 44    3 48    4 38    5 45 
   1 11    2 37    3  5    4 49    5 21 
   1 21    2 66    3 65    4 13    5 59 
   1 79    2 74    3  2    4 68    5 21 
   1 51    2  6    3 40    4 43    5  9 
   1 26    2 44    3 29    4 60    5 61 
   1 85    2 30    3 23    4 25    5  6 
   1 41    2 78    3 96    4 63    5 58 
   1 76    2 99    3 11    4 48    5 71 
   1 28    2 34    3 55    4 13    5 69 
   1 76    2 77    3 33    4 36    5  2 
   1 40    2 51    3 44    4 71    5 50 
   1 83    2 57    3 67    4 27    5 55 
   1 18    2 68    3 22    4 14    5 92 
   1 74    2 27    3 33    4 11    5 29 
   1  8    2 36    3 96    4 87    5  2 
   1 75    2 36    3 90    4 27    5 94 
   1 66    2 70    3 69    4  6    5 57 
   1 50    2 66    3 11    4 63    5 36 
   1 16    2 79    3 23    4 61    5 74 
   1 14    2 74    3 37    4 55    5 87 
   1 12    2 63    3 30    4 62    5 32 
   1 98    2 47    3  6    4 34    5 76 
   1 71    2 40    3 66    4 17    5 86 
   1 47    2 28    3 94    4 11    5 22 
   1 22    2 44    3 19    4 28    5 29 
   1 71    2 30    3 18    4 46    5 90 
   1 44    2 48    3 57    4 63    5 44 

