ta074
100 10
   1 95    2 84    3 64    4  5    5 76    6 73    7 58    8 54    9  3   10 76 
   1 61    2 31    3 16    4 22    5 20    6  9    7 34    8 11    9 96   10 92 
   1 33    2 71    3 99    4 41    5 55    6  6    7 82    8 63    9 28   10 56 
   1 79    2 84    3 70    4 94    5 51    6 84    7 99    8 98    9 90   10 65 
   1  6    2 12    3 73    4 11    5 39    6 56    7 45    8 17    9 86   10 93 
   1 89    2 26    3 23    4 62    5 92    6 50    7  7    8 83    9 29   10 50 
   1  3    2 34    3 15    4 32    5 83    6 65    7 43    8 70    9 83   10  3 
   1 81    2 69    3 83    4 14    5 62    6 74    7 22    8 34    9 39   10 82 
   1 98    2 65    3 57    4 87    5 56    6 80    7  4    8 45    9 62   10 59 
   1 35    2 90    3 80    4 76    5 59    6 25    7 71    8 54    9 69   10 15 
   1 94    2 43    3 90    4 33    5 47    6 26    7 85    8 59    9 38   10 44 
   1 95    2 30    3  8    4 72    5 33    6 14    7  3    8 84    9 43   10 53 
   1 44    2 74    3 23    4 96    5 31    6 95    7 88    8 25    9 39   10  6 
   1 71    2  4    3 44    4 24    5 61    6 63    7  1    8 51    9 77   10 75 
   1 50    2 66    3 21    4 26    5 74    6 83    7 75    8 18    9 46   10 28 
   1 51    2 22    3 94    4 96    5 73    6 42    7 85    8 28    9 47   10 56 
   1 43    2 65    3 88    4  3    5 43    6 97    7 34    8 73    9 72   10 49 
   1 73    2 46    3 37    4 70    5 52    6 94    7 95    8 50    9 23   10 72 
   1 52    2 36    3 16    4 70    5 23    6 64    7 26    8  4    9 80   10 88 
   1 92    2 98    3  3    4 47    5 42    6 69    7 24    8 83    9 23   10 94 
   1 82    2 31    3 31    4 53    5 49    6 84    7 68    8 31    9 87   10 85 
   1 52    2 65    3 73    4  2    5 66    6 28    7 87    8  4    9 69   10 42 
   1 53    2 97    3  8    4 49    5 27    6 67    7 20    8 41    9 33   10 62 
   1 14    2 25    3 14    4 36    5 40    6 19    7 17    8 12    9 11   10 56 
   1 49    2 46    3 99    4 25    5 53    6 75    7 91    8 94    9 77   10 75 
   1 21    2 89    3 67    4 66    5 50    6 70    7 40    8 37    9 29   10 36 
   1 49    2 79    3 67    4 89    5 63    6 50    7 63    8 92    9 28   10 46 
   1 46    2 44    3 14    4 58    5 61    6 28    7 76    8 10    9 29   10 92 
   1 22    2 74    3 57    4 98    5 65    6 83    7 15    8 59    9 11   10 55 
   1 18    2 93    3 99    4 31    5  9    6 26    7 72    8 35    9  4   10 87 
   1 41    2 43    3 47    4 91    5 30    6 67    7 69    8 33    9 95   10 45 
   1 17    2  4    3 82    4  8    5 27    6 82    7 40    8 94    9 76   10  9 
   1 69    2 45    3 27    4 18    5 45    6 97    7 56    8 36    9 69   10 19 
   1 31    2 48    3 91    4 83    5 58    6 39    7 82    8 56    9 44   10 76 
   1 26    2 61    3 38    4 67    5 38    6 74    7 41    8 15    9 94   10 50 
   1 62    2 93    3 60    4 97    5 75    6 55    7 10    8 68    9 99   10 32 
   1 85    2 76    3 73    4 61    5 45    6 22    7 91    8 43    9  6   10 63 
   1 96    2 22    3 91    4 18    5  6    6  1    7 91    8 46    9 56   10 33 
   1 10    2 54    3 47    4  7    5 38    6 68    7 89    8 31    9 16   10 27 
   1 62    2  7    3 13    4 53    5 56    6 53    7 93    8  2    9 97   10 95 
   1 11    2 43    3 96    4 65    5 46    6 76    7 94    8 17    9 46   10 29 
   1  4    2 26    3 92    4 25    5 93    6 63    7 93    8 50    9 18   10 91 
   1 59    2 40    3 32    4 80    5 63    6 43    7 97    8 18    9 33   10 96 
   1 86    2 42    3 90    4  7    5 66    6 81    7 95    8 40    9 49   10 27 
   1 70    2 80    3 74    4 88    5 98    6 67    7 80    8 12    9 76   10 95 
   1 80    2 38    3  6    4 61    5 20    6 33    7 33    8 13    9 20   10 39 
   1  3    2 19    3 96    4 32    5 56    6 51    7 95    8 60    9 61   10 84 
   1 46    2 32    3 91    4 36    5 79    6 37    7 75    8 76    9 95   10 96 
   1 30    2 70    3 66    4 53    5 21    6 72    7 59    8 82    9 92   10 42 
   1 90    2 83    3 80    4 56    5 78    6  8    7 33    8 71    9 72   10  8 
   1 79    2 63    3 98    4 46    5 41    6 93    7 40    8 27    9 47   10 92 
   1 35    2 42    3 38    4 64    5  8    6 98    7 79    8 95    9 54   10 16 
   1 15    2 60    3 20    4 27    5 49    6 93    7 45    8 63    9 85   10 80 
   1 91    2 79    3 31    4 26    5 79    6 53    7 92    8 71    9 81   10 35 
   1 37    2 60    3 13    4 22    5 92    6 68    7 17    8 52    9 19   10 51 
   1  2    2 10    3 47    4 48    5 58    6 12    7 41    8 98    9 82   10 15 
   1 70    2 98    3 89    4 58    5 66    6 68    7 77    8 15    9 96   10 51 
   1  4    2 56    3 67    4 18    5 62    6 83    7 88    8 47    9 18   10 76 
   1 31    2 88    3 22    4 23    5 68    6 94    7 35    8 83    9 32   10 75 
   1 84    2 20    3 30    4 66    5  6    6 54    7 58    8 83    9 71   10 35 
   1 53    2 77    3  8    4 64    5  5    6  5    7 20    8 69    9  6   10 69 
   1  2    2 42    3 70    4 88    5 45    6 36    7 14    8 64    9  3   10 45 
   1 71    2 45    3 55    4 27    5 47    6 37    7 82    8 43    9 43   10 27 
   1 39    2 98    3 67    4 19    5 27    6 56    7  9    8 32    9 85   10 10 
   1 66    2 35    3 51    4 57    5 46    6 94    7  7    8 28    9 81   10  9 
   1 66    2  6    3 88    4 69    5 83    6 91    7 62    8 94    9 77   10 27 
   1 42    2 93    3 34    4 55    5 56    6 85    7 91    8 86    9 22   10 16 
   1 92    2 61    3 91    4 29    5 45    6  3    7 60    8 16    9 19   10 52 
   1 49    2 35    3 82    4 65    5 60    6 60    7 76    8 39    9 49   10 29 
   1 83    2 67    3 97    4 38    5 12    6 52    7 24    8 67    9 96   10 33 
   1 23    2 71    3 36    4 91    5 70    6 22    7 77    8 60    9 73   10 85 
   1  2    2 82    3 42    4 90    5 51    6 63    7 47    8 35    9 41   10 43 
   1 81    2 49    3 92    4 52    5 99    6 96    7 56    8 70    9 98   10  1 
   1 87    2  2    3 40    4 89    5 57    6  9    7 22    8 75    9 96   10 42 
   1  9    2 73    3 85    4 68    5 12    6 58    7 11    8 60    9 77   10 75 
   1 42    2 61    3  6    4 12    5 56    6  5    7  6    8 75    9 44   10 80 
   1  6    2 11    3 31    4 75    5 77    6  6    7  7    8 65    9 80   10 12 
   1 63    2 33    3 92    4 13    5 23    6 68    7 86    8 53    9 34   10 91 
   1 79    2 99    3 41    4 21    5 41    6 49    7 23    8 89    9  7   10 43 
   1 19    2 93    3 63    4 20    5 26    6 10    7 64    8 46    9 69   10 53 
   1  5    2 64    3 21    4 62    5 63    6  4    7 32    8 28    9 57   10 83 
   1 62    2 58    3 54    4 95    5 39    6 50    7 58    8 93    9 54   10 29 
   1 65    2 62    3 69    4 10    5 28    6  2    7 45    8 86    9 15   10 71 
   1 57    2 91    3 46    4 46    5  3    6 72    7 78    8 93    9 54   10 59 
   1 13    2 43    3 10    4 88    5 35    6 40    7 17    8  1    9 45   10  2 
   1 89    2  1    3 28    4 53    5 55    6 76    7 60    8 40    9 88   10 98 
   1 56    2 95    3 97    4 35    5 33    6 14    7 29    8 68    9 92   10 85 
   1 46    2 50    3 66    4 75    5 72    6 74    7 71    8 79    9 88   10 26 
   1 52    2 69    3 72    4 30    5 23    6 22    7 18    8 97    9 59   10 73 
   1 60    2  9    3 14    4 20    5 37    6 66    7  6    8 31    9 89   10 52 
   1 79    2 58    3 88    4 92    5 14    6 78    7 67    8 85    9 48   10 87 
   1 44    2  2    3 14    4 25    5 90    6 94    7 61    8 92    9 63   10 76 
   1 52    2  2    3 53    4 16    5 60    6 43    7 92    8 53    9 92   10 93 
   1 98    2 55    3 65    4 66    5 16    6 36    7 75    8 21    9 17   10 70 
   1  4    2 39    3 98    4 15    5 27    6 58    7 12    8 39    9  5   10 25 
   1 64    2 48    3 25    4 29    5 49    6 78    7 91    8 85    9 88   10 40 
   1 95    2  5    3 62    4 84    5 21    6 20    7 10    8 40    9 58   10 45 
   1 22    2 56    3 75    4  1    5 76    6 98    7  7    8 58    9  3   10 49 
   1 24    2 84    3 53    4 39    5 54    6  2    7 84    8 95    9 79   10 64 
   1 29    2 92    3 78    4 25    5 78    6 53    7  2    8 90    9 46   10 93 

