ta084
100 20
   1  4    2 30    3 33    4 26    5 17    6 71    7 91    8  4    9 90   10 60   11 78   12 86   13 87   14 59   15 18   16  2   17 25   18 89   19 56   20 84 
   1 64    2 35    3 59    4  8    5 65    6 72    7 34    8  2    9 99   10 30   11 20   12 83   13  4   14  1   15 38   16 73   17 19   18  3   19 54   20 69 
   1 34    2 65    3 66    4 34    5 14    6 43    7 58    8 88    9 24   10 78   11 36   12  7   13 16   14  8   15 11   16 63   17 37   18 58   19 13   20 76 
   1 65    2 75    3 38    4 89    5 84    6 28    7 98    8 93    9 24   10 40   11 28   12 84   13  7   14 39   15 84   16 19   17 58   18 73   19 42   20 34 
   1 43    2 28    3 13    4 10    5  4    6 28    7  2    8 64    9 90   10 23   11 14   12 33   13  3   14 67   15 41   16 64   17 87   18 90   19 93   20 14 
   1 59    2  5    3 96    4 78    5 68    6 25    7 59    8 99    9 76   10 20   11 83   12 10   13 43   14 11   15 23   16 23   17 31   18 54   19 73   20 31 
   1 53    2 35    3 61    4 86    5 26    6 66    7 30    8 90    9 93   10 69   11 35   12 29   13 26   14 87   15  9   16 11   17 54   18 62   19  3   20 98 
   1 10    2 26    3 42    4 70    5 73    6 45    7 59    8 20    9 50   10 99   11 87   12 91   13 80   14 56   15 44   16 66   17 94   18 75   19 53   20 30 
   1 74    2 64    3 76    4 21    5 20    6 81    7 56    8  7    9 82   10 96   11  9   12 46   13 19   14 87   15  7   16 27   17 96   18 19   19 41   20 53 
   1 16    2 53    3 82    4 55    5 64    6 56    7 56    8 73    9 34   10 61   11 51   12 42   13 12   14 64   15 85   16 31   17 60   18 53   19 39   20 21 
   1 56    2 85    3 92    4 48    5 24    6 34    7 95    8 61    9 35   10 79   11  6   12  1   13 61   14 48   15 26   16 46   17 93   18 86   19 41   20 37 
   1 31    2 94    3 55    4 45    5 25    6 28    7 73    8 35    9 40   10  1   11 73   12 43   13 25   14 84   15 17   16 12   17 55   18 35   19 65   20 66 
   1 43    2 64    3 71    4 87    5 58    6 44    7 48    8 80    9 99   10 61   11 88   12 72   13 58   14  9   15 47   16 67   17 44   18 59   19 69   20 93 
   1 60    2 48    3 96    4 21    5 43    6  1    7 77    8 78    9 78   10 72   11 62   12 62   13 10   14  7   15  2   16 43   17 73   18 49   19 60   20 21 
   1 38    2 66    3 89    4 35    5 67    6 65    7 15    8 37    9 40   10 65   11 77   12 65   13  9   14 37   15 24   16 24   17 72   18 13   19 99   20 65 
   1  9    2 31    3 86    4 73    5  6    6 66    7 73    8 40    9 98   10 61   11 38   12 72   13 57   14 90   15 77   16 81   17 14   18 57   19 86   20 79 
   1 55    2 68    3 10    4 10    5 64    6 53    7 94    8 50    9  8   10 35   11 69   12 65   13 86   14 37   15 28   16 52   17 78   18 37   19 26   20 11 
   1 45    2 28    3 99    4 62    5  9    6 48    7 13    8 53    9 15   10  7   11 38   12 74   13 72   14 75   15  8   16 36   17 15   18 33   19 97   20 85 
   1 98    2 46    3 96    4 29    5 27    6 65    7 92    8 61    9 64   10 52   11 81   12 57   13 32   14 97   15  9   16 41   17 54   18 57   19 62   20 27 
   1 38    2  3    3 96    4 84    5 60    6 14    7 24    8  6    9 47   10 94   11 42   12 88   13 81   14 40   15 11   16 28   17 84   18 57   19 49   20 41 
   1  5    2 85    3 59    4 79    5 10    6 51    7 68    8 44    9 76   10 14   11 10   12 76   13 35   14 27   15 20   16 23   17 66   18 91   19 25   20 45 
   1 74    2 54    3 56    4 55    5 49    6  8    7 64    8 87    9 75   10 74   11 87   12 67   13  4   14 79   15  4   16 73   17 36   18 92   19 17   20 78 
   1 23    2 62    3 80    4 36    5 26    6 12    7 32    8 66    9 16   10 19   11 78   12 58   13 62   14 75   15 95   16 14   17 94   18 29   19 29   20 56 
   1 38    2 86    3 84    4 39    5 99    6 63    7 69    8 14    9 57   10 46   11 22   12 37   13  2   14 70   15 19   16 28   17 42   18 15   19 91   20 89 
   1 99    2 23    3 54    4  7    5 71    6  8    7 24    8 23    9 23   10  9   11 90   12 65   13 31   14 85   15 85   16 26   17  8   18 65   19 85   20 58 
   1 66    2 61    3  9    4 53    5 16    6 46    7 54    8  1    9 10   10 40   11 57   12 52   13 99   14 81   15 18   16 83   17 51   18 85   19 55   20 51 
   1 14    2 93    3 71    4 30    5 94    6 24    7 31    8 80    9 86   10 61   11  5   12 29   13 15   14 64   15 82   16 28   17 55   18  6   19 25   20 21 
   1  5    2 40    3 89    4 16    5 78    6 93    7 20    8 34    9 90   10 56   11 39   12 94   13 96   14 46   15 45   16 38   17 78   18 43   19 94   20 15 
   1  9    2 25    3 51    4 53    5 67    6 27    7 59    8 22    9 84   10 21   11 90   12 61   13 21   14 15   15  4   16  7   17 58   18 50   19 48   20 94 
   1 90    2 28    3 93    4 82    5 80    6  4    7 46    8 40    9 77   10 95   11 87   12 69   13 30   14 22   15 61   16 10   17 22   18 43   19 64   20 29 
   1 60    2 67    3 93    4 25    5 89    6 63    7 79    8 63    9 93   10  6   11 76   12 63   13 24   14  1   15 35   16 14   17 64   18 76   19 73   20 83 
   1 47    2 35    3 64    4 97    5 39    6 21    7 76    8 31    9 34   10 95   11 84   12 46   13 57   14 29   15 98   16 50   17 76   18 83   19 49   20 23 
   1 59    2 20    3 31    4 12    5 70    6  4    7 28    8 32    9 45   10 27   11 37   12 46   13 91   14  3   15 59   16 26   17 13   18 10   19 19   20 22 
   1 27    2 48    3 61    4  6    5 54    6 92    7 46    8 64    9 71   10 63   11 41   12 64   13  1   14  9   15 78   16 54   17 33   18 86   19 37   20 19 
   1 56    2 15    3 19    4 67    5 80    6 96    7 37    8 13    9 51   10 49   11 54   12 33   13 56   14 41   15 63   16 97   17 28   18  6   19 41   20 23 
   1  9    2 53    3 70    4 40    5 11    6 87    7  5    8  2    9 19   10 14   11 22   12 72   13 97   14  3   15  8   16  1   17 17   18 86   19 12   20 12 
   1  1    2 95    3 29    4 92    5 47    6 10    7 66    8 47    9 28   10 66   11 68   12  4   13 22   14 74   15 86   16 91   17 37   18 11   19  1   20 37 
   1 33    2 28    3 84    4  3    5 45    6 82    7 77    8 60    9 48   10  3   11  9   12 81   13 29   14 69   15 56   16 91   17 75   18 56   19 93   20 68 
   1 95    2 72    3 22    4 66    5 32    6 57    7 97    8 73    9 52   10  1   11 30   12 40   13 56   14 66   15  6   16  1   17 32   18 62   19 69   20 24 
   1 94    2 32    3 57    4  5    5 37    6 47    7 68    8 75    9 60   10 50   11 38   12 17   13  8   14 37   15 90   16 18   17 57   18 17   19 10   20  2 
   1 30    2 36    3 90    4  6    5 20    6 80    7 68    8 95    9 25   10  1   11 32   12 72   13 86   14 49   15 31   16  6   17 93   18 72   19 46   20 59 
   1 63    2 82    3 77    4 10    5 82    6 95    7 45    8 35    9 47   10 67   11 56   12 88   13 52   14 30   15 52   16 15   17 18   18 87   19 88   20 13 
   1 96    2 11    3 25    4 21    5 47    6 42    7 52    8 17    9 81   10 97   11 17   12 59   13 65   14  8   15 96   16 84   17 24   18 38   19 43   20 32 
   1 24    2 19    3 12    4 70    5 26    6 47    7 30    8 70    9  6   10 41   11 36   12 92   13 22   14 99   15  1   16 44   17 87   18 76   19 10   20 58 
   1 20    2 29    3 57    4 52    5 55    6 24    7 95    8  4    9 73   10 13   11 42   12 30   13 52   14 50   15 73   16 60   17 66   18 28   19 97   20 60 
   1 17    2  6    3 14    4 89    5 80    6 88    7 49    8 59    9 94   10 30   11 38   12 40   13 38   14 48   15 43   16 65   17 56   18 47   19 75   20 78 
   1 78    2 58    3 47    4 64    5 63    6 59    7 58    8 68    9 46   10 53   11 48   12 81   13 86   14 81   15 52   16  3   17 95   18 17   19 43   20 31 
   1  3    2 93    3 60    4  9    5 42    6 44    7 68    8 75    9  7   10 84   11 26   12 94   13 30   14 26   15 43   16  7   17 39   18 16   19 34   20 77 
   1 29    2 49    3 64    4 55    5  4    6 58    7 11    8 24    9 50   10 29   11 56   12 44   13 55   14  7   15 78   16 26   17 49   18 82   19 66   20  2 
   1  7    2 14    3 52    4 76    5 80    6 98    7 44    8 21    9 82   10 21   11 16   12 80   13 87   14 99   15 10   16 53   17 55   18 55   19 61   20 94 
   1 30    2 38    3 68    4 14    5 63    6 15    7 69    8 22    9 26   10 16   11 37   12 48   13 92   14 68   15 63   16 22   17 80   18 65   19 10   20 75 
   1 15    2 63    3 78    4 28    5 96    6  2    7 16    8  4    9 95   10 49   11 66   12  2   13 55   14 38   15 69   16 36   17  8   18 61   19 99   20 44 
   1 66    2 23    3 75    4 65    5 74    6 51    7  1    8  8    9 17   10 17   11 24   12 10   13 46   14 59   15 14   16 54   17 49   18 29   19  7   20 55 
   1 83    2 95    3 42    4 89    5 64    6 65    7 57    8  1    9 71   10 30   11 63   12 48   13 85   14 42   15 26   16 19   17 73   18  5   19 93   20 89 
   1 23    2 94    3 65    4 47    5 44    6 39    7 87    8 32    9 51   10 69   11 73   12 71   13 47   14 36   15 77   16 67   17 33   18 11   19 85   20 78 
   1 81    2 72    3  6    4  2    5 67    6 71    7  7    8 68    9 45   10 33   11 56   12 98   13 28   14 59   15 51   16  6   17 85   18 89   19 89   20 63 
   1 30    2 73    3  5    4 42    5 35    6  6    7 52    8 33    9 10   10 56   11 30   12 92   13  2   14 50   15  8   16  7   17 42   18 33   19 74   20 50 
   1 84    2 71    3 56    4 80    5 64    6 11    7 27    8 27    9 17   10 41   11  1   12 24   13 87   14 63   15 30   16 42   17 43   18 94   19 92   20 93 
   1 64    2 78    3 76    4  9    5 58    6 37    7 33    8 11    9 35   10 64   11 69   12 91   13 12   14 96   15 70   16 63   17 27   18 68   19 73   20 21 
   1 38    2  9    3 12    4  4    5 35    6 79    7 53    8 57    9 46   10  2   11 81   12 83   13 85   14 68   15 64   16 55   17  6   18 21   19 92   20  8 
   1 55    2 54    3 42    4 63    5 98    6 42    7 40    8 23    9 18   10 99   11 51   12  8   13 69   14 78   15 75   16 18   17 26   18 62   19  9   20 64 
   1 73    2 52    3 55    4 91    5 29    6 69    7 71    8 17    9 21   10 87   11 48   12 11   13 44   14 82   15 53   16 15   17 37   18 93   19  6   20 26 
   1 80    2 47    3 31    4 71    5  7    6 34    7 18    8 43    9 80   10 10   11 57   12 86   13 85   14 83   15  4   16 91   17 45   18 81   19 16   20 84 
   1 28    2 44    3 55    4 34    5 35    6  5    7 83    8 58    9 79   10 18   11 53   12  2   13 71   14 79   15 90   16 43   17 85   18 44   19 34   20  4 
   1 12    2 38    3 56    4 75    5 79    6 13    7  4    8  7    9 12   10 39   11 94   12 45   13 32   14 67   15 10   16 55   17 39   18 40   19 85   20 14 
   1  9    2 48    3 81    4 12    5 70    6 70    7 80    8 30    9 77   10 55   11 81   12 40   13 49   14 15   15 83   16 55   17 54   18  6   19 48   20 48 
   1 54    2 47    3 34    4 38    5 10    6 49    7 11    8 43    9 25   10 46   11 64   12 65   13 31   14 86   15 29   16 56   17 12   18 97   19 79   20 21 
   1  1    2 30    3 43    4  8    5 84    6 94    7 35    8 29    9 75   10 96   11 43   12 94   13  2   14 87   15 87   16  6   17 20   18 54   19 77   20  4 
   1 30    2 18    3  8    4  7    5  5    6 79    7 61    8 41    9 35   10 54   11 72   12 96   13 55   14 22   15 58   16 94   17 60   18 76   19 76   20 98 
   1 12    2 69    3 44    4 38    5 23    6 90    7 72    8 27    9 80   10 84   11 99   12 99   13 71   14 80   15 33   16 97   17 34   18 21   19 57   20 72 
   1 51    2 25    3 27    4 59    5 62    6 17    7 90    8 80    9 54   10 98   11 85   12 59   13 92   14 64   15 18   16 23   17 55   18 53   19 34   20 96 
   1 91    2 27    3 13    4 90    5 75    6 94    7 58    8 43    9 69   10  8   11 36   12 27   13 53   14 35   15 61   16 85   17 25   18 52   19 50   20 26 
   1 30    2 77    3 44    4 78    5  1    6 22    7 89    8 84    9 20   10 18   11 93   12 10   13 56   14 30   15 15   16 29   17 38   18 35   19 17   20 42 
   1  3    2 15    3 93    4 52    5 75    6 22    7 32    8 40    9 75   10 91   11  3   12 62   13 91   14 84   15 10   16 55   17 12   18 92   19 90   20 99 
   1 57    2 64    3 73    4 99    5 93    6 51    7 82    8 65    9 38   10  9   11 47   12 22   13 61   14 89   15 52   16 57   17 39   18 12   19  6   20 21 
   1  2    2 91    3 44    4  5    5 65    6 97    7 66    8 94    9 13   10 57   11 78   12 72   13 39   14 78   15 96   16 82   17 54   18 92   19 38   20 29 
   1 80    2 87    3 25    4  4    5 93    6 49    7 69    8 63    9 57   10 86   11 56   12 56   13 84   14 24   15  2   16 42   17 68   18 12   19 43   20 55 
   1 45    2 63    3 48    4 73    5 85    6 75    7 24    8 41    9 80   10 97   11 10   12 48   13 40   14 41   15 75   16 24   17 48   18 56   19 45   20 94 
   1  2    2 10    3 85    4 87    5 55    6 28    7 90    8 29    9 65   10 31   11 43   12 20   13 18   14 42   15 41   16 68   17 44   18 28   19 77   20 99 
   1 14    2 64    3 96    4 21    5  2    6  7    7 64    8 36    9 46   10 10   11  1   12 58   13 19   14 32   15 22   16 50   17 15   18  1   19 61   20  1 
   1 56    2 26    3 96    4 64    5 53    6 91    7 28    8 94    9 91   10 48   11 35   12 74   13 62   14 63   15 29   16 67   17 37   18  7   19 16   20 70 
   1 36    2 14    3 99    4 20    5 63    6 10    7 44    8 18    9 59   10 45   11 96   12 79   13 41   14 77   15 23   16 51   17 16   18 31   19 13   20 49 
   1 24    2 82    3 24    4 79    5 61    6 32    7 20    8 59    9 67   10 86   11 32   12 54   13 26   14 46   15 69   16 52   17 98   18 30   19  4   20 17 
   1 71    2 13    3 22    4 70    5  9    6 10    7 66    8 33    9  9   10 81   11 86   12 46   13  7   14 61   15 82   16 29   17 74   18 15   19 39   20 57 
   1  2    2 79    3 94    4 81    5 72    6 72    7 13    8 93    9  3   10 21   11 27   12 97   13 81   14 58   15 29   16 90   17 13   18 44   19 74   20 49 
   1 31    2 27    3 86    4 41    5 27    6 94    7 23    8 97    9 49   10 40   11 60   12  9   13 25   14 77   15 30   16 58   17 68   18 98   19 85   20 92 
   1 11    2 55    3 45    4 78    5 98    6 72    7 57    8 97    9  7   10 84   11  9   12 96   13 19   14 12   15  5   16 97   17 57   18 80   19 97   20 14 
   1 70    2 47    3 13    4 14    5 40    6 29    7 24    8 94    9 39   10 40   11 34   12 67   13 85   14 91   15 84   16 94   17 40   18 77   19 56   20 11 
   1 63    2 47    3 19    4 17    5  9    6 58    7 19    8 31    9 26   10 49   11 73   12 55   13 21   14 63   15 26   16  4   17 59   18 34   19 28   20 67 
   1 22    2 85    3 57    4 19    5 50    6 82    7 60    8 33    9 93   10 24   11 25   12 11   13  6   14 86   15  7   16 42   17 22   18 31   19 81   20 33 
   1 18    2 15    3 21    4 59    5 90    6 48    7 57    8 85    9 25   10 28   11 83   12 53   13 68   14 16   15 92   16 79   17 15   18  5   19 84   20 27 
   1 12    2 47    3 92    4 13    5 46    6 10    7 53    8 21    9 12   10 25   11 54   12 71   13 24   14 41   15 55   16 98   17 94   18 90   19 16   20 62 
   1 65    2 53    3 12    4 46    5 75    6 68    7 46    8 80    9 88   10 87   11 13   12  8   13 97   14 96   15 73   16 29   17 28   18 27   19  5   20 57 
   1 38    2 60    3 62    4 15    5 92    6 61    7 14    8  6    9 70   10 54   11 37   12 62   13 63   14 53   15 92   16  6   17 42   18 37   19 23   20 57 
   1 54    2 56    3 69    4 62    5  5    6 89    7 92    8 75    9 32   10 86   11  3   12 22   13 13   14 90   15 88   16 66   17 72   18 46   19 70   20 72 
   1 58    2  3    3 69    4 69    5 49    6 32    7 66    8 65    9 14   10 10   11  2   12 57   13 48   14  2   15 27   16 89   17 91   18 68   19 58   20 68 
   1  6    2 78    3 91    4 51    5  9    6  5    7 91    8 62    9 30   10 79   11 48   12 65   13 98   14 95   15 11   16 42   17  1   18  4   19  9   20 18 
   1 37    2 66    3 27    4 76    5 34    6 50    7 13    8 48    9 63   10 23   11 17   12 91   13 24   14  3   15 74   16 84   17 58   18 82   19 81   20 33 
   1 30    2 58    3 25    4 91    5 95    6 83    7 73    8 22    9 58   10  5   11 75   12 24   13 37   14 82   15 33   16 34   17 67   18 26   19 60   20 93 
   1 65    2 27    3 81    4 38    5 79    6 38    7 92    8 68    9 28   10 39   11 66   12  9   13 64   14 19   15  6   16 84   17 32   18 23   19 65   20 84 

