ta089
100 20
   1 28    2 54    3 92    4 60    5 44    6 27    7 67    8 74    9 67   10 58   11 39   12 10   13 20   14 96   15 34   16 87   17 45   18 62   19 15   20 29 
   1 25    2 54    3 47    4 59    5 12    6 70    7 15    8 39    9 23   10 59   11 18   12 22   13 29   14 20   15 62   16 47   17 25   18 61   19 94   20 41 
   1 61    2 63    3 70    4 50    5 19    6 48    7 52    8 70    9 25   10 41   11 75   12  6   13 50   14 20   15 86   16 11   17 46   18  2   19  8   20 93 
   1  9    2 93    3 22    4  9    5 86    6 24    7 36    8 78    9 92   10 23   11 33   12 39   13  6   14 25   15 58   16 84   17 38   18 67   19 91   20 48 
   1 69    2 38    3 31    4 17    5 17    6 73    7 83    8 72    9 50   10 18   11 91   12 59   13 49   14 82   15  5   16 54   17 26   18  9   19  7   20 35 
   1 77    2 71    3 11    4 53    5 49    6 82    7 78    8 70    9  8   10 30   11 20   12 27   13 95   14  1   15 41   16 88   17 37   18 41   19 47   20 75 
   1 21    2 28    3 69    4  7    5 61    6 14    7 42    8 29    9 78   10 39   11  2   12 42   13 38   14  3   15 38   16 83   17 28   18 30   19 61   20 36 
   1 40    2 94    3 72    4 43    5 81    6 32    7 27    8 69    9 46   10 54   11 91   12 27   13 34   14 76   15 84   16  3   17 68   18 94   19 40   20  8 
   1 98    2 46    3 44    4 61    5 37    6 50    7 90    8 94    9  3   10  9   11 18   12  3   13 71   14 37   15 67   16 39   17 68   18 17   19 49   20 49 
   1 65    2 31    3 64    4 61    5 10    6 69    7 11    8 28    9 44   10 65   11  6   12 79   13 50   14 75   15 62   16 13   17 17   18 98   19 43   20 51 
   1 54    2 11    3 95    4 80    5 48    6 98    7 14    8 38    9 84   10 72   11  2   12 34   13 83   14 73   15 73   16 33   17 49   18 49   19 96   20 22 
   1 75    2 46    3 99    4  1    5  9    6 59    7 97    8 55    9 21   10 90   11 40   12 77   13 45   14 80   15 77   16 58   17 85   18 45   19 84   20 83 
   1 57    2 35    3 88    4 37    5 49    6 45    7 91    8 75    9 48   10 31   11 10   12 92   13 48   14 59   15 11   16 46   17 69   18 16   19 44   20 54 
   1 49    2 99    3 83    4 84    5 49    6 66    7 50    8 43    9 15   10 27   11 48   12 97   13 65   14 63   15 10   16 32   17 49   18 85   19 89   20 59 
   1 13    2 30    3 38    4 47    5 56    6 66    7 10    8 82    9 76   10 28   11 65   12 27   13 46   14 51   15 20   16 87   17 41   18 39   19 68   20 61 
   1 31    2 73    3 13    4 18    5 44    6 43    7 64    8 15    9 11   10 66   11 67   12 68   13 24   14 66   15 93   16 67   17 29   18 38   19 95   20 34 
   1 76    2 60    3  9    4 41    5 11    6 17    7 90    8 55    9 80   10  5   11 36   12 29   13 44   14 90   15 40   16 52   17  5   18 13   19 94   20 45 
   1 94    2 30    3 92    4 26    5 86    6 69    7 27    8 91    9 82   10 45   11 83   12 36   13 76   14 58   15 80   16 24   17 87   18 61   19 54   20  4 
   1 28    2  7    3 74    4 89    5 29    6 66    7 69    8 96    9  2   10 31   11 14   12 21   13 42   14 24   15  5   16 18   17 73   18 52   19 40   20 87 
   1 42    2 63    3 28    4 54    5 71    6 64    7 23    8 74    9 84   10 10   11 84   12 37   13 51   14 69   15 37   16 60   17 52   18 63   19 30   20 61 
   1 81    2 43    3 23    4  5    5 23    6 90    7 60    8 30    9 90   10 67   11 65   12 24   13  9   14  7   15 33   16 71   17 94   18 83   19 21   20 96 
   1 97    2 29    3 33    4 27    5 15    6 60    7  7    8 68    9  8   10 21   11  1   12 53   13 56   14 74   15 70   16 50   17 56   18 60   19 49   20  9 
   1 33    2 96    3 44    4 80    5 62    6 31    7 95    8 14    9 61   10 25   11 77   12 26   13 17   14 48   15 32   16 68   17 94   18 46   19  3   20 99 
   1  5    2 25    3 77    4 42    5 73    6 36    7 56    8 36    9 53   10 14   11 35   12 45   13 39   14 61   15 15   16 42   17 44   18 56   19 17   20 39 
   1 88    2 73    3 62    4 46    5 84    6 25    7 89    8 74    9 84   10  9   11 42   12 99   13 79   14 33   15 28   16 41   17 55   18 70   19 72   20 83 
   1 29    2 19    3 59    4 93    5 93    6 89    7 14    8 83    9  2   10  4   11 99   12  8   13 27   14 66   15 99   16 50   17 41   18 55   19 84   20 14 
   1 99    2 65    3 53    4 13    5 38    6  5    7 78    8 43    9 86   10  8   11 82   12 53   13 39   14 25   15 50   16 31   17 21   18 75   19 98   20 37 
   1 77    2 98    3 13    4 53    5 60    6 32    7 48    8 78    9 91   10 19   11 26   12 33   13 62   14 31   15 86   16 69   17  3   18 42   19 23   20 86 
   1 51    2 93    3 75    4 33    5 35    6 48    7 11    8 48    9 67   10 64   11 39   12 24   13 57   14  1   15 82   16 10   17 90   18 62   19 42   20 49 
   1 39    2 52    3 67    4 88    5 83    6 47    7 16    8 72    9 86   10 35   11 18   12 77   13 56   14 73   15 85   16 42   17 32   18 85   19 16   20 84 
   1 54    2 62    3 97    4 40    5 56    6 73    7 61    8 64    9 92   10 53   11 74   12 78   13 13   14 89   15 28   16 29   17 76   18 51   19 80   20 21 
   1 90    2 84    3 25    4 89    5 61    6  8    7 76    8 83    9 95   10 81   11 75   12 96   13 32   14 83   15 68   16 96   17 20   18 16   19 30   20 78 
   1 30    2 27    3 36    4 89    5 85    6 51    7 35    8 61    9 29   10 93   11 46   12 71   13 88   14 87   15 85   16 27   17 28   18 31   19 12   20 93 
   1 54    2 15    3 85    4 73    5 40    6 24    7 32    8 31    9 24   10 22   11 88   12 78   13 18   14 16   15 98   16 43   17 32   18 44   19 65   20  5 
   1 76    2 17    3 96    4  9    5 77    6 51    7 63    8 16    9 79   10 26   11 63   12  4   13 52   14 56   15 18   16 31   17  5   18 58   19 24   20 14 
   1 65    2 86    3 77    4 88    5 67    6 68    7 33    8  6    9 30   10 20   11 25   12  8   13 73   14 29   15 51   16 61   17 57   18 92   19  7   20 23 
   1 10    2 18    3 34    4 94    5 58    6 97    7 34    8 72    9 97   10 61   11 76   12 11   13 10   14 22   15 74   16 45   17 30   18 23   19 40   20 73 
   1 70    2 83    3 24    4 69    5 41    6 49    7  4    8 25    9  9   10  2   11 85   12 65   13 63   14 71   15 79   16 26   17 70   18 66   19 70   20 76 
   1 78    2 69    3 82    4 72    5 99    6 32    7 97    8 85    9 32   10 97   11 56   12 68   13  1   14 92   15 97   16  7   17 95   18 88   19 93   20 79 
   1 29    2 33    3 39    4 83    5 96    6 88    7 34    8 89    9 35   10  2   11 24   12 53   13 58   14 11   15 19   16 28   17 75   18 88   19 49   20 22 
   1 59    2  8    3 36    4 60    5  3    6 59    7 58    8 68    9 35   10 47   11 50   12  6   13 66   14 29   15 92   16 63   17 39   18 96   19 89   20 94 
   1 16    2 27    3 13    4 43    5 36    6 96    7 59    8 83    9 40   10 23   11 43   12 36   13 25   14 26   15 87   16 23   17 26   18 53   19 17   20 68 
   1 13    2 43    3  6    4 87    5 33    6 45    7 51    8 14    9 82   10 27   11 68   12 73   13 14   14 82   15 69   16 33   17 92   18  1   19 95   20 39 
   1 29    2 92    3  8    4 53    5  8    6 49    7  7    8 55    9 17   10 21   11 42   12 27   13 31   14  4   15 42   16 93   17 10   18 56   19 33   20 50 
   1 64    2 33    3 26    4 10    5 40    6 73    7 54    8 97    9 96   10 36   11 49   12 72   13  3   14 38   15  3   16 67   17 32   18 37   19 68   20 31 
   1 69    2 26    3  2    4 79    5 43    6 91    7  8    8  3    9 36   10 62   11 93   12  9   13 85   14 64   15 12   16 89   17 53   18 82   19 97   20 30 
   1  4    2 68    3 52    4 59    5 16    6  4    7 42    8 16    9 60   10 29   11 78   12 18   13 20   14 90   15 81   16 75   17 62   18 24   19 73   20 38 
   1  1    2 44    3 41    4 71    5 75    6 79    7 94    8 89    9 88   10 17   11 43   12 26   13 89   14 54   15 97   16 50   17 35   18 44   19  8   20 43 
   1 95    2 78    3 20    4 65    5 15    6 35    7 26    8 14    9 12   10  3   11 36   12 16   13 15   14  6   15 26   16 65   17 45   18 15   19 68   20 40 
   1 16    2 37    3 53    4 25    5 81    6 37    7 69    8  1    9 76   10 70   11 51   12 64   13 50   14 85   15 77   16  9   17 27   18 16   19 54   20 56 
   1 30    2 81    3 45    4 36    5 43    6 42    7 35    8  6    9 94   10 14   11 45   12 37   13 44   14 58   15 69   16 56   17 88   18 15   19 95   20 31 
   1 40    2 74    3 70    4 88    5 88    6 95    7 19    8 96    9 78   10 44   11 72   12 53   13  3   14  7   15 67   16 12   17 35   18 81   19  6   20 23 
   1 92    2 75    3 51    4 37    5 23    6 84    7 94    8  8    9 22   10 73   11 74   12 87   13 12   14 94   15  4   16 36   17 53   18 56   19  1   20 85 
   1 77    2  7    3 83    4  7    5  1    6 53    7 26    8 13    9 74   10 89   11 36   12 68   13 73   14  5   15 68   16 19   17 13   18 35   19 43   20 94 
   1 67    2 23    3 54    4 11    5  4    6 27    7 93    8 32    9  2   10 71   11 35   12 64   13 61   14  6   15 51   16 50   17  7   18 27   19 19   20 55 
   1 93    2 24    3 62    4 61    5 10    6 61    7 88    8 64    9 99   10 21   11 41   12 47   13 34   14  5   15 49   16 60   17 74   18 43   19 48   20 94 
   1 80    2 21    3 68    4 66    5  2    6 79    7 81    8 67    9 74   10 90   11 36   12 72   13 52   14 71   15 18   16 69   17  5   18 65   19 38   20 78 
   1 88    2 73    3 43    4 15    5 39    6 15    7  2    8 20    9 51   10 28   11  3   12 85   13 37   14 94   15 24   16 32   17 77   18 18   19 17   20 81 
   1 48    2 27    3 28    4 47    5 97    6 64    7 78    8 37    9 77   10 36   11 13   12 89   13 61   14 59   15 49   16 17   17 91   18 91   19 50   20 34 
   1  7    2 91    3 28    4  8    5 11    6 63    7 31    8 63    9 61   10 13   11 24   12 94   13 27   14 51   15 73   16 64   17 77   18  5   19 97   20 77 
   1 96    2  8    3 62    4 50    5 28    6 83    7 60    8 63    9 53   10 85   11 34   12 31   13 28   14  6   15 79   16 64   17 53   18 72   19 76   20 77 
   1 33    2 47    3 56    4 47    5 27    6 45    7 44    8 94    9 29   10 82   11 34   12 86   13 24   14 79   15 81   16 40   17 74   18 25   19 41   20 56 
   1  8    2 65    3 79    4  4    5 19    6 14    7 51    8 97    9 97   10 57   11 22   12  1   13 35   14 30   15 92   16 31   17 68   18  3   19 98   20 47 
   1 40    2 36    3 15    4 74    5  6    6 71    7 99    8 74    9 28   10  1   11 17   12 40   13 26   14 61   15 57   16 59   17 39   18 15   19 94   20  3 
   1  4    2 87    3 53    4  4    5 50    6 89    7 70    8 23    9 84   10 72   11 14   12 21   13 32   14 83   15 39   16 82   17 95   18 62   19 77   20 65 
   1 55    2  5    3 70    4 11    5  3    6 56    7  3    8 34    9 87   10  7   11 17   12 10   13 48   14 89   15 15   16  6   17 32   18 35   19  9   20 17 
   1 43    2 91    3 90    4 69    5 61    6 55    7 44    8  8    9 31   10 25   11 60   12 72   13 16   14 96   15 56   16 26   17 57   18  7   19 81   20 21 
   1 73    2 17    3 86    4 52    5 52    6  6    7 30    8 64    9  2   10 97   11 44   12 21   13 30   14 54   15 36   16 43   17 48   18 43   19 53   20 81 
   1 90    2 82    3 23    4 17    5 91    6 74    7 75    8 99    9 19   10 90   11 99   12 97   13  3   14 85   15 31   16 34   17 43   18 57   19 75   20 72 
   1 68    2 26    3 94    4 61    5 53    6  4    7 35    8 78    9 33   10 51   11 64   12 96   13 69   14 88   15 60   16 48   17  9   18 39   19 40   20 30 
   1 79    2 89    3  2    4 29    5  5    6 90    7  1    8 11    9 26   10 28   11 55   12 15   13 42   14 46   15 89   16 68   17 66   18  8   19 48   20 44 
   1 50    2 73    3 73    4 39    5 64    6 73    7 99    8 90    9 22   10 83   11 67   12 66   13 14   14 80   15 64   16 74   17 15   18 31   19 30   20 13 
   1 62    2 90    3 13    4 67    5 69    6 34    7 57    8 61    9 28   10 91   11 78   12 51   13 56   14 19   15 36   16 86   17 64   18 42   19 49   20 90 
   1 47    2 10    3 59    4 28    5 99    6 16    7 18    8 38    9 25   10 80   11 12   12 10   13 45   14 67   15 72   16 51   17 45   18  6   19 66   20 77 
   1 22    2 63    3 30    4 22    5 32    6 10    7 85    8 30    9 29   10  9   11 96   12 55   13 61   14  8   15 42   16 43   17 86   18  5   19 56   20 22 
   1 54    2 81    3 47    4 90    5 43    6  7    7 16    8 61    9  6   10 59   11 13   12  8   13 58   14 78   15 19   16 18   17 56   18 79   19 39   20 75 
   1 94    2  1    3 62    4 51    5 99    6 14    7 17    8 76    9 16   10 27   11 53   12 22   13 30   14 58   15 67   16 27   17 71   18 56   19 68   20 87 
   1 23    2 51    3 22    4 66    5 29    6 11    7 62    8 69    9 51   10 69   11 70   12 72   13 31   14 41   15 78   16 57   17 62   18 20   19 69   20 24 
   1 14    2 65    3 73    4 58    5 73    6 52    7 77    8 97    9 47   10  2   11 80   12 23   13 44   14 51   15 12   16 59   17 71   18 85   19 32   20 83 
   1 60    2 24    3 22    4 63    5 14    6  5    7 62    8 45    9 26   10 41   11 52   12 45   13 51   14 74   15 57   16 33   17 78   18 94   19 70   20 21 
   1 13    2 22    3 46    4 43    5 79    6 50    7 51    8 38    9 44   10 81   11 77   12 90   13 17   14 70   15 26   16 21   17 13   18 94   19 49   20 41 
   1 22    2 98    3 81    4 77    5 54    6 48    7  6    8 36    9 83   10  8   11 17   12 75   13 94   14 38   15 28   16 98   17 73   18 80   19 70   20 22 
   1 57    2 93    3 13    4 93    5 46    6 43    7 49    8  3    9 66   10 24   11 79   12 42   13 85   14 24   15 57   16 96   17 40   18 58   19 54   20 40 
   1 23    2 99    3 38    4  8    5 33    6 11    7 45    8 30    9 78   10 82   11 51   12 92   13  3   14 52   15 74   16 79   17  4   18 63   19 60   20 33 
   1 97    2 72    3 31    4 29    5 87    6 99    7 88    8 26    9 60   10 35   11 77   12 57   13 59   14 17   15  8   16 91   17 29   18 60   19 28   20 73 
   1 11    2 57    3 83    4 98    5 28    6 86    7 97    8 45    9 22   10 72   11 99   12  1   13 54   14 93   15 30   16 91   17 83   18 79   19 39   20 33 
   1 53    2 67    3 37    4 98    5 78    6 70    7 52    8 85    9 41   10 76   11 12   12 44   13 36   14 95   15 31   16 89   17 63   18 26   19 71   20 41 
   1  3    2 60    3 59    4 17    5 27    6 77    7 57    8 33    9 66   10 91   11 13   12 21   13 42   14 35   15 36   16 92   17 90   18 19   19 68   20  5 
   1 18    2  2    3 98    4 56    5 53    6 39    7 45    8 11    9 64   10 18   11 35   12 52   13 96   14 22   15 84   16 30   17 67   18  4   19 95   20 47 
   1 66    2 48    3 21    4 19    5 11    6 21    7 20    8 83    9  3   10 45   11 20   12 96   13 69   14 54   15 82   16 36   17 18   18 58   19 72   20 69 
   1 75    2 72    3 65    4 53    5 99    6 27    7 78    8 97    9 17   10 83   11  6   12 24   13 80   14 31   15 49   16 28   17 40   18 67   19 21   20  1 
   1 51    2 93    3  8    4  4    5 45    6 82    7 21    8 67    9 78   10 95   11  6   12 69   13 26   14  3   15 35   16 31   17 98   18 55   19 46   20 80 
   1 81    2 75    3 50    4 98    5  8    6 42    7 24    8 76    9 48   10 29   11 91   12 76   13 33   14 34   15 83   16 25   17 94   18 79   19 17   20  9 
   1 90    2 45    3 27    4 12    5 64    6 81    7 32    8 28    9 56   10 69   11 66   12 61   13  2   14 43   15 69   16 79   17 84   18 53   19 85   20 88 
   1 17    2 41    3 29    4 65    5 77    6 72    7  6    8 15    9 20   10 14   11 73   12 59   13 61   14 20   15  1   16 45   17 96   18 39   19 92   20 91 
   1  6    2 96    3  1    4 53    5 29    6 92    7 54    8 90    9 36   10  5   11 88   12 87   13 47   14 73   15 69   16 43   17 81   18 13   19 79   20 16 
   1 79    2 20    3  2    4 23    5 94    6 58    7 91    8 12    9 91   10 92   11 25   12 81   13  6   14 87   15 50   16 80   17 73   18 34   19 57   20 65 
   1 71    2 31    3 19    4 72    5 16    6 93    7 73    8 88    9 95   10 17   11 16   12 94   13 95   14 29   15  9   16 30   17 54   18 12   19  7   20  4 
   1 97    2 94    3 22    4  7    5 45    6 61    7 47    8  9    9 81   10 93   11 37   12 50   13 48   14 51   15 52   16 29   17 38   18 28   19 81   20 85 
   1 76    2 45    3 42    4 75    5 30    6 68    7 58    8 99    9 98   10 55   11 58   12 33   13 44   14 70   15 99   16 48   17 36   18 57   19 73   20  6 

