ta083
100 20
   1  9    2 66    3 79    4 83    5 44    6 67    7 84    8 92    9 35   10 29   11 18   12 14   13 75   14 69   15 89   16 44   17 52   18 96   19 32   20 11 
   1 93    2 63    3  2    4 35    5 40    6 64    7  1    8  8    9  3   10 98   11 77   12 17   13 43   14 28   15 41   16  8   17 89   18 51   19 78   20 82 
   1 84    2 88    3 54    4 53    5 27    6 92    7 47    8 79    9  9   10 45   11 73   12 31   13 70   14 95   15 16   16 16   17 39   18 53   19 84   20 26 
   1 58    2 45    3 78    4  1    5 41    6 35    7 60    8  5    9 71   10 66   11 91   12 37   13 11   14 38   15  7   16 93   17 71   18 95   19 27   20 57 
   1 14    2 52    3 71    4 35    5  9    6 55    7 31    8 72    9 99   10 64   11 96   12 85   13 64   14 89   15 84   16 93   17 72   18 76   19 32   20 33 
   1 31    2 89    3 65    4 67    5 77    6 99    7 76    8 77    9 89   10 86   11 10   12 84   13 88   14 19   15 53   16 64   17 71   18 95   19 84   20 21 
   1 19    2 83    3 95    4 26    5 98    6 23    7 12    8 60    9 92   10 75   11 58   12  7   13 94   14  6   15 56   16 65   17 68   18 50   19 74   20 37 
   1 16    2 80    3 21    4 13    5 64    6 52    7 75    8 21    9 60   10 64   11 70   12 54   13  9   14 52   15 71   16  1   17 42   18 52   19 72   20 67 
   1 41    2 58    3 18    4 52    5 14    6 30    7 90    8 23    9 44   10 83   11 42   12 40   13 29   14 70   15 40   16 40   17 94   18 27   19 85   20 22 
   1  9    2 52    3 54    4 31    5  2    6  6    7 72    8 51    9 59   10 12   11 21   12 95   13 58   14  4   15 17   16 74   17 83   18 97   19 60   20 33 
   1 67    2 21    3  1    4 11    5 19    6 81    7  8    8 16    9  8   10 69   11 11   12 97   13 90   14 81   15 33   16 59   17 14   18 96   19 55   20 47 
   1 74    2 34    3 87    4 37    5  9    6 91    7 86    8 73    9 51   10  7   11 88   12 44   13 78   14  1   15  3   16 21   17 76   18 88   19 60   20  3 
   1 85    2 96    3 29    4 13    5 19    6 89    7 86    8 59    9 60   10 27   11 91   12  4   13 63   14 36   15 51   16 79   17 90   18 92   19  8   20 55 
   1 90    2 69    3 19    4 73    5 28    6 45    7 70    8 20    9 35   10 20   11 78   12 46   13 34   14 30   15 76   16  9   17 14   18 33   19 34   20 19 
   1 77    2 81    3 38    4 37    5 69    6 33    7 46    8 83    9  5   10 92   11 70   12 10   13 71   14 13   15  2   16  2   17 83   18 23   19 54   20 61 
   1 40    2 65    3 44    4 56    5 90    6 55    7 52    8  9    9 81   10 28   11 53   12 63   13 49   14 90   15 63   16 70   17  3   18 38   19 47   20 38 
   1 33    2 61    3 46    4 55    5 71    6 74    7 31    8 60    9 67   10 36   11 51   12 76   13 69   14 30   15 84   16 88   17  1   18 37   19 60   20 63 
   1 42    2 82    3 25    4 81    5 83    6 46    7 36    8 68    9 70   10  2   11 96   12 23   13 97   14 66   15 55   16  3   17 12   18 11   19  8   20 42 
   1 74    2 75    3 48    4 61    5  2    6 50    7 10    8 14    9 79   10 86   11 27   12 95   13 10   14 28   15  3   16 95   17 51   18  6   19 39   20 20 
   1 16    2 61    3 66    4 75    5 16    6 29    7 19    8 67    9  7   10 71   11 47   12 73   13 43   14 36   15 82   16 77   17 46   18 55   19 42   20 62 
   1 45    2 22    3 81    4 34    5  9    6  2    7 85    8 86    9 51   10 34   11 30   12 78   13 22   14 38   15 46   16 76   17  2   18 40   19 10   20 45 
   1 62    2 52    3 42    4  2    5 60    6 80    7 49    8 35    9  1   10 74   11 37   12 46   13 16   14 48   15 58   16 94   17 92   18  1   19 62   20 78 
   1 44    2 10    3 48    4 29    5  1    6 12    7 61    8 58    9 38   10 86   11 63   12 40   13 31   14 97   15 24   16 90   17 23   18 69   19 52   20 57 
   1 68    2 50    3 34    4  2    5 44    6 63    7 10    8 13    9 91   10 68   11 61   12 34   13 22   14 56   15 57   16 67   17 69   18 96   19 65   20 31 
   1 76    2 30    3 73    4 60    5 25    6 96    7 26    8 55    9  3   10 94   11 73   12 92   13 62   14 92   15 59   16 27   17 65   18 76   19 32   20 33 
   1 76    2 84    3 32    4 17    5 86    6 88    7 38    8 57    9 88   10 78   11 80   12 42   13 14   14 93   15 86   16 18   17 30   18 46   19 61   20 71 
   1 78    2 86    3 68    4 55    5 45    6 47    7 97    8 14    9 88   10 38   11  5   12 56   13 11   14 81   15 39   16 49   17 48   18 66   19  9   20 73 
   1 29    2 16    3 60    4  3    5 68    6 21    7 71    8 79    9  6   10 77   11 82   12  4   13 46   14 24   15 55   16  3   17 70   18  8   19 25   20 87 
   1 15    2 54    3 63    4 94    5  1    6 30    7 34    8 72    9 68   10 69   11 49   12 63   13 85   14 38   15 69   16 79   17 15   18 84   19 15   20 46 
   1 30    2 54    3 49    4 70    5 56    6 44    7 74    8 27    9 26   10 56   11 11   12 93   13 59   14 39   15 36   16 12   17 62   18 62   19 56   20 21 
   1 93    2 70    3 19    4 35    5 64    6 64    7 12    8 42    9 38   10 12   11 79   12 72   13 73   14 33   15 98   16  6   17 48   18 95   19  3   20 52 
   1 16    2 37    3 54    4 71    5  7    6 51    7 77    8 59    9 93   10 64   11 78   12 63   13 22   14  7   15 82   16 72   17 19   18 30   19 13   20 95 
   1 38    2 18    3 14    4 62    5 68    6 95    7 16    8 58    9 89   10 99   11 57   12 62   13 70   14 75   15 44   16 46   17 49   18 20   19 59   20 66 
   1 27    2 96    3 40    4 92    5 96    6 57    7 55    8 36    9 85   10 41   11 47   12 30   13 52   14 43   15 70   16  7   17  5   18 90   19 95   20 24 
   1 32    2 80    3 83    4 39    5 30    6 96    7 90    8 63    9 82   10 25   11 91   12 91   13 70   14 92   15 67   16 56   17 22   18 66   19 93   20 27 
   1 31    2 80    3 66    4 47    5 62    6 62    7 61    8  1    9 99   10 58   11 92   12 96   13 45   14 44   15 74   16 33   17 45   18 76   19 49   20 63 
   1 88    2 21    3 27    4 10    5 32    6 11    7 43    8 45    9 47   10 20   11 94   12 53   13 45   14 35   15 61   16 59   17 15   18 46   19 67   20 48 
   1 79    2 58    3 89    4 72    5 25    6  8    7 42    8 10    9 60   10 86   11 33   12 19   13 37   14  2   15 38   16 86   17 29   18 38   19 17   20 43 
   1 86    2 70    3 69    4  5    5 27    6 92    7 81    8  8    9  4   10 58   11 52   12 40   13  2   14 96   15 87   16 33   17 65   18 41   19 39   20 87 
   1 61    2 71    3 34    4 40    5 97    6  1    7  1    8 66    9 41   10 13   11 12   12 14   13 90   14 28   15 35   16 28   17 72   18 83   19 91   20 44 
   1 30    2 62    3 27    4  1    5 54    6 51    7  8    8 62    9 86   10 20   11 37   12 16   13  2   14 13   15 37   16 84   17 45   18 43   19 60   20 87 
   1 55    2  4    3  3    4 15    5 28    6 32    7 51    8 95    9 12   10 11   11 47   12 66   13 40   14 67   15 98   16 59   17 53   18 37   19 90   20 58 
   1  8    2  1    3 97    4 67    5 65    6 96    7 16    8 88    9 19   10 33   11 39   12 54   13 70   14 61   15 26   16 54   17  8   18 93   19 94   20 24 
   1 90    2  4    3 40    4 10    5  7    6 88    7 14    8 69    9 80   10 55   11  4   12 54   13 93   14 71   15 49   16 99   17 11   18 80   19 53   20 50 
   1 70    2 69    3 57    4 31    5 71    6 15    7 25    8 38    9 37   10  5   11 50   12 64   13 44   14 20   15 12   16 30   17 21   18 68   19 25   20 33 
   1 58    2 70    3  3    4 40    5 74    6  5    7 92    8 30    9 55   10 71   11 90   12 86   13 71   14 54   15 52   16 14   17 46   18 92   19 12   20 62 
   1 35    2 77    3 45    4  7    5  8    6 56    7 98    8 60    9 59   10 62   11 58   12 31   13 83   14 53   15 49   16 65   17 95   18 94   19 63   20 56 
   1 11    2 28    3 42    4 54    5 46    6 68    7 28    8 33    9 55   10 50   11 46   12 99   13 13   14 75   15 92   16 34   17 42   18 21   19 75   20 86 
   1 66    2 47    3  1    4 86    5 76    6 10    7 97    8 87    9 26   10 93   11 14   12 10   13  3   14 58   15 43   16  6   17 66   18 68   19 63   20 58 
   1 63    2 78    3 63    4  4    5 45    6 89    7 38    8 91    9 40   10 74   11 84   12  2   13 99   14 74   15 75   16 91   17 23   18 53   19  7   20 42 
   1 26    2 64    3 14    4  2    5 11    6 43    7 95    8 48    9 22   10  6   11 97   12 74   13 27   14 65   15 83   16 89   17 39   18 76   19 80   20 84 
   1 92    2 58    3 29    4 89    5 92    6  4    7 78    8 46    9 72   10 39   11 49   12 29   13 98   14 21   15  3   16 80   17 86   18 40   19 16   20 35 
   1 29    2 47    3 53    4 36    5 54    6 51    7 48    8 18    9 90   10 90   11 33   12 77   13 62   14 60   15 99   16 34   17  4   18  4   19 39   20 91 
   1 98    2 17    3  5    4 33    5 31    6 84    7 66    8 31    9 39   10  5   11 48   12 14   13 17   14 72   15 87   16 35   17 95   18 89   19 37   20 49 
   1 59    2 67    3 71    4 98    5 51    6 35    7 18    8 22    9 60   10 81   11 68   12 30   13 35   14  4   15 60   16 91   17  8   18 52   19  7   20 52 
   1 18    2 84    3 44    4 70    5 48    6 53    7 19    8  2    9 14   10 28   11 36   12 14   13 71   14 85   15 92   16 44   17 41   18 54   19  1   20 86 
   1 39    2 59    3 57    4 91    5 27    6 82    7 25    8 96    9 92   10 33   11 66   12 48   13 94   14 47   15 75   16 52   17 85   18 87   19 38   20 45 
   1  1    2 51    3 77    4 64    5 55    6 41    7 79    8 56    9 47   10 78   11  6   12  1   13 58   14 80   15 53   16 73   17 66   18 86   19 48   20 62 
   1 27    2 47    3 43    4 41    5 39    6 62    7 90    8 17    9 90   10 95   11 54   12  4   13 77   14 71   15 30   16 93   17 68   18 20   19 38   20  3 
   1  4    2 61    3 59    4 19    5 71    6 78    7 26    8 49    9 43   10 82   11 16   12 71   13 29   14 26   15 59   16 98   17 37   18 15   19 39   20 50 
   1 38    2 51    3 25    4 24    5 18    6 72    7 48    8 87    9 15   10 38   11  7   12 54   13 61   14 73   15 95   16 30   17 51   18 61   19 83   20 83 
   1 42    2 97    3 52    4 84    5 48    6 32    7 81    8 35    9  8   10 41   11 35   12 30   13 41   14 36   15 85   16 20   17 46   18 25   19 27   20 57 
   1 69    2 65    3 19    4 50    5  8    6 17    7 95    8 69    9 24   10  4   11 64   12 42   13 47   14 38   15 63   16 58   17 93   18 85   19 14   20  8 
   1  4    2  7    3 34    4 51    5 35    6  9    7 37    8 66    9 93   10 94   11 18   12 43   13  2   14 13   15 21   16 34   17 59   18 58   19 46   20 88 
   1 68    2 71    3 16    4 60    5 62    6 67    7  6    8 69    9 40   10 44   11  8   12 33   13 16   14 66   15 78   16 14   17 14   18  6   19 46   20 10 
   1 30    2 75    3 38    4  3    5 52    6 74    7 86    8 30    9 68   10 10   11 61   12 32   13 41   14 82   15 72   16 46   17 25   18 40   19 59   20 88 
   1 39    2 47    3 61    4 56    5 65    6 27    7 83    8 30    9 68   10 28   11 41   12 12   13 59   14  2   15 87   16 61   17 71   18 98   19 12   20 50 
   1 75    2 83    3 53    4 79    5 95    6 55    7 67    8 77    9 67   10 33   11 65   12 68   13 27   14 76   15 52   16 73   17 15   18 93   19 20   20 22 
   1 87    2  1    3 36    4  8    5 55    6 76    7 74    8 98    9 41   10 66   11 71   12  8   13 18   14 29   15 39   16 87   17 89   18 78   19  7   20 49 
   1 45    2 46    3 87    4 34    5  7    6  1    7 91    8 55    9 72   10 16   11 34   12 82   13 33   14 90   15 93   16 41   17 94   18 55   19 85   20 44 
   1 83    2 54    3  3    4 93    5 37    6 41    7 99    8 78    9 72   10 45   11 35   12 27   13  1   14 36   15 22   16  9   17 61   18 75   19 74   20  6 
   1 30    2 76    3 56    4 79    5 91    6 73    7 55    8 45    9 73   10 51   11 92   12 59   13 99   14 32   15 82   16 57   17  5   18 97   19 49   20 26 
   1 55    2 54    3  1    4 72    5 91    6 89    7 79    8 84    9 44   10 89   11 70   12 20   13  3   14 84   15 21   16 82   17 45   18 52   19 48   20 34 
   1 37    2 59    3  4    4  7    5 73    6  2    7 46    8 47    9 34   10 69   11 65   12 60   13 15   14 78   15 65   16 17   17 52   18 27   19  6   20 40 
   1 31    2 37    3  4    4 90    5 56    6 45    7 10    8 58    9 24   10 23   11 76   12 76   13 45   14 94   15 81   16 19   17  9   18 32   19 73   20 26 
   1 74    2 47    3 98    4  2    5 22    6 99    7 52    8 24    9 19   10  9   11 71   12 44   13 82   14 45   15 59   16 32   17 70   18 81   19 57   20 49 
   1 49    2 55    3 90    4 76    5 98    6 37    7 22    8 56    9 27   10  8   11 81   12 29   13 20   14 14   15 73   16 47   17 50   18 73   19 44   20 93 
   1 18    2 76    3 23    4  1    5 96    6 74    7 39    8 50    9 31   10 43   11 32   12 68   13 11   14 72   15 74   16 89   17 44   18 29   19 41   20 77 
   1 76    2 75    3 78    4  7    5 82    6 95    7  8    8 53    9 80   10 64   11 27   12 24   13 90   14  3   15 33   16  2   17 79   18 34   19 35   20 38 
   1 46    2 23    3 64    4 57    5 84    6 78    7 13    8 12    9  4   10 15   11 95   12 46   13 65   14 18   15 53   16 94   17 64   18 35   19 68   20 15 
   1 78    2 41    3 90    4 19    5 31    6 48    7 32    8 43    9 94   10 15   11 49   12 94   13 73   14 58   15 47   16 17   17 47   18 78   19 61   20 50 
   1 99    2 28    3 18    4  2    5 44    6 95    7  4    8 73    9  3   10 26   11 51   12 79   13 71   14 87   15 69   16 98   17  4   18 29   19  1   20 15 
   1 58    2 78    3 19    4 11    5 19    6 11    7  7    8  3    9 31   10 48   11 65   12 68   13 26   14 30   15 11   16 13   17 59   18 45   19 16   20 22 
   1 84    2 58    3 67    4 84    5 60    6 28    7 47    8 32    9 38   10  9   11 17   12 49   13 97   14 73   15 31   16 84   17 45   18 25   19 37   20 88 
   1 89    2 51    3 82    4  9    5 19    6 21    7 34    8 91    9 44   10 11   11 91   12 85   13 50   14 71   15 69   16 12   17 91   18 54   19 70   20 42 
   1 74    2 40    3 16    4 88    5 56    6  8    7  1    8 25    9 87   10 56   11 23   12 87   13 43   14  5   15 67   16 66   17 35   18 74   19 26   20 63 
   1  1    2 16    3 53    4 50    5  6    6 88    7 12    8 44    9 77   10 75   11 17   12 17   13  7   14 77   15  3   16 90   17 71   18 77   19 76   20 56 
   1 86    2 21    3 18    4 52    5 45    6 29    7 93    8 55    9  2   10 75   11 19   12 99   13 78   14 60   15 21   16 86   17 63   18 85   19 87   20 61 
   1 95    2 88    3 17    4 49    5 24    6 60    7 62    8 97    9 66   10 63   11 28   12 76   13 27   14  6   15 29   16 83   17 94   18 64   19 42   20 64 
   1 58    2 59    3 25    4 10    5 10    6  2    7 11    8 10    9 20   10 17   11 70   12 81   13 50   14 61   15 28   16 75   17 86   18  2   19 26   20 63 
   1 17    2  3    3 71    4 23    5  6    6 47    7 81    8 42    9 79   10 93   11 67   12 52   13 70   14 23   15 45   16 67   17  3   18 27   19 22   20 30 
   1 18    2 39    3 12    4 30    5 44    6 15    7 26    8 73    9 89   10 38   11 40   12 24   13 65   14 29   15  2   16 33   17 77   18 81   19  2   20  4 
   1 70    2 73    3 24    4 75    5 57    6  1    7 31    8 74    9 90   10 22   11 81   12 57   13 96   14  2   15 53   16 40   17 37   18 17   19 81   20 21 
   1 49    2 34    3 32    4 43    5 43    6 64    7 41    8 16    9 84   10 22   11 54   12  8   13 27   14 67   15 36   16 56   17 84   18 31   19 55   20 95 
   1 21    2 45    3 44    4 88    5  1    6 55    7  5    8 47    9 40   10 17   11 52   12 36   13 66   14 69   15  5   16 21   17 50   18 37   19 12   20 20 
   1 43    2 20    3 39    4 66    5 42    6 32    7 40    8 68    9  8   10 24   11 38   12 67   13 18   14 38   15 79   16 43   17 97   18 20   19 47   20 30 
   1 26    2 66    3 40    4 23    5 20    6 49    7 11    8  9    9 65   10 93   11  6   12 57   13 96   14 37   15 76   16  1   17 21   18 69   19 26   20 86 
   1 67    2 35    3 47    4 34    5 83    6 20    7 56    8 92    9 80   10 17   11  8   12 66   13 66   14 80   15 32   16 92   17 42   18 59   19 91   20 95 
   1 66    2 96    3 53    4  1    5 57    6 33    7 67    8  4    9 50   10 48   11 31   12  5   13 82   14 51   15 87   16  4   17  6   18 39   19 37   20 82 
   1 89    2 24    3 75    4 82    5 34    6 68    7 49    8 48    9 89   10 27   11 98   12 69   13 23   14 34   15  4   16 44   17 19   18 13   19 41   20 10 

