ta088
100 20
   1 39    2 57    3 30    4 84    5 42    6 11    7  3    8 21    9 74   10 82   11 59   12 78   13 37   14 22   15 24   16 81   17 64   18 17   19 75   20 73 
   1 83    2  2    3 34    4 64    5 74    6 20    7 34    8 88    9 21   10 10   11 31   12 63   13 28   14 94   15 47   16 80   17 28   18 45   19 24   20 60 
   1 12    2 75    3 55    4 65    5  1    6  3    7 39    8 54    9 53   10 53   11 80   12 21   13 56   14 75   15 27   16 33   17 64   18 27   19 53   20 24 
   1 57    2 44    3 12    4 11    5 40    6 40    7 69    8 16    9 51   10 40   11 74   12 88   13 33   14 49   15 99   16  8   17 11   18 53   19 31   20 50 
   1 78    2 30    3 50    4 41    5  3    6 48    7  9    8  8    9 80   10 16   11  7   12 96   13 26   14  4   15 39   16 24   17 27   18 92   19 93   20 75 
   1 55    2 39    3 15    4 31    5 95    6 24    7 92    8 34    9 67   10 63   11 14   12 44   13 17   14 22   15 26   16 98   17 35   18  6   19 72   20 58 
   1 20    2 88    3  4    4  5    5 69    6 32    7 78    8 74    9 91   10 94   11 53   12 57   13 43   14 77   15 24   16 76   17 19   18 95   19 83   20 36 
   1 79    2 35    3 43    4 67    5 18    6 23    7 99    8 11    9 44   10  4   11 47   12 12   13 75   14 80   15 66   16 30   17 28   18 30   19 66   20 50 
   1 58    2 13    3 74    4 91    5 73    6 25    7 27    8 24    9 11   10 54   11 34   12  3   13 16   14 35   15 92   16 48   17 87   18  2   19 90   20 91 
   1 52    2 21    3 31    4 75    5 66    6 51    7 20    8 77    9 71   10 33   11 53   12 52   13 19   14 94   15 98   16 44   17 11   18  3   19 44   20 74 
   1 99    2 38    3 72    4 47    5 83    6 80    7 61    8 19    9 10   10 22   11 80   12 88   13 65   14 96   15 35   16 96   17 25   18 18   19 29   20 81 
   1 48    2  6    3 71    4 78    5 52    6 23    7 15    8 12    9 26   10 95   11  9   12 61   13 20   14 38   15 92   16 97   17 54   18 16   19 68   20 70 
   1 87    2 92    3 29    4 64    5 37    6 49    7 87    8 17    9 62   10 39   11  1   12 66   13 28   14 37   15 26   16  6   17 18   18 71   19 38   20 23 
   1 67    2 43    3 28    4 23    5 53    6 88    7 76    8  8    9 93   10 81   11 74   12 93   13 25   14 17   15 16   16 91   17 19   18 92   19 87   20 93 
   1 95    2 22    3 32    4 29    5 19    6 35    7 55    8 59    9  1   10 93   11 62   12 29   13 60   14 14   15 78   16 38   17 59   18 41   19 29   20 66 
   1 82    2 85    3 14    4 81    5  3    6 40    7 23    8  8    9  9   10 17   11  6   12 33   13 64   14 14   15 25   16 56   17 77   18  9   19 86   20 53 
   1 90    2 51    3 32    4 44    5 53    6 40    7 35    8 88    9 82   10 64   11 47   12 37   13  9   14 15   15 51   16 42   17 83   18 52   19 34   20 96 
   1 41    2 25    3  6    4 80    5  5    6 63    7 21    8 21    9 71   10 94   11 58   12 60   13 58   14 88   15 37   16 37   17 36   18 18   19 65   20 77 
   1 86    2 43    3 46    4 59    5 44    6 48    7 28    8 75    9 79   10 35   11 60   12  6   13  5   14 49   15 62   16  9   17 71   18 97   19 47   20 63 
   1 97    2  4    3 73    4 34    5 91    6 29    7 93    8 29    9 65   10 52   11 88   12  3   13 75   14  6   15 72   16 31   17 68   18  9   19 35   20 12 
   1 27    2 81    3 48    4 35    5 46    6 19    7 95    8 83    9 39   10 31   11  8   12 14   13 18   14 14   15 27   16 56   17 57   18 22   19 57   20 35 
   1 20    2 31    3 56    4 54    5 43    6  5    7 25    8 76    9  6   10 16   11 88   12 42   13 35   14 41   15 71   16 18   17 28   18 62   19 11   20 92 
   1 82    2 71    3 97    4 49    5 50    6 23    7 92    8 35    9  3   10 69   11 56   12 20   13 86   14  4   15 68   16 40   17 57   18 89   19 32   20 57 
   1 45    2 92    3 56    4 14    5 40    6 14    7  6    8 19    9 46   10 85   11 82   12 19   13 56   14 61   15 81   16 85   17 57   18 53   19 82   20 32 
   1 71    2 25    3 60    4 72    5 30    6 57    7 54    8 18    9 36   10 77   11 42   12 90   13 99   14 23   15  5   16 29   17 52   18 69   19 42   20 97 
   1 58    2 72    3 72    4 21    5 40    6 57    7 66    8 60    9  5   10 45   11 64   12 10   13 99   14 73   15  4   16 54   17  4   18 25   19  1   20 30 
   1 92    2 42    3 24    4 57    5 56    6 40    7 30    8 84    9 19   10 83   11 63   12 27   13 95   14  6   15 34   16 96   17 52   18 48   19 93   20 73 
   1  5    2 77    3 29    4 42    5 40    6  7    7 32    8 80    9 70   10 97   11 10   12 76   13 22   14 58   15 35   16 45   17 40   18 40   19 41   20 46 
   1 21    2 70    3 64    4 24    5 75    6 95    7  5    8 62    9 61   10 43   11  7   12 58   13 30   14 69   15 56   16 49   17 99   18 59   19  3   20 91 
   1 45    2 66    3 29    4 88    5  5    6 53    7 68    8 20    9 20   10 64   11 69   12 67   13 26   14 60   15 31   16 85   17 87   18  3   19  2   20 52 
   1 43    2 15    3  3    4 78    5 81    6 52    7 86    8 33    9  3   10 29   11 92   12 28   13 41   14 50   15 81   16  5   17 46   18 45   19 43   20 97 
   1 12    2 15    3 97    4 75    5 87    6  2    7 98    8 19    9 98   10  2   11 12   12 54   13 62   14 27   15 32   16 48   17 49   18 15   19 80   20 19 
   1 53    2 51    3 50    4 53    5 14    6 43    7 87    8 85    9 51   10 27   11 44   12 66   13 15   14 64   15 58   16 45   17 37   18 70   19 67   20 28 
   1 29    2 78    3 97    4 80    5 61    6 94    7 15    8 50    9  3   10 91   11 93   12 46   13  2   14 29   15 10   16 24   17 68   18 33   19  6   20 21 
   1 14    2 89    3 83    4 88    5  4    6 85    7 75    8  2    9 56   10 40   11 83   12 78   13 10   14 43   15 64   16 43   17 86   18 30   19 99   20 16 
   1 49    2 50    3 89    4 20    5 94    6 75    7 34    8 39    9 47   10 96   11 16   12 91   13 48   14 88   15 25   16 62   17 10   18 88   19 97   20 81 
   1 85    2 74    3  2    4  4    5 22    6 84    7 86    8 88    9 46   10 66   11 65   12 85   13 93   14  2   15 69   16 46   17 41   18 40   19 70   20 59 
   1 90    2 57    3 96    4 30    5 36    6 42    7  1    8 94    9 86   10 62   11 95   12  3   13 50   14 69   15 89   16 27   17 22   18 88   19 24   20 45 
   1 12    2  7    3 28    4 52    5 95    6 27    7  4    8 67    9 92   10 75   11 60   12 49   13 51   14 17   15 32   16  5   17 90   18 13   19 48   20 63 
   1 48    2 65    3 83    4 32    5 79    6 40    7 60    8 85    9 92   10 50   11 60   12 74   13 39   14 56   15 25   16 12   17 93   18 88   19  9   20 49 
   1 13    2 89    3 47    4 82    5 42    6 66    7 75    8 18    9 25   10 68   11 62   12 23   13 26   14 21   15 63   16 89   17 25   18 77   19 56   20 42 
   1 75    2 87    3 90    4 28    5 84    6 48    7 88    8 31    9 14   10  1   11  3   12 60   13 86   14 42   15 62   16 34   17 37   18 80   19 11   20 38 
   1 69    2  6    3 56    4 36    5 92    6 81    7 11    8 72    9  1   10 68   11 44   12 61   13 21   14 28   15  3   16 88   17 19   18 14   19 45   20 83 
   1 34    2 31    3 57    4 98    5 87    6 92    7 23    8 96    9 39   10 91   11 23   12 57   13 83   14 65   15 99   16 57   17 96   18 79   19 93   20 52 
   1 19    2 70    3 69    4 77    5 60    6 30    7 33    8 88    9 42   10 50   11 14   12 79   13 52   14 79   15 33   16  6   17 34   18 87   19 84   20 92 
   1 55    2 25    3 88    4 71    5 16    6 49    7 20    8 41    9 23   10 78   11 98   12  4   13 25   14 19   15 57   16 76   17  1   18 51   19 44   20 36 
   1 44    2 36    3 54    4 16    5 76    6 86    7 85    8 89    9 45   10 67   11 53   12 59   13 14   14 78   15 93   16 34   17  6   18 16   19 22   20 22 
   1 22    2 88    3 94    4 91    5 32    6 26    7 69    8 76    9 28   10 23   11 10   12 53   13 66   14 20   15  1   16 67   17 40   18 96   19 26   20 49 
   1 60    2 25    3 90    4 79    5 88    6 91    7 32    8 93    9  9   10 36   11 31   12 15   13 20   14  2   15 35   16 51   17 34   18 95   19 70   20 63 
   1 45    2 94    3 62    4 10    5 19    6 78    7 14    8 36    9 23   10 92   11 30   12 21   13 60   14 37   15 18   16 11   17 82   18 49   19 84   20 56 
   1 38    2 66    3 97    4 28    5 72    6 41    7 89    8  4    9 29   10 65   11 81   12 73   13 38   14 90   15 84   16 82   17 51   18 44   19 79   20 44 
   1 78    2 95    3 67    4 80    5 10    6 53    7 12    8 21    9 94   10 13   11 46   12  4   13 48   14 42   15 53   16 93   17 67   18 65   19 82   20 51 
   1 73    2 77    3 59    4 60    5 87    6 50    7 56    8 91    9 65   10  5   11 38   12 14   13 31   14 53   15 49   16 82   17 45   18 59   19 84   20 75 
   1 59    2 10    3 22    4 86    5 78    6 74    7 26    8 76    9 55   10 62   11 37   12 52   13 88   14 32   15 52   16 48   17 38   18 49   19 54   20 34 
   1 46    2 26    3 24    4 81    5 75    6 69    7 57    8 86    9 80   10 60   11 64   12 47   13  5   14 26   15 57   16  3   17 74   18 63   19 27   20  8 
   1 47    2 58    3 87    4 20    5 39    6 48    7 24    8 47    9 92   10  7   11 36   12 66   13 73   14 74   15 85   16 67   17 91   18 95   19 15   20  6 
   1 95    2  8    3 99    4  3    5 58    6 91    7 57    8 89    9 23   10 56   11 90   12 93   13 29   14 95   15 45   16 55   17 81   18 81   19 89   20 48 
   1 25    2 95    3 62    4 46    5 71    6 20    7 85    8 81    9 25   10 19   11 93   12 65   13 95   14 89   15 84   16 22   17 42   18 47   19 88   20  8 
   1 58    2 20    3 18    4 57    5 45    6 20    7  3    8 88    9 44   10 23   11 90   12 91   13 66   14 68   15 52   16 56   17 27   18 78   19 65   20 29 
   1 61    2 46    3 70    4 58    5 43    6 53    7  9    8 41    9 14   10 84   11 71   12 61   13 73   14 34   15 52   16 62   17 55   18 34   19 84   20  8 
   1 92    2 49    3 94    4 76    5 34    6 75    7  5    8 18    9 54   10 50   11 15   12 55   13 84   14 65   15 93   16 18   17 66   18 84   19 28   20 12 
   1  8    2 37    3 85    4 63    5  9    6 78    7 76    8 49    9 48   10 17   11 38   12 76   13 41   14 10   15 66   16 89   17 94   18 29   19 20   20 61 
   1 88    2 76    3 43    4 13    5 28    6 91    7 15    8 22    9 15   10 77   11 57   12 64   13 40   14 63   15 90   16 21   17 10   18 72   19 64   20 60 
   1 64    2 11    3 48    4 81    5  7    6 84    7 62    8 59    9 45   10 63   11 63   12 45   13 59   14 51   15 49   16 84   17 81   18 10   19 43   20 32 
   1 93    2 24    3 51    4 85    5 84    6 49    7 83    8 96    9 25   10 25   11 38   12 58   13 76   14  4   15 83   16 72   17 33   18 39   19 92   20 64 
   1 29    2 72    3 91    4 82    5 42    6 39    7 64    8 70    9 36   10 17   11 35   12 25   13 92   14 58   15 89   16 66   17 12   18 80   19 30   20 13 
   1 20    2 75    3 16    4 92    5 72    6 19    7 46    8 85    9 49   10 73   11 60   12 98   13 63   14 81   15 76   16 38   17 90   18  1   19 33   20 71 
   1 45    2 58    3 31    4 52    5 57    6 29    7 43    8 46    9 72   10 62   11 56   12  5   13 77   14 76   15 96   16 31   17 22   18 64   19 39   20 59 
   1 46    2 46    3 57    4  8    5 56    6 77    7 26    8 75    9 57   10 10   11 14   12 64   13 62   14 48   15 65   16 38   17  4   18 89   19 68   20 91 
   1 78    2  2    3 51    4  6    5 25    6  1    7 13    8 10    9 14   10 63   11 17   12 31   13 69   14 80   15 60   16  9   17 65   18 37   19 85   20 68 
   1 37    2 83    3  9    4 52    5 33    6  5    7 49    8  7    9 41   10 64   11 29   12 38   13 80   14 53   15 89   16 82   17 34   18 83   19 11   20 82 
   1 49    2 14    3 28    4 12    5 33    6 84    7 57    8  5    9 91   10 25   11 71   12 37   13 73   14 53   15 87   16 88   17 54   18 66   19 14   20 98 
   1  2    2 77    3 37    4 65    5 80    6 34    7 37    8 18    9 72   10  1   11 60   12 39   13 84   14 71   15 71   16 39   17 19   18  8   19 65   20 76 
   1 18    2 68    3 89    4 26    5 69    6 13    7 48    8 42    9 84   10 50   11 86   12 62   13 93   14 65   15  1   16 78   17 48   18 42   19  7   20 35 
   1 92    2 81    3 83    4 67    5 87    6 19    7 10    8 92    9 61   10  7   11 24   12 57   13 89   14  3   15 21   16  9   17 87   18 97   19 77   20 78 
   1 41    2 81    3 33    4 14    5 94    6 80    7 13    8 86    9 97   10 59   11 14   12 69   13 90   14 96   15 35   16 17   17 65   18  6   19 81   20 58 
   1 31    2 56    3 94    4 64    5 90    6 21    7 34    8 59    9 90   10 93   11 14   12 41   13 89   14 44   15 11   16 57   17 29   18 48   19 69   20 81 
   1 29    2 37    3 44    4  8    5 66    6 87    7 46    8 90    9 34   10 95   11 69   12 25   13 94   14 67   15 61   16 22   17 34   18 46   19 89   20 26 
   1 92    2 41    3 76    4 40    5 93    6  4    7 56    8 87    9 13   10 41   11 18   12  3   13 13   14 38   15 34   16 67   17 85   18 63   19 12   20  3 
   1 87    2 96    3 82    4 86    5 23    6 76    7 93    8 82    9 47   10 20   11 94   12 86   13 70   14 96   15 89   16 52   17 17   18 67   19 46   20 80 
   1 65    2 53    3 10    4 47    5 84    6 91    7 80    8 10    9 51   10 69   11 99   12 97   13 35   14 54   15 67   16 66   17 99   18  9   19 37   20 90 
   1 22    2 88    3 81    4 83    5 84    6 54    7 84    8 79    9 51   10 37   11 13   12 37   13 41   14 14   15 54   16 45   17 80   18 53   19 53   20 39 
   1 61    2 66    3 74    4 58    5 56    6 56    7 81    8 64    9 41   10 21   11 41   12 83   13  2   14 99   15 68   16  9   17 91   18 91   19 46   20 90 
   1 90    2 50    3 55    4 83    5 90    6  9    7 15    8 50    9 10   10 91   11 49   12 78   13 44   14 64   15 77   16 67   17 94   18 50   19  8   20 32 
   1 89    2 40    3 92    4 95    5 58    6 79    7 86    8  4    9 81   10 12   11 20   12 86   13 94   14 91   15 29   16 38   17 79   18 86   19 28   20 32 
   1 97    2 28    3 26    4 56    5 69    6 20    7 76    8 29    9 25   10 64   11 35   12 98   13 12   14  9   15 58   16 54   17 82   18 55   19  6   20 34 
   1 15    2 65    3 27    4 65    5  6    6 62    7 24    8  8    9  5   10 94   11 85   12 22   13 59   14 21   15 92   16 10   17 78   18 38   19 63   20 69 
   1 75    2 76    3 86    4 23    5 31    6 59    7 39    8  6    9 85   10  5   11  9   12  9   13 62   14 93   15 40   16 96   17 64   18 68   19 48   20 81 
   1 77    2 89    3 32    4 32    5 98    6 43    7 57    8 60    9 56   10 32   11 87   12 22   13 77   14  7   15 88   16  2   17 69   18 73   19 55   20 55 
   1 65    2 16    3 28    4 43    5 43    6 19    7 76    8 79    9 18   10 26   11 27   12 44   13 51   14 48   15 97   16 58   17 26   18 68   19 69   20 13 
   1 21    2 48    3 75    4 91    5 34    6 92    7 81    8 85    9 36   10 16   11 28   12 37   13 64   14 80   15 46   16 96   17 60   18 91   19 22   20 15 
   1 56    2 91    3 67    4 18    5 56    6  7    7 86    8 35    9 18   10 55   11 13   12 32   13  4   14  1   15 22   16 26   17 48   18  5   19 42   20 17 
   1 53    2 83    3 91    4 27    5 49    6 94    7 78    8 35    9 62   10 75   11 90   12  3   13 98   14 46   15 44   16 99   17 34   18 58   19 47   20 87 
   1  9    2 84    3 48    4 79    5 98    6 55    7 94    8 51    9 55   10 27   11 46   12 54   13 42   14 58   15 97   16 72   17 47   18 56   19 15   20 11 
   1 86    2 18    3 58    4 53    5 82    6 34    7 33    8 35    9 70   10 90   11 55   12 71   13 77   14 35   15 52   16 69   17 74   18 17   19 69   20 12 
   1 75    2  2    3 23    4 87    5 68    6 14    7 10    8 24    9 22   10 84   11 78   12 86   13 81   14 27   15 66   16 11   17 76   18 35   19 34   20 48 
   1  7    2 63    3 17    4 97    5 32    6 70    7 27    8 65    9 21   10 86   11 52   12 49   13 20   14 55   15 28   16 55   17 38   18 42   19 25   20  2 
   1 88    2 27    3 18    4 79    5 83    6 88    7 12    8 15    9 50   10 14   11 16   12 89   13 54   14 80   15 99   16 82   17 23   18 55   19 21   20 65 
   1 38    2 39    3 37    4 99    5 45    6 58    7 55    8 11    9 44   10  7   11  7   12 27   13 45   14 40   15 68   16 59   17 23   18 17   19 33   20 35 
   1 69    2 14    3 78    4 18    5 77    6  7    7 97    8 99    9 39   10 36   11 15   12 50   13 15   14 13   15  4   16 25   17 53   18 28   19 93   20 98 

