ta086
100 20
   1 43    2 31    3 67    4 26    5 20    6 22    7 77    8 94    9 11   10 23   11 30   12 40   13 99   14 66   15 12   16 75   17 64   18 21   19 43   20 84 
   1 50    2 19    3 37    4 49    5 64    6 39    7 26    8 51    9 54   10  2   11 34   12 81   13 12   14 85   15 44   16 21   17 66   18 30   19 47   20 73 
   1 51    2 14    3 74    4 42    5 97    6 64    7 69    8 39    9 39   10 29   11 75   12 34   13 33   14 81   15 89   16 81   17 16   18 19   19 50   20 59 
   1 88    2 10    3  4    4 15    5 82    6 56    7 97    8  5    9 65   10 60   11 91   12 19   13 43   14  9   15 11   16 70   17 11   18 49   19 94   20 32 
   1 95    2 78    3 15    4 66    5 36    6  9    7 76    8 19    9 70   10  1   11  2   12 84   13 99   14 32   15 63   16 94   17 36   18 15   19 39   20 38 
   1 52    2 15    3 93    4 67    5 99    6 17    7 37    8 71    9 17   10 88   11 45   12 72   13 19   14 62   15 62   16 67   17 87   18 57   19 17   20 33 
   1 15    2 91    3  4    4 40    5 41    6 55    7 50    8 76    9 17   10 17   11  7   12 55   13 87   14 60   15 20   16 70   17 99   18 66   19 67   20 35 
   1 25    2 35    3  9    4 97    5 30    6 40    7 99    8 23    9 99   10 54   11 99   12 36   13 90   14 68   15 19   16 92   17  3   18 98   19 63   20 83 
   1  2    2 79    3 33    4 13    5 80    6 87    7 80    8 92    9 97   10  8   11 91   12 23   13  8   14 30   15 75   16 87   17 73   18  4   19 88   20 49 
   1 21    2 78    3 97    4 54    5 70    6 60    7 68    8 81    9 45   10  9   11 52   12 93   13 23   14 53   15 43   16 83   17 18   18 75   19 98   20 64 
   1 74    2 45    3 79    4 23    5 61    6 92    7 24    8 88    9 35   10 10   11 52   12 27   13 34   14 47   15 94   16 90   17 31   18 95   19  8   20  6 
   1  1    2 79    3 75    4  1    5 42    6 11    7 47    8  8    9 50   10 20   11 28   12 39   13 31   14 35   15 16   16 57   17  3   18 99   19 13   20 99 
   1 89    2 47    3 91    4 74    5 51    6 51    7  7    8 71    9  5   10 12   11  3   12  1   13 39   14 93   15 75   16 53   17 10   18 24   19 81   20 41 
   1 78    2 33    3 79    4 95    5 15    6 78    7 70    8  9    9 48   10  7   11 80   12 92   13 46   14 71   15 51   16 77   17 77   18  4   19 76   20 95 
   1 14    2 75    3 23    4 45    5 16    6  3    7 91    8 68    9 75   10  5   11 77   12 77   13 62   14 16   15  9   16 37   17 25   18 43   19  9   20 50 
   1 48    2 81    3 60    4  3    5 60    6 73    7 87    8 16    9 71   10 68   11 36   12 36   13 94   14 15   15 61   16 37   17 98   18 53   19 70   20 58 
   1 91    2 66    3 97    4 80    5 47    6 48    7 73    8 87    9 44   10 16   11 98   12 23   13 71   14 11   15 68   16 45   17 65   18 81   19 78   20 45 
   1 33    2 78    3 55    4 78    5 15    6 38    7  7    8  3    9 60   10 79   11 60   12 42   13  8   14 26   15 80   16 36   17  5   18 29   19 60   20 18 
   1 46    2 41    3 76    4 31    5 26    6 92    7 20    8  7    9 59   10 54   11 81   12 83   13 42   14 85   15 14   16 79   17 46   18 31   19 58   20  2 
   1  1    2 38    3 14    4 76    5 96    6 81    7 70    8 38    9 24   10 55   11 47   12 97   13 48   14 85   15 76   16 53   17  4   18 58   19 22   20 77 
   1 39    2 55    3  2    4 52    5 82    6 85    7  3    8 69    9 39   10 41   11 50   12 92   13 22   14 47   15 18   16 37   17 21   18 65   19 40   20 88 
   1 51    2 75    3  3    4 79    5 98    6 90    7  7    8 23    9 64   10 26   11 48   12 58   13 36   14 29   15 44   16 29   17 49   18 97   19 30   20 85 
   1 62    2  5    3  3    4 71    5 59    6 46    7 12    8 17    9 39   10  6   11 35   12  9   13 47   14 95   15 63   16 79   17 83   18 68   19 23   20 24 
   1 77    2 57    3 64    4 58    5 19    6 72    7 76    8 27    9  1   10 78   11 17   12 25   13 47   14  4   15 17   16 49   17 44   18 14   19 61   20 70 
   1 77    2 67    3 94    4  9    5  1    6 58    7  2    8 60    9 65   10 35   11 80   12 87   13 33   14 92   15 29   16  2   17 71   18 56   19 88   20 51 
   1 29    2 12    3 63    4 61    5 50    6 60    7 66    8 75    9 65   10 74   11 49   12 88   13 56   14 66   15 36   16 16   17 48   18 44   19 34   20 70 
   1 82    2 21    3 48    4 20    5 16    6 94    7 45    8 65    9  1   10 68   11 90   12 69   13 75   14 20   15 69   16 36   17 63   18 24   19 20   20 69 
   1 39    2 88    3 67    4 53    5  2    6 85    7 13    8 33    9 12   10 72   11 98   12 79   13 11   14 65   15 83   16 39   17 88   18 21   19 83   20 45 
   1 62    2 47    3 32    4 62    5  6    6 94    7 33    8 47    9 97   10  6   11 45   12  9   13 83   14 31   15 53   16  9   17 87   18 15   19 85   20 20 
   1 27    2 42    3 15    4 45    5 68    6 63    7 66    8 60    9 31   10 73   11 25   12 48   13 59   14 91   15 31   16  5   17 28   18 87   19 29   20 32 
   1 47    2 12    3 45    4 25    5 86    6 23    7  8    8 23    9 21   10 12   11 12   12  9   13  3   14 65   15 71   16 35   17  6   18 17   19 40   20 46 
   1 17    2 25    3 31    4 59    5 62    6 92    7 54    8 30    9 71   10 18   11 15   12 14   13 39   14 16   15 61   16 54   17  7   18  3   19 41   20 99 
   1 60    2 32    3 10    4 71    5 58    6 45    7  4    8 73    9  1   10 85   11  8   12 19   13 46   14 30   15 55   16 98   17 32   18 28   19 84   20 67 
   1 15    2 89    3 70    4 96    5 23    6 97    7 50    8  4    9 37   10  3   11 23   12 89   13 24   14 78   15 85   16 61   17 85   18 85   19 61   20 68 
   1 94    2 11    3 75    4 34    5 12    6 14    7 98    8 82    9 89   10 66   11 28   12 21   13 60   14  9   15 35   16 18   17  1   18 56   19 60   20 33 
   1 97    2 34    3 71    4 50    5 89    6 80    7 38    8  8    9 24   10 72   11 62   12 32   13 20   14 90   15 62   16 41   17 54   18 22   19 31   20 74 
   1 65    2 10    3 50    4 25    5 19    6 59    7 52    8 36    9 15   10 72   11 97   12 15   13 91   14  2   15 87   16 15   17 59   18 60   19 78   20 78 
   1 35    2 95    3 25    4 36    5 31    6 30    7 58    8 20    9 94   10 61   11 30   12 77   13 61   14 11   15 48   16 19   17 10   18 52   19 41   20 87 
   1  5    2  9    3 74    4 18    5 70    6 24    7 57    8 70    9 22   10 22   11 50   12 28   13 16   14 37   15 91   16 75   17 95   18  4   19 45   20 95 
   1  1    2 88    3 94    4 34    5 68    6 44    7 13    8 42    9 94   10 77   11 70   12 98   13 61   14 84   15 25   16 17   17 42   18 31   19 55   20 89 
   1 66    2 79    3  7    4 39    5 29    6 99    7  8    8 62    9 33   10 86   11 77   12 15   13 98   14 43   15 95   16  4   17  2   18 58   19 27   20 38 
   1 49    2 60    3 79    4 39    5 47    6 33    7  9    8 49    9 84   10 46   11  2   12 80   13 44   14 77   15 38   16 19   17 11   18 38   19  7   20 45 
   1  3    2 59    3 25    4 81    5 43    6 90    7  8    8 21    9 45   10 72   11 75   12 76   13  5   14 14   15 85   16  7   17 32   18 36   19 26   20 71 
   1 33    2 81    3 74    4 62    5 47    6 25    7 95    8  3    9 19   10 31   11 88   12 54   13 12   14 24   15 22   16 44   17 71   18  4   19 54   20 33 
   1 98    2  4    3 14    4 25    5 45    6 54    7 27    8 18    9 48   10 27   11 52   12 90   13 45   14 71   15 12   16 54   17 24   18 34   19 48   20 53 
   1 45    2 58    3 95    4 82    5 92    6 91    7 28    8 96    9 89   10  8   11  1   12 44   13 35   14 17   15 89   16 55   17 56   18 19   19 56   20 78 
   1  3    2 40    3 54    4 91    5 81    6 61    7 17    8 41    9 33   10 67   11 41   12 34   13 55   14 53   15 84   16 46   17 23   18 22   19 51   20 44 
   1 25    2 95    3 74    4 26    5 44    6 29    7 38    8 94    9 63   10  5   11 53   12  3   13 35   14 84   15 70   16 46   17 71   18 74   19 52   20  9 
   1 74    2 81    3 44    4 63    5 84    6  1    7 72    8 41    9 38   10 88   11 16   12 34   13 90   14 83   15 35   16 84   17 85   18 24   19 91   20 18 
   1 61    2  1    3 44    4 78    5 64    6 59    7 89    8 58    9 26   10 31   11 75   12  9   13 22   14 50   15 59   16 73   17 91   18 18   19 64   20 23 
   1 57    2 67    3 25    4 91    5 30    6 64    7 53    8 27    9  3   10 55   11 68   12 36   13 66   14 83   15 29   16 28   17 49   18  9   19 54   20 35 
   1 90    2 68    3 21    4 13    5 58    6 60    7 51    8 38    9 64   10 36   11 99   12 77   13 70   14 82   15 15   16 52   17 88   18 82   19 68   20 85 
   1 81    2 38    3 12    4 94    5 95    6 75    7 99    8  8    9  6   10 65   11  6   12  4   13 17   14 62   15 66   16 32   17 33   18 96   19 61   20 60 
   1 15    2 40    3  6    4 52    5 96    6 83    7 24    8 21    9 65   10 96   11  2   12 46   13 22   14 63   15 87   16 51   17 63   18 97   19  2   20  9 
   1 66    2 28    3 56    4  7    5 92    6 41    7 98    8 26    9 89   10 96   11 18   12 15   13 67   14  6   15 43   16 21   17 69   18 98   19 50   20 94 
   1  1    2  5    3 19    4 71    5 54    6 27    7 52    8  5    9 13   10 96   11 35   12 96   13 87   14 29   15 54   16 92   17 28   18 78   19 61   20 53 
   1 89    2 26    3 75    4  1    5 18    6 94    7 67    8  2    9 71   10 91   11 77   12  1   13 34   14 66   15 84   16 60   17 99   18 35   19 46   20 32 
   1 31    2 59    3 35    4 84    5 20    6 22    7 31    8 65    9 22   10 82   11 57   12 25   13 36   14 13   15 85   16 87   17 52   18 26   19 41   20 34 
   1 20    2 77    3 64    4 38    5 27    6 96    7 34    8 58    9  2   10  3   11 60   12 39   13 94   14 60   15  8   16 54   17 53   18 48   19 16   20 59 
   1 46    2 60    3 89    4 61    5 59    6 21    7 61    8 83    9 33   10 47   11 60   12 32   13 36   14 24   15  2   16 30   17 14   18 67   19 88   20 95 
   1 93    2 69    3 99    4 32    5 22    6 53    7 60    8 10    9 99   10  4   11 85   12 42   13 23   14 94   15 89   16 60   17 23   18 78   19  4   20 10 
   1 78    2 57    3 36    4 49    5 93    6 77    7 17    8 34    9 71   10 93   11 93   12  9   13 13   14 38   15 58   16 36   17 50   18 87   19 67   20  2 
   1 41    2 43    3 32    4 63    5  6    6 85    7 82    8 29    9 51   10 74   11 50   12 36   13 36   14 55   15 71   16 59   17 37   18  2   19 57   20 38 
   1 30    2 90    3 53    4 72    5 95    6 33    7 25    8 82    9 61   10 12   11 38   12 83   13 56   14 26   15 69   16 39   17 93   18 97   19 11   20 71 
   1 42    2 30    3 67    4 86    5 58    6 20    7 12    8 89    9 33   10 95   11 54   12 34   13 18   14 62   15 80   16 16   17 18   18 57   19 65   20 93 
   1 71    2 46    3 68    4 63    5 12    6  1    7 61    8 32    9 57   10 82   11 11   12 49   13 50   14 73   15 25   16 55   17 77   18 62   19 99   20 24 
   1  6    2 49    3 97    4 80    5 16    6 90    7 84    8 47    9 56   10 42   11  7   12 53   13 39   14 91   15 74   16 22   17 84   18 81   19  4   20 31 
   1 16    2 77    3  9    4 87    5 93    6 71    7 89    8 43    9 33   10 99   11  5   12 43   13 71   14 16   15 66   16 41   17 28   18 73   19 89   20 73 
   1 76    2 67    3 16    4 55    5 40    6 62    7 11    8 42    9 32   10 57   11 15   12 74   13 59   14 90   15 60   16 13   17 61   18 49   19 93   20 77 
   1 63    2 54    3 55    4 53    5 87    6 94    7 25    8 42    9 52   10 44   11 23   12 80   13 80   14 37   15  8   16 99   17 81   18 60   19  8   20 91 
   1 54    2  7    3 91    4 99    5  5    6 86    7 50    8 16    9 86   10 79   11  2   12 49   13 35   14 14   15 14   16 25   17 82   18 97   19 47   20 94 
   1 38    2 38    3  5    4  7    5 41    6 61    7 11    8  7    9  6   10 48   11 73   12 13   13 77   14 81   15 27   16  2   17 29   18 22   19 22   20 58 
   1 88    2 26    3 81    4 35    5 88    6 15    7 61    8 11    9  9   10 23   11 14   12 61   13 78   14 19   15 63   16 54   17 88   18 12   19 26   20 48 
   1 36    2 83    3 67    4 72    5 92    6 87    7 81    8 27    9 88   10 31   11 44   12 77   13 79   14 84   15 31   16 55   17 80   18  8   19 89   20 93 
   1 69    2 95    3 86    4 45    5 64    6 53    7 14    8 46    9 87   10 57   11 51   12 31   13 46   14 18   15 96   16 23   17 64   18 35   19 77   20 90 
   1 51    2 44    3 26    4 14    5 45    6 30    7 72    8 78    9 57   10 55   11 43   12 30   13 36   14 54   15 57   16 62   17 29   18 42   19 10   20 85 
   1 67    2 84    3 41    4 36    5 13    6 77    7 86    8 73    9 98   10 52   11 78   12 61   13  3   14 39   15 14   16 98   17 19   18 44   19  8   20 78 
   1 54    2 41    3 48    4 35    5 61    6  9    7 87    8 27    9 92   10  4   11 74   12 79   13 56   14 61   15 32   16 46   17  1   18 67   19 66   20 60 
   1 76    2  5    3 28    4 86    5 51    6 34    7  7    8 69    9 39   10 83   11 31   12 59   13 72   14 29   15  2   16 82   17 34   18 46   19 48   20 38 
   1 47    2 12    3 19    4 81    5 70    6  2    7 57    8 38    9 38   10 88   11 99   12 38   13 77   14 25   15  3   16 70   17 68   18 24   19 69   20 55 
   1 37    2 87    3 88    4 41    5 81    6 39    7 81    8 41    9 78   10 67   11 95   12 54   13 82   14 66   15 72   16 83   17 57   18 68   19 99   20 63 
   1 15    2 16    3 37    4 58    5 25    6 54    7 33    8 38    9 54   10 67   11 52   12 19   13 97   14 69   15 44   16 72   17 15   18 68   19 51   20 70 
   1  6    2  4    3 40    4 34    5 54    6  8    7 52    8 50    9 31   10 20   11 40   12 50   13 18   14 12   15 33   16 21   17 78   18  5   19 63   20 84 
   1 62    2 83    3 23    4 43    5 97    6 44    7  4    8 28    9 53   10 34   11  2   12 24   13 32   14 73   15 72   16 56   17 95   18 84   19 51   20 16 
   1 19    2 97    3 27    4 47    5 85    6 12    7 73    8 76    9 92   10 41   11 27   12 77   13 87   14 50   15  1   16 36   17  7   18 58   19 95   20 25 
   1  7    2 58    3 11    4 10    5  7    6 93    7 98    8 39    9 69   10 59   11 56   12 99   13 20   14 23   15 72   16 41   17 28   18  1   19 95   20 56 
   1 97    2 80    3  8    4 23    5 65    6 18    7  2    8 51    9 52   10 74   11 12   12 88   13 40   14 36   15  9   16  5   17 76   18 84   19 23   20 66 
   1 37    2 22    3  5    4 36    5 84    6 88    7 27    8 57    9 87   10 35   11 19   12 91   13 55   14 25   15 65   16  7   17 48   18 59   19 65   20 51 
   1 37    2  1    3 87    4 56    5 80    6 21    7 46    8 39    9 11   10  8   11 76   12 25   13 40   14 90   15 79   16  1   17  2   18 67   19 72   20 99 
   1 60    2 89    3 39    4 84    5 65    6 54    7 84    8 46    9 34   10 26   11 83   12  4   13  1   14 28   15 38   16 23   17 12   18  2   19 92   20  4 
   1 81    2 98    3 32    4 53    5 21    6 94    7  7    8 69    9 67   10 90   11 48   12  5   13 84   14 27   15 49   16  2   17 67   18 74   19 74   20 52 
   1 28    2 92    3 23    4 85    5  9    6  5    7 48    8 15    9 52   10 25   11 59   12 56   13 37   14 73   15 93   16 48   17  7   18  5   19 75   20 87 
   1 87    2 90    3 82    4 32    5 32    6 43    7 67    8 22    9 30   10 23   11 62   12 81   13 26   14 17   15 38   16 65   17 24   18 58   19 46   20 29 
   1 95    2 20    3 32    4  8    5 95    6 89    7 86    8  7    9  9   10 23   11 56   12 73   13 47   14 28   15 72   16  6   17 42   18 96   19 88   20 83 
   1 85    2 14    3 95    4 33    5 20    6 98    7  6    8 67    9 78   10 71   11 96   12 82   13 68   14 84   15 31   16 75   17 91   18 34   19 46   20 22 
   1 76    2 76    3 19    4 67    5 28    6 99    7 36    8 16    9 34   10  1   11 18   12 46   13  4   14 83   15 51   16  6   17 17   18 50   19 56   20 56 
   1 69    2 23    3 88    4 65    5 64    6 43    7 14    8 50    9 14   10 72   11 58   12 87   13 50   14 27   15 89   16 43   17 79   18 92   19 74   20 12 
   1 44    2 54    3 29    4 35    5 29    6 85    7 86    8 76    9 24   10 49   11 29   12 46   13  8   14 84   15 90   16 67   17 95   18 15   19 66   20 36 
   1 70    2 18    3 54    4 19    5 82    6 80    7 75    8 13    9 64   10 73   11  4   12 85   13 51   14 37   15 95   16 26   17 86   18 74   19 47   20 88 
   1 24    2 34    3 11    4 92    5 82    6  7    7 21    8 11    9  6   10 18   11 27   12 76   13  4   14 28   15 76   16 79   17 96   18 90   19  9   20 77 

