ta097
200 10
   1 68    2 48    3 71    4 49    5 42    6 91    7 95    8 88    9 92   10  8 
   1 55    2 64    3  5    4 54    5 58    6 90    7 50    8 74    9 51   10 74 
   1 10    2 13    3 80    4  4    5 93    6 58    7 81    8 68    9 80   10 55 
   1 91    2 26    3 22    4 99    5 10    6 87    7 57    8 60    9 46   10 20 
   1 98    2 55    3 35    4 69    5 27    6 90    7 99    8  9    9 39   10 20 
   1  1    2 85    3  7    4 85    5 12    6 92    7 13    8 47    9 93   10 25 
   1 14    2 55    3 98    4 44    5 69    6 31    7 39    8 55    9 85   10 75 
   1 84    2 59    3 32    4 96    5 34    6 79    7 44    8 84    9 57   10 14 
   1 84    2 79    3 96    4 43    5 84    6 38    7 55    8 48    9 29   10  3 
   1 77    2 37    3  1    4 30    5 53    6 84    7 74    8 85    9 25   10 56 
   1 19    2 54    3 64    4  6    5  6    6 53    7 81    8 45    9 36   10 57 
   1 80    2 98    3  7    4 21    5 48    6 52    7 60    8 78    9 36   10 77 
   1 82    2 44    3 44    4 81    5 48    6 56    7 22    8 17    9  1   10 85 
   1 74    2 36    3 75    4 19    5 48    6 68    7 60    8 58    9  5   10 49 
   1  8    2 30    3 34    4 21    5 26    6 63    7 11    8 47    9  9   10 47 
   1 16    2 89    3 42    4 70    5 39    6 36    7 82    8 79    9 32   10 28 
   1  9    2 76    3 90    4 90    5 97    6 40    7  5    8 45    9 30   10 39 
   1 36    2 18    3 79    4 16    5 51    6 38    7 14    8  3    9 70   10 97 
   1 77    2 43    3 43    4 94    5 86    6 39    7 58    8 71    9 11   10 17 
   1 25    2 12    3 98    4 78    5 49    6  1    7 80    8 21    9 15   10 97 
   1 72    2 75    3 94    4 52    5 68    6 92    7 14    8 66    9 90   10 62 
   1  1    2 84    3 65    4 75    5 85    6  7    7 23    8 30    9 76   10 23 
   1 94    2 37    3 53    4 24    5 21    6  3    7 67    8 19    9 25   10 56 
   1 58    2 34    3 65    4 36    5 71    6  6    7 29    8 75    9 92   10 95 
   1 27    2 55    3  3    4 87    5 90    6 20    7 23    8  1    9  8   10 57 
   1 84    2 56    3 29    4 25    5 45    6 57    7 46    8 30    9  3   10  5 
   1 34    2  1    3  2    4 96    5 63    6 76    7 36    8 53    9 96   10 75 
   1 98    2 79    3 12    4 50    5 33    6 61    7 11    8 83    9  4   10 66 
   1 96    2 12    3 34    4 73    5 38    6 50    7 11    8 72    9 49   10 59 
   1 52    2 40    3 32    4 39    5 64    6 40    7 92    8 64    9 72   10 87 
   1 89    2 29    3 19    4 69    5  5    6 38    7  9    8 91    9 67   10 35 
   1 87    2 17    3 73    4  5    5 94    6 36    7 20    8 93    9 77   10 93 
   1 68    2 48    3 42    4 76    5 82    6 69    7  8    8 34    9 58   10 47 
   1 64    2 79    3 59    4 15    5 38    6 46    7 84    8 10    9 24   10 47 
   1 34    2 91    3 10    4 89    5 68    6 22    7 42    8  3    9 16   10 44 
   1 57    2 63    3  5    4 16    5 16    6 65    7  7    8 43    9 94   10 56 
   1 28    2 34    3 51    4 86    5 92    6 11    7 32    8 65    9 58   10 92 
   1 70    2 15    3 63    4 16    5 50    6 49    7 52    8 57    9 48   10 38 
   1 95    2 22    3 59    4 21    5  3    6 19    7 69    8 44    9 33   10 24 
   1 24    2 42    3 48    4 52    5 22    6 56    7 67    8 85    9 89   10  3 
   1 56    2 36    3 56    4 84    5 75    6 50    7  1    8 19    9 36   10 32 
   1 95    2 37    3 46    4 44    5 34    6 82    7  9    8  1    9 78   10 22 
   1 91    2 84    3 80    4 34    5 46    6 34    7 87    8 61    9 26   10 72 
   1 91    2 77    3 68    4 92    5 38    6 64    7 25    8 80    9 68   10 16 
   1 32    2 79    3 41    4  5    5 45    6 69    7 36    8 53    9 78   10 60 
   1 23    2 61    3 86    4 20    5 15    6 94    7  9    8 18    9 67   10 21 
   1 23    2 90    3 92    4 82    5 97    6 10    7  2    8 74    9 38   10 29 
   1 32    2 88    3 10    4 45    5 94    6 92    7 99    8 95    9 19   10 81 
   1 81    2 36    3 46    4 28    5 93    6 25    7 12    8 82    9 86   10 34 
   1  4    2 21    3 86    4 16    5 53    6 45    7 55    8 96    9 74   10 40 
   1 53    2 73    3 43    4 24    5 49    6 35    7 84    8 71    9  7   10 88 
   1 78    2 41    3 53    4 32    5  5    6 19    7  8    8 89    9 56   10 48 
   1 44    2 91    3 59    4 31    5 18    6 74    7 26    8 36    9 59   10 91 
   1 97    2 58    3 49    4 70    5 10    6 26    7 72    8 73    9 35   10 93 
   1 79    2 69    3 77    4 54    5 84    6 54    7 31    8 93    9 80   10 95 
   1 65    2 90    3 13    4  5    5 21    6 24    7  2    8 38    9 21   10 62 
   1 80    2 18    3 21    4 57    5 84    6 33    7 56    8 55    9 10   10 10 
   1 49    2 80    3 39    4 66    5 31    6 93    7 58    8 51    9 18   10  1 
   1 79    2 96    3 85    4 83    5 68    6 46    7 48    8 77    9 95   10 35 
   1 30    2  6    3 19    4 61    5 44    6 22    7 60    8 61    9 70   10 74 
   1 14    2 24    3 24    4 45    5 88    6 68    7 35    8 99    9 91   10  3 
   1 62    2 11    3  7    4 32    5  5    6 97    7 17    8 67    9 92   10 97 
   1  5    2 52    3 77    4  1    5 17    6 38    7  5    8 72    9  6   10 87 
   1 74    2 74    3 86    4 74    5 62    6 84    7 31    8 73    9 90   10 73 
   1 66    2 78    3  3    4 82    5 32    6 96    7 92    8 19    9 35   10 48 
   1 34    2 76    3 31    4 86    5 81    6 43    7 49    8 48    9 59   10 43 
   1 13    2 78    3 82    4  8    5 99    6 99    7 86    8  9    9 73   10 32 
   1 78    2 51    3 91    4 61    5 83    6 93    7 36    8 52    9 15   10 75 
   1 97    2 89    3 15    4 73    5 13    6 87    7 85    8 51    9 87   10 90 
   1 81    2 96    3 25    4 16    5  4    6 49    7 23    8 95    9 93   10 76 
   1 24    2 49    3 24    4 16    5 61    6 70    7 15    8  7    9 28   10 17 
   1 32    2 97    3 68    4 33    5 59    6 45    7 62    8 34    9 65   10 81 
   1 37    2 32    3 47    4 90    5 19    6 56    7  6    8  5    9  2   10 61 
   1 61    2 48    3 56    4 73    5 57    6 84    7 43    8 74    9 18   10 86 
   1  4    2 50    3 80    4  7    5 66    6 24    7 61    8 39    9 42   10 87 
   1 33    2 50    3 54    4 26    5 53    6 37    7 52    8 93    9 22   10 69 
   1 93    2 70    3 55    4  7    5 72    6 13    7 47    8 79    9 55   10  7 
   1 39    2  8    3 23    4 97    5 88    6 42    7 69    8 37    9 18   10 38 
   1 63    2 38    3 68    4 16    5 78    6 18    7 88    8 82    9 39   10 96 
   1 34    2 24    3  6    4 22    5 61    6 50    7 68    8 98    9 13   10 11 
   1 77    2 18    3 83    4 45    5 91    6 22    7 69    8 54    9 68   10 86 
   1 94    2 68    3 53    4 39    5 65    6 67    7 58    8 82    9 99   10 39 
   1  5    2 43    3 88    4 85    5 12    6  5    7 69    8 56    9 39   10 25 
   1 90    2  6    3  8    4 90    5 89    6 56    7 47    8 84    9 60   10 98 
   1 53    2  6    3 97    4 34    5 29    6 33    7 19    8 76    9 68   10 31 
   1 84    2 13    3 14    4 20    5 67    6 45    7 81    8 58    9 62   10 60 
   1 36    2 86    3 76    4 55    5 27    6 91    7 54    8 35    9 43   10 42 
   1  3    2 71    3  4    4 50    5 31    6 86    7 54    8 54    9 40   10 19 
   1 19    2 15    3 81    4 77    5 66    6 30    7 69    8 74    9 50   10 53 
   1 59    2 39    3 10    4 35    5 57    6 76    7 65    8 83    9 38   10 22 
   1 54    2 86    3 23    4  5    5 89    6 85    7 44    8 43    9 10   10 42 
   1 92    2 28    3 92    4 96    5 91    6 83    7 45    8  4    9 53   10 26 
   1 96    2  4    3 93    4 72    5 22    6 24    7 11    8 65    9  5   10 67 
   1 10    2 71    3 69    4 39    5 10    6 54    7 84    8 37    9 30   10 31 
   1 36    2 96    3 94    4 35    5 36    6 21    7 95    8 28    9 34   10 38 
   1 88    2 70    3 70    4 15    5 98    6 27    7 90    8 64    9  1   10 79 
   1 60    2 29    3 30    4 62    5  7    6 54    7 28    8 12    9  6   10 13 
   1  4    2 24    3 81    4 61    5 48    6  5    7 38    8 48    9 39   10  8 
   1 42    2 51    3 83    4  1    5 68    6 58    7 83    8 67    9 55   10 87 
   1 85    2  4    3 81    4 80    5 15    6  3    7 38    8 54    9 23   10 83 
   1  5    2  4    3 82    4 55    5 11    6 59    7 47    8 74    9 49   10 66 
   1 62    2 35    3  7    4 68    5 77    6 45    7 99    8 97    9  8   10 44 
   1 59    2 77    3 92    4 35    5 46    6 53    7 77    8 50    9 56   10 54 
   1 60    2 99    3 17    4 14    5 96    6 18    7 78    8 26    9 27   10 51 
   1 13    2 63    3 71    4 85    5  8    6 58    7 84    8  4    9 22   10 79 
   1 58    2 30    3 80    4 54    5 12    6 47    7 77    8 59    9 94   10 81 
   1  4    2 52    3 47    4 71    5 61    6 36    7 72    8 32    9 31   10 17 
   1 29    2 42    3 69    4 71    5 41    6 74    7 37    8  6    9 85   10 19 
   1 62    2 56    3 23    4 84    5 95    6 10    7 87    8 54    9  2   10 47 
   1 43    2 98    3 24    4 78    5 68    6 56    7 19    8 47    9 96   10 32 
   1  5    2 76    3  1    4 50    5 39    6 71    7 93    8 24    9 98   10 27 
   1  2    2 11    3 62    4 81    5 52    6 14    7 82    8  3    9 60   10 64 
   1 16    2 13    3 70    4 38    5 76    6 73    7 97    8 99    9 43   10 61 
   1 99    2 14    3  5    4 23    5 26    6 25    7 81    8 80    9 31   10 74 
   1 84    2 58    3 79    4 35    5 18    6 25    7 37    8 34    9 66   10  7 
   1 67    2 45    3 46    4 69    5  5    6 84    7 32    8 13    9 25   10 79 
   1 14    2 29    3 36    4 33    5 72    6 32    7 78    8 51    9 14   10 50 
   1 89    2 47    3 20    4 90    5 53    6 80    7 40    8 81    9 77   10 61 
   1  7    2 74    3 42    4  8    5 30    6 92    7 43    8 22    9 64   10 80 
   1 65    2 62    3 43    4 19    5 77    6 96    7 85    8  3    9 68   10 42 
   1 95    2 32    3 98    4 44    5 84    6  1    7 19    8 88    9 59   10 48 
   1 93    2 55    3 10    4 82    5 10    6 50    7 87    8 50    9 77   10  9 
   1 13    2 36    3 22    4 50    5 60    6 46    7 11    8 24    9 86   10 32 
   1 71    2 93    3 97    4 54    5 38    6 80    7 62    8 26    9 87   10 94 
   1 74    2 26    3 67    4 48    5 64    6 97    7 40    8 96    9 89   10 88 
   1 99    2  2    3 66    4 16    5  8    6 39    7 57    8  4    9 33   10  3 
   1 75    2 87    3 39    4 38    5  6    6 99    7 35    8 24    9 90   10 13 
   1 49    2 61    3 60    4 94    5 89    6 48    7 49    8 71    9 65   10 65 
   1 88    2 79    3 26    4 74    5  5    6 55    7 58    8 78    9 36   10 94 
   1 23    2 49    3 43    4 55    5 72    6 33    7 82    8 78    9 77   10 96 
   1  8    2 66    3  4    4 59    5 70    6 79    7 13    8 88    9 73   10 75 
   1  8    2 46    3 31    4 81    5 27    6 98    7 99    8 49    9 41   10 15 
   1 77    2 68    3 11    4 72    5 55    6  1    7 73    8 64    9 28   10 99 
   1 61    2 61    3 51    4 32    5 66    6 80    7 89    8 72    9 92   10 28 
   1 15    2 33    3 58    4  5    5  7    6 11    7  7    8  1    9 12   10 45 
   1 81    2 73    3 74    4 18    5 48    6 16    7 50    8 36    9 76   10 84 
   1 23    2 87    3 76    4 55    5 38    6 87    7 60    8 94    9 48   10 93 
   1 18    2 88    3 74    4 78    5 87    6 78    7 23    8 40    9 31   10 94 
   1 32    2 34    3 74    4 33    5 49    6 16    7 59    8 58    9  2   10 55 
   1 53    2 43    3 25    4 33    5 71    6 16    7 98    8 65    9 55   10 84 
   1  8    2 42    3 79    4 43    5  1    6 22    7 21    8 97    9 26   10 60 
   1 87    2  9    3 62    4 28    5 84    6 28    7 47    8 89    9 25   10 82 
   1 78    2 32    3 43    4 88    5 55    6 60    7 14    8 10    9 48   10 27 
   1 30    2 25    3 74    4 74    5 61    6 14    7 89    8 39    9 43   10 76 
   1 98    2 39    3  4    4 54    5 14    6 26    7 37    8 45    9  1   10 53 
   1 88    2 45    3 79    4 65    5 13    6 66    7 85    8 93    9 95   10 91 
   1 11    2 16    3  7    4 44    5  9    6 15    7 83    8 75    9 77   10 26 
   1 36    2 96    3 69    4 47    5 84    6 41    7 25    8 12    9 28   10 92 
   1 10    2  7    3 78    4 97    5 87    6 55    7 25    8 55    9 24   10 28 
   1  3    2 73    3 69    4 53    5 69    6 51    7 63    8 36    9 98   10 45 
   1  8    2 82    3 44    4 19    5 24    6 12    7 16    8 25    9 93   10 49 
   1 67    2 12    3 27    4 98    5 54    6 63    7 39    8 71    9 97   10 62 
   1 18    2 88    3 47    4 96    5 10    6 94    7 10    8 75    9 66   10 45 
   1  8    2 56    3 35    4 33    5 93    6 14    7 89    8 65    9 47   10 18 
   1 18    2 20    3 48    4 40    5 92    6 99    7  8    8 56    9 30   10 66 
   1  9    2 96    3 94    4 46    5 65    6 23    7 71    8 16    9 70   10 52 
   1 83    2 75    3 69    4 25    5 53    6 97    7 90    8 33    9 20   10 43 
   1 40    2 34    3 18    4 18    5 80    6 63    7 90    8 66    9 97   10 71 
   1 21    2 98    3 28    4 40    5  2    6 32    7 30    8 29    9 94   10 23 
   1 30    2 22    3 99    4 82    5 63    6 99    7 12    8  9    9 29   10 70 
   1  1    2 52    3 42    4 36    5 24    6 77    7 93    8 88    9 66   10 34 
   1 87    2 35    3 15    4 86    5 82    6 46    7 83    8 50    9 11   10 31 
   1 73    2 97    3 76    4 83    5 17    6 18    7 36    8 51    9 22   10 53 
   1 97    2 88    3 96    4 29    5 33    6 55    7 54    8 21    9 84   10 75 
   1 13    2 56    3 15    4 21    5 18    6 95    7 28    8 48    9  3   10 51 
   1 66    2 64    3 72    4 73    5 19    6 64    7 30    8 57    9 89   10 84 
   1 18    2 93    3 92    4 12    5 18    6 14    7 39    8  1    9 91   10 90 
   1  4    2 69    3 64    4 79    5  1    6 95    7 25    8  7    9 25   10 20 
   1 50    2 10    3 12    4 87    5 44    6 42    7 47    8 33    9 39   10 71 
   1 54    2 31    3 20    4 96    5  4    6 56    7 36    8 29    9 49   10 51 
   1 89    2 59    3 62    4 88    5 79    6 31    7 64    8 66    9 68   10 60 
   1 84    2 41    3 86    4  4    5 93    6 78    7 57    8 47    9 93   10 75 
   1 25    2 38    3 30    4 64    5 17    6 89    7 27    8 59    9 44   10 52 
   1 82    2 13    3 98    4  9    5 86    6 97    7 62    8  9    9 90   10 84 
   1 22    2 94    3 69    4 97    5 86    6 11    7 89    8 25    9 93   10 31 
   1 27    2 68    3 60    4 32    5 90    6 14    7 88    8 50    9 42   10 92 
   1 44    2 41    3 78    4  9    5 68    6 21    7 21    8 43    9 46   10 27 
   1 38    2 95    3 38    4  6    5 83    6 74    7 25    8 30    9 68   10 68 
   1  8    2 57    3 26    4 57    5 89    6  9    7 42    8 68    9 37   10 16 
   1 15    2 41    3 66    4 86    5 82    6 65    7 15    8 84    9 43   10 14 
   1 94    2 25    3 59    4 75    5 28    6 33    7 15    8 39    9 89   10 39 
   1 65    2 19    3  2    4 81    5 20    6 21    7 42    8 95    9 57   10 13 
   1 67    2 45    3 18    4 46    5 96    6 52    7 66    8 56    9 98   10 52 
   1 15    2 86    3 76    4 21    5 71    6 76    7 28    8 54    9 46   10  8 
   1 48    2  6    3 44    4 94    5 92    6 95    7 22    8  8    9 67   10 63 
   1 41    2  2    3 59    4 97    5 47    6 97    7 64    8 25    9 71   10 98 
   1 57    2  9    3 52    4 10    5 12    6 79    7 18    8 37    9 81   10 92 
   1 63    2 20    3 86    4 35    5 93    6 86    7 73    8 11    9 65   10 87 
   1 76    2 32    3 53    4 81    5 51    6 58    7 64    8 55    9 53   10 98 
   1 11    2 61    3 97    4 31    5 54    6 93    7 35    8 80    9 78   10 33 
   1 66    2 48    3 15    4 48    5 38    6 89    7 59    8  2    9  3   10 11 
   1 65    2 77    3 61    4 20    5 15    6 88    7 37    8 35    9 52   10 35 
   1 46    2 43    3 96    4 97    5 19    6 70    7 36    8 38    9 97   10 28 
   1  6    2 83    3 89    4 35    5 73    6 45    7 29    8 15    9 19   10 56 
   1 63    2 88    3 22    4 65    5 98    6 19    7 56    8 18    9 61   10  3 
   1 72    2  3    3 69    4 52    5 33    6 26    7 38    8 22    9  5   10 72 
   1  6    2 36    3 76    4 85    5 34    6 16    7 69    8  6    9 76   10 93 
   1 40    2 13    3  7    4 11    5 10    6 10    7 25    8 55    9 66   10 53 
   1 95    2 42    3 33    4 77    5  9    6 45    7 55    8 99    9 60   10 43 
   1 12    2 24    3 93    4 18    5 77    6 98    7 84    8 62    9 49   10 91 

