ta092
200 10
   1  3    2 87    3 18    4 32    5 43    6 85    7 15    8 77    9 91   10 82 
   1 78    2 15    3 30    4 28    5 20    6 97    7 16    8 92    9 82   10 63 
   1 97    2 28    3 48    4 63    5 84    6 69    7 25    8 61    9 83   10 58 
   1 19    2 65    3 53    4 90    5 51    6 92    7 55    8 36    9 81   10 32 
   1 34    2  7    3 69    4 30    5 29    6 88    7 89    8  6    9 73   10 59 
   1 19    2 84    3 45    4 94    5 64    6 61    7 70    8 17    9 89   10 48 
   1 17    2 61    3 28    4 81    5 41    6 65    7 85    8 31    9  5   10 41 
   1 75    2 41    3 52    4 19    5 13    6 40    7 21    8 19    9 31   10 19 
   1 35    2 24    3  4    4 58    5 61    6  3    7 71    8 42    9 11   10 81 
   1 84    2 18    3 52    4 57    5 25    6 39    7  7    8 17    9 15   10  9 
   1 44    2 74    3 14    4 75    5 14    6 52    7 19    8 85    9 84   10 10 
   1 73    2 72    3 77    4  9    5 85    6 14    7 77    8 86    9 73   10 16 
   1 93    2 12    3  6    4 46    5 13    6 40    7 67    8 54    9 45   10 20 
   1 90    2 47    3 35    4 88    5 11    6 18    7 33    8 99    9 15   10 27 
   1 39    2  8    3 63    4 76    5 12    6 14    7 39    8 19    9 79   10 31 
   1 93    2 61    3 19    4 29    5 34    6 55    7 83    8 78    9 51   10 87 
   1 68    2 13    3 43    4 33    5 75    6 56    7 57    8 67    9 13   10 52 
   1 66    2 75    3 43    4 52    5 58    6 58    7 22    8 26    9 53   10 72 
   1 77    2  6    3  4    4 53    5 37    6 47    7 71    8 25    9 28   10 92 
   1 17    2  2    3  1    4 52    5 52    6 86    7 83    8 89    9 52   10 45 
   1 60    2 15    3 92    4 34    5 19    6 47    7 47    8  7    9 80   10 71 
   1  6    2 13    3  3    4 23    5 92    6 42    7 64    8 38    9 59   10 52 
   1 50    2 56    3 73    4 61    5 99    6 77    7 28    8  1    9 43   10 18 
   1 44    2 22    3 44    4 59    5 96    6 78    7 75    8 10    9  5   10 76 
   1 23    2  2    3  2    4 41    5 75    6 42    7  6    8 88    9 94   10 15 
   1 95    2 93    3 12    4 23    5 65    6 22    7 28    8 50    9 57   10 69 
   1 19    2 31    3 30    4 29    5  1    6 10    7 42    8 31    9 55   10 55 
   1 59    2 84    3 10    4 52    5 51    6 56    7 30    8 80    9 71   10 56 
   1 67    2 48    3 22    4 28    5 39    6 81    7 52    8 53    9  9   10 70 
   1 84    2 84    3 46    4  7    5 45    6 94    7 51    8 41    9 18   10 49 
   1 27    2 19    3 24    4 27    5 16    6 27    7 32    8 14    9  6   10 97 
   1 97    2 30    3 39    4 38    5 25    6 92    7 32    8 40    9 70   10 62 
   1 72    2 44    3 46    4 36    5 49    6 14    7  7    8 80    9  6   10 67 
   1 58    2 75    3  4    4  7    5 84    6 85    7 45    8 42    9 64   10 35 
   1  1    2 80    3 93    4 52    5 44    6 87    7 93    8 34    9 85   10 49 
   1 29    2 89    3 64    4 45    5  8    6 88    7 93    8 39    9 68   10 11 
   1 17    2 61    3 82    4 76    5 65    6 45    7 31    8 19    9 42   10 56 
   1 94    2 78    3 27    4 49    5 58    6 69    7 52    8 26    9 28   10 71 
   1 88    2 89    3 20    4  5    5 40    6 89    7 73    8 74    9 37   10 34 
   1 44    2 78    3 25    4 98    5 21    6 27    7 40    8 39    9 30   10 78 
   1 75    2 53    3 69    4 94    5 52    6 70    7  6    8 93    9 34   10 60 
   1 30    2  6    3  8    4 64    5 30    6  3    7 31    8 57    9 42   10 19 
   1 89    2 54    3 87    4 70    5 59    6 86    7 53    8 66    9 90   10 93 
   1 24    2 30    3 35    4 51    5 98    6 69    7 36    8 39    9  4   10  6 
   1 20    2 46    3 42    4 45    5 48    6 63    7 10    8  4    9 24   10 78 
   1 69    2 95    3  4    4 74    5 62    6 16    7  2    8 92    9 59   10 77 
   1 25    2 84    3 88    4 80    5  2    6 19    7 43    8 42    9  5   10 39 
   1 61    2 26    3  4    4 93    5 40    6 71    7 21    8  2    9 88   10 78 
   1 44    2 77    3 43    4 83    5 46    6 48    7  9    8 72    9 68   10 45 
   1 76    2 18    3 74    4 29    5 28    6 83    7 54    8  7    9 29   10 95 
   1 82    2 98    3  9    4 98    5 25    6 55    7 92    8 44    9 29   10 47 
   1 13    2 87    3 15    4  9    5 87    6 32    7 32    8 85    9 99   10 92 
   1 59    2 75    3 57    4 66    5 67    6 53    7 51    8 30    9 62   10 20 
   1 58    2 23    3 92    4 49    5 36    6 34    7  1    8 67    9 44   10 99 
   1 61    2 61    3 16    4 35    5 87    6  9    7 11    8 69    9 52   10 13 
   1 11    2 83    3 85    4 97    5 73    6 45    7 17    8  7    9 65   10 91 
   1 49    2 12    3  1    4 49    5 19    6 31    7 71    8 43    9 80   10 10 
   1  5    2 73    3  8    4 42    5 87    6 61    7 62    8 63    9 81   10 34 
   1  6    2 61    3 43    4 84    5 44    6 96    7 53    8 82    9 51   10 35 
   1 43    2 28    3 44    4 37    5 92    6 87    7 68    8 44    9 26   10 12 
   1 17    2 72    3 26    4 67    5 39    6 78    7 28    8 15    9  2   10 43 
   1  3    2 22    3 54    4 87    5 13    6 65    7  9    8 28    9 44   10 39 
   1 42    2 38    3 13    4 71    5 48    6 15    7 62    8 30    9 75   10  6 
   1 38    2 72    3 10    4 84    5 68    6 23    7 25    8 83    9 19   10  6 
   1 61    2 16    3 54    4 23    5 20    6  7    7 70    8 55    9 24   10 94 
   1 48    2 68    3 81    4 78    5 91    6 17    7 49    8 26    9 97   10 74 
   1 19    2 91    3 75    4 34    5 95    6 67    7 86    8  1    9 57   10  1 
   1  3    2 10    3 30    4 62    5 54    6 95    7 17    8 58    9 29   10 68 
   1 59    2 58    3 34    4  5    5 29    6 40    7 69    8 45    9 40   10 28 
   1 72    2 11    3 16    4 33    5 82    6 86    7  7    8 62    9 27   10 58 
   1 60    2 94    3 73    4  5    5 27    6 65    7 37    8 40    9 57   10 82 
   1 71    2 24    3 67    4 72    5 83    6 65    7 72    8 67    9 82   10 86 
   1 18    2 75    3 57    4 49    5 75    6 65    7 35    8  6    9 43   10 17 
   1 67    2 16    3 44    4 22    5 77    6 51    7 33    8 98    9 22   10 44 
   1 52    2 21    3 64    4 95    5 99    6 77    7 20    8 35    9 37   10 30 
   1 72    2 89    3  7    4 35    5 57    6 13    7 90    8 96    9  3   10 51 
   1 47    2 32    3 54    4 29    5 98    6 18    7 15    8 63    9 65   10 23 
   1 80    2 49    3 30    4 72    5 69    6 21    7 64    8 33    9 72   10 51 
   1 70    2 73    3 81    4 87    5 62    6 80    7  8    8 64    9 21   10  3 
   1 80    2 82    3 97    4 13    5 15    6 59    7 72    8 28    9 93   10 86 
   1  4    2 91    3 69    4 74    5  3    6 37    7 77    8 27    9 98   10 73 
   1 63    2 86    3 13    4 97    5 16    6 62    7 48    8 15    9 54   10 60 
   1 77    2 64    3 89    4  8    5 11    6 86    7  7    8 94    9 77   10 76 
   1  3    2  8    3 96    4 28    5 36    6 99    7 88    8 55    9 47   10 79 
   1 82    2 36    3 68    4 46    5 99    6 12    7 69    8 19    9 90   10 99 
   1 97    2 55    3  3    4 22    5 95    6  5    7 33    8 87    9 36   10 19 
   1 49    2 89    3 12    4 51    5 34    6  8    7 62    8 94    9 89   10 61 
   1 23    2 37    3 24    4 71    5  2    6 11    7 62    8 39    9 68   10 42 
   1 86    2 10    3 50    4 70    5 94    6 23    7 54    8 67    9 85   10 49 
   1 47    2 58    3 90    4 45    5 83    6 44    7 18    8 83    9 75   10 41 
   1 46    2 48    3 53    4 91    5  4    6 85    7 31    8 21    9 21   10 98 
   1 73    2  1    3 66    4  3    5 53    6 82    7 24    8 59    9 67   10 37 
   1 17    2 54    3 76    4 16    5  5    6  3    7 75    8 69    9 48   10 87 
   1 53    2 43    3 20    4 16    5 69    6 58    7 22    8 24    9 10   10 79 
   1 47    2 75    3 97    4 26    5 85    6 49    7 86    8 74    9 25   10 83 
   1 30    2 53    3  4    4 55    5 22    6 38    7  4    8 70    9 20   10 17 
   1  5    2 13    3 84    4 17    5 30    6 65    7 44    8 38    9 40   10 30 
   1 21    2 70    3 67    4 16    5 10    6 92    7 27    8  4    9 95   10 37 
   1 94    2 15    3 53    4 22    5 86    6 28    7 84    8 44    9 11   10 91 
   1 99    2 57    3  3    4  8    5  7    6 49    7 86    8 32    9  9   10 30 
   1 47    2 78    3 37    4 97    5 16    6 52    7 53    8 45    9  3   10 35 
   1 20    2 51    3 92    4 60    5 50    6 95    7 57    8 94    9 18   10 67 
   1 71    2 59    3 11    4 58    5 92    6 41    7 10    8 91    9  8   10 72 
   1 49    2 39    3  5    4  9    5  4    6 60    7 56    8 86    9 35   10 37 
   1 86    2 15    3 70    4 71    5 68    6 91    7 10    8 26    9  2   10 53 
   1 34    2 87    3 68    4 29    5 26    6 83    7 95    8 27    9 88   10 45 
   1 21    2 89    3 97    4 15    5 21    6  1    7 23    8 52    9 60   10 52 
   1 31    2 68    3  2    4 58    5 58    6 92    7 93    8 49    9 85   10 59 
   1 42    2 44    3  3    4 55    5 48    6  3    7 96    8 59    9  3   10 13 
   1 40    2 57    3 18    4 91    5 28    6 20    7 81    8 95    9 73   10 71 
   1 86    2 68    3 42    4 30    5 75    6 27    7 32    8 72    9 58   10  2 
   1 21    2  6    3 13    4 46    5 55    6 35    7 80    8 75    9  7   10 34 
   1 56    2 55    3 12    4 96    5 31    6 55    7 77    8 84    9 38   10 88 
   1 30    2 10    3  3    4 46    5 36    6 67    7 91    8 21    9 76   10 88 
   1 40    2 32    3 34    4 99    5 93    6 10    7 47    8 31    9 51   10 25 
   1 84    2 34    3 96    4 89    5 45    6  7    7 94    8 27    9 17   10 62 
   1  2    2 38    3 82    4 39    5 19    6  8    7 92    8 71    9 80   10 11 
   1 93    2 27    3  3    4 27    5 58    6 69    7 68    8 87    9 81   10 14 
   1  5    2 81    3 23    4 67    5 41    6 28    7 28    8 48    9 94   10 36 
   1 68    2 80    3 94    4 28    5 99    6 59    7 69    8  1    9 80   10 97 
   1 68    2 88    3 20    4 66    5 45    6 34    7 79    8 71    9 16   10 26 
   1 56    2 64    3 12    4 88    5 63    6 24    7 27    8 46    9 59   10 69 
   1 78    2 98    3 17    4 55    5 88    6  9    7 61    8 71    9 17   10 68 
   1 48    2 87    3 81    4 50    5 59    6 17    7 78    8  5    9 54   10 65 
   1 64    2 59    3 69    4  1    5 40    6 84    7 56    8 17    9 78   10 38 
   1 55    2 89    3 78    4 53    5 71    6  3    7 59    8 59    9 16   10 11 
   1 54    2 39    3  4    4 90    5 99    6 19    7 28    8 73    9 23   10  8 
   1 24    2 91    3 10    4 31    5 20    6 66    7 58    8 93    9 78   10 40 
   1 81    2 78    3 16    4 52    5 21    6 49    7 83    8 67    9 59   10 57 
   1 17    2 10    3 55    4  3    5 71    6 19    7 98    8  8    9 49   10 10 
   1  8    2 94    3 51    4 27    5 80    6 73    7 46    8 44    9 38   10 59 
   1 64    2 22    3  4    4 81    5 91    6 51    7 22    8 46    9 69   10 86 
   1 39    2 12    3 18    4 12    5 30    6 46    7 51    8 28    9 83   10 90 
   1 44    2 89    3 13    4 84    5  7    6 23    7 85    8 96    9 26   10 94 
   1 46    2 28    3 11    4 42    5 88    6 83    7 89    8 95    9 32   10 12 
   1 23    2 92    3 93    4 19    5 78    6 65    7 11    8 34    9  8   10 75 
   1 22    2 18    3  8    4  5    5 91    6 60    7 78    8  6    9 50   10 99 
   1 81    2 51    3 88    4  4    5 20    6 83    7 87    8 76    9 33   10 14 
   1 12    2 92    3 53    4  7    5 15    6 51    7 96    8 64    9 30   10 13 
   1 55    2 51    3  7    4 29    5 31    6 93    7 10    8 92    9 27   10 38 
   1 46    2 14    3 24    4 43    5 80    6 87    7 39    8 50    9 63   10 11 
   1 57    2 55    3 66    4 93    5 46    6 88    7 38    8  8    9 23   10 18 
   1 46    2 35    3 46    4 38    5 11    6 34    7 51    8 86    9 12   10 59 
   1 18    2 27    3 40    4 74    5 43    6 26    7 82    8 28    9 60   10 65 
   1 54    2 35    3 95    4  6    5 17    6 88    7  5    8 90    9  6   10 60 
   1 15    2 74    3  6    4 99    5 26    6 90    7 36    8 49    9 53   10 93 
   1 23    2 95    3 10    4 92    5 78    6 38    7 81    8 78    9  9   10 34 
   1  5    2 11    3 51    4 94    5 24    6 73    7  5    8 59    9 98   10  3 
   1 79    2  5    3 52    4 67    5 42    6 72    7 54    8 22    9 98   10  8 
   1  2    2 21    3 72    4 17    5 14    6 17    7 82    8 53    9 38   10 38 
   1 86    2 70    3 13    4 90    5 51    6 92    7 74    8 59    9 59   10 48 
   1 30    2 65    3 43    4 10    5 98    6 50    7 65    8 23    9 80   10 78 
   1 84    2 53    3 93    4 77    5 34    6 11    7 74    8 88    9 74   10 99 
   1 80    2 59    3 53    4 93    5  4    6 76    7 72    8 79    9 83   10 50 
   1 19    2 43    3 35    4 27    5 37    6 92    7 25    8 47    9 34   10 53 
   1 39    2 11    3 55    4 14    5 99    6 62    7 72    8 27    9 48   10 55 
   1 94    2 15    3 46    4  4    5 53    6 88    7 43    8 66    9 35   10 46 
   1 35    2 23    3 28    4 36    5 15    6 53    7 78    8 58    9 65   10 40 
   1 66    2 98    3 52    4 84    5 16    6 46    7 56    8 97    9 33   10 65 
   1 75    2 85    3 17    4 57    5 77    6 25    7 30    8 95    9 63   10 84 
   1  5    2 68    3 19    4 31    5 17    6 79    7 83    8 26    9 37   10  3 
   1 52    2 82    3 79    4 69    5 27    6 55    7 39    8 83    9 92   10 20 
   1 64    2 43    3 91    4 12    5 52    6 46    7 50    8 22    9 97   10 67 
   1 57    2 46    3 52    4 30    5 15    6  4    7 92    8 56    9 70   10 19 
   1 19    2 45    3 33    4 35    5 50    6 74    7 97    8 90    9 47   10 54 
   1 49    2 26    3  4    4 17    5 21    6 65    7 30    8  3    9 55   10 59 
   1 63    2 62    3 16    4 86    5 78    6 90    7  9    8 18    9 99   10 22 
   1 67    2 78    3 75    4 41    5 71    6 24    7  8    8 82    9 77   10 93 
   1 92    2 43    3 94    4 93    5  1    6 64    7 79    8 72    9 49   10 62 
   1 46    2 36    3  2    4 10    5 47    6 15    7 24    8 83    9 62   10 37 
   1  5    2 56    3 27    4 94    5 82    6 41    7  9    8 86    9 80   10 70 
   1 83    2 65    3 62    4 91    5 56    6  6    7 13    8 72    9 52   10 66 
   1 70    2 10    3 72    4 71    5 46    6 44    7 35    8 69    9 86   10 93 
   1 69    2 29    3  2    4 67    5 10    6 52    7 40    8 62    9 83   10 22 
   1 82    2 56    3 23    4 50    5 79    6 15    7 36    8 75    9 45   10 39 
   1 84    2 11    3 42    4 89    5 93    6 84    7 70    8 81    9 76   10 93 
   1 92    2 76    3 48    4  1    5 27    6 36    7  8    8  8    9 73   10 34 
   1  8    2 81    3 61    4 56    5 16    6 37    7 77    8 95    9 55   10 26 
   1 55    2 31    3 66    4 42    5 75    6 47    7 68    8 34    9 98   10 98 
   1 96    2 10    3 96    4 94    5 44    6 99    7  6    8 57    9  2   10 58 
   1  9    2 69    3 27    4 36    5  1    6 10    7 80    8 26    9 36   10 73 
   1  8    2 89    3  9    4 25    5 60    6 43    7 32    8 16    9 47   10 61 
   1 30    2 36    3 26    4 67    5 21    6 18    7 48    8 10    9 49   10 29 
   1 17    2 29    3 19    4 40    5 73    6 23    7 99    8 98    9 67   10 90 
   1 68    2 73    3 23    4 19    5 92    6 57    7 88    8 11    9 52   10 68 
   1 82    2 68    3 13    4 14    5 89    6 69    7 27    8  6    9 53   10 10 
   1 16    2 69    3 25    4 79    5 51    6 55    7 28    8 10    9 59   10  3 
   1 56    2  5    3 65    4 47    5 55    6 51    7 29    8 71    9 13   10  8 
   1 97    2 61    3 37    4 30    5 20    6 98    7 28    8 73    9 24   10 27 
   1 59    2 75    3 52    4 80    5 33    6  9    7 91    8 47    9 25   10 30 
   1 67    2 37    3  7    4 64    5 55    6 86    7 60    8 66    9 32   10 99 
   1 86    2 26    3 19    4 24    5 46    6 74    7 86    8 63    9 26   10 64 
   1 97    2 35    3 30    4 74    5 73    6 40    7 81    8 92    9 62   10 47 
   1 62    2 67    3 63    4  3    5 43    6 67    7 82    8  2    9 72   10 42 
   1 80    2 87    3 36    4 24    5 55    6 58    7 17    8 47    9 59   10 65 
   1 94    2 62    3 56    4 83    5 66    6 64    7 20    8 12    9 12   10 39 
   1 74    2 40    3 65    4 11    5 87    6 24    7 91    8 79    9 96   10 32 
   1  6    2 79    3 53    4 89    5 64    6  5    7 46    8 71    9 77   10 48 
   1 92    2 49    3 87    4 78    5 92    6 74    7 14    8 29    9  4   10 82 
   1 20    2 76    3  7    4 49    5 73    6 40    7 64    8 33    9 91   10  5 

