ta091
200 10
   1 17    2 30    3 28    4 15    5 52    6  5    7 53    8 55    9 81   10 47 
   1 37    2 26    3 82    4 67    5 82    6 44    7 43    8 65    9 44   10 51 
   1 22    2  2    3 88    4 57    5 17    6  2    7 43    8 38    9 46   10 44 
   1 71    2 29    3 33    4 64    5 66    6 98    7 56    8 76    9  3   10 27 
   1 79    2 98    3 69    4 23    5 62    6 27    7 48    8 45    9 93   10 76 
   1 37    2 67    3 28    4  9    5 57    6 10    7 83    8 99    9 14   10  4 
   1 69    2 92    3 92    4  1    5 58    6 25    7 34    8 84    9 86   10 76 
   1 53    2 51    3 66    4  2    5 91    6 27    7 93    8 67    9 23   10 49 
   1 59    2 53    3 92    4 43    5 42    6 41    7 95    8 40    9 59   10  5 
   1 64    2 82    3 30    4 73    5 69    6 59    7 48    8 93    9 47   10 25 
   1 11    2 86    3 67    4 94    5 48    6 89    7 63    8 70    9 76   10 23 
   1 67    2 47    3 53    4 96    5 46    6 36    7 93    8 45    9 45   10 67 
   1 27    2 36    3 93    4 78    5 18    6 62    7 91    8 75    9 64   10 55 
   1 64    2 23    3 45    4 14    5 94    6 29    7 94    8 91    9 10   10 40 
   1 59    2 34    3  7    4 32    5 83    6 17    7 32    8 21    9  4   10 58 
   1 31    2 66    3 70    4 23    5 48    6 37    7 81    8 72    9 29   10 26 
   1 43    2 43    3 58    4 83    5 81    6 35    7 69    8 15    9 69   10 36 
   1 42    2 71    3 58    4 29    5 57    6 47    7 29    8 73    9 46   10 83 
   1 56    2 31    3 17    4 75    5 93    6 37    7 44    8 43    9 68   10 65 
   1 88    2 36    3 41    4 55    5 67    6 52    7  2    8 62    9 89   10 91 
   1 71    2 41    3 56    4 91    5 19    6  3    7 66    8 40    9 48   10 77 
   1 86    2  6    3 34    4 44    5 65    6 87    7 25    8 43    9 68   10 62 
   1  6    2 28    3 62    4 46    5 49    6  4    7 60    8 96    9 13   10  6 
   1 54    2 43    3 81    4 59    5 45    6 50    7 69    8 39    9 36   10 57 
   1 92    2 18    3 44    4 11    5 22    6 96    7 44    8 23    9 85   10 87 
   1 75    2 64    3 95    4 20    5 92    6 74    7 34    8 79    9 35   10  4 
   1 83    2 28    3 50    4 68    5 41    6 68    7 68    8 66    9 25   10 11 
   1  2    2 13    3 88    4  3    5 38    6 30    7 77    8 19    9 21   10 60 
   1 60    2  7    3 19    4 17    5 26    6 69    7 31    8 41    9 44   10 23 
   1 62    2 13    3 50    4 55    5  2    6 17    7 10    8 71    9 40   10 87 
   1 83    2 93    3 25    4 59    5 90    6 34    7 57    8 60    9 20   10 50 
   1 73    2 93    3 88    4 18    5 79    6 95    7 21    8 72    9 83   10 18 
   1 55    2 56    3  1    4 31    5 17    6  3    7 56    8 62    9 76   10 23 
   1  3    2 72    3  6    4 84    5 61    6 24    7 36    8 17    9 26   10 24 
   1 71    2 71    3 45    4 61    5 81    6 51    7 26    8 25    9 50   10 82 
   1 34    2 28    3 29    4 55    5 67    6 55    7 11    8 59    9 98   10 16 
   1 40    2 95    3  2    4 46    5 18    6 60    7  6    8 95    9  6   10 96 
   1 13    2 96    3 54    4 77    5  1    6 61    7 86    8 47    9 83   10 37 
   1 62    2 55    3 71    4 59    5 36    6 15    7  2    8 10    9 51   10 29 
   1 56    2 58    3 81    4 98    5 31    6 38    7 89    8 94    9 46   10 19 
   1 28    2 66    3 22    4 23    5 85    6 83    7 28    8 39    9 99   10 26 
   1 53    2  3    3 57    4 18    5 92    6 62    7 62    8 53    9 65   10 56 
   1 71    2 77    3 16    4 17    5  6    6 84    7 63    8 50    9 46   10 33 
   1  5    2 80    3 88    4 70    5 78    6 44    7 52    8 99    9 24   10 53 
   1 73    2  2    3  5    4 73    5 83    6 80    7 12    8 63    9 47   10  6 
   1 95    2 82    3 52    4 38    5 39    6 48    7 13    8 59    9 24   10 95 
   1 23    2 86    3 23    4 13    5 74    6 45    7 43    8 30    9 32   10 63 
   1 49    2 16    3 21    4 77    5 77    6 54    7 99    8 67    9 66   10 84 
   1 17    2 29    3 21    4 74    5 85    6 71    7 11    8 18    9 48   10 13 
   1 81    2 24    3 58    4 79    5 88    6 10    7 70    8 12    9 83   10  6 
   1 88    2 89    3 96    4 51    5 25    6 96    7 82    8  9    9  3   10 19 
   1 62    2 96    3 37    4 48    5 33    6 23    7 14    8 41    9 74   10 16 
   1 35    2 99    3 46    4 16    5 36    6  8    7 39    8 67    9 97   10 80 
   1 78    2 15    3 78    4 93    5 32    6 56    7 83    8 52    9 39   10 37 
   1 90    2 49    3 87    4 29    5 82    6 35    7  4    8 39    9 80   10 20 
   1 36    2 78    3 91    4 28    5 98    6 72    7 86    8 90    9 27   10 62 
   1 46    2 48    3  9    4  6    5  3    6 53    7 93    8 25    9 70   10 81 
   1 98    2 64    3 96    4 82    5 46    6 13    7 87    8 13    9 65   10 52 
   1 75    2  3    3 93    4 40    5 68    6 72    7 82    8 81    9  1   10 14 
   1 36    2 63    3 98    4  9    5 11    6 38    7 78    8  3    9 26   10 67 
   1 74    2 14    3 31    4 88    5 30    6  1    7 32    8  8    9 46   10 19 
   1 86    2 95    3 78    4 51    5 75    6 69    7 82    8 66    9  8   10 86 
   1 67    2 88    3 20    4 48    5 42    6 85    7 24    8 67    9 74   10  1 
   1 87    2  9    3 75    4  1    5 93    6  2    7 88    8 51    9 47   10 53 
   1 68    2 61    3 18    4  4    5 36    6 28    7 45    8 54    9 19   10 21 
   1  1    2 24    3 34    4 77    5 97    6 18    7 48    8 85    9 85   10 33 
   1 87    2 38    3 48    4 48    5  1    6 10    7 67    8 10    9 62   10 68 
   1 87    2 50    3 49    4  6    5 63    6 70    7 14    8 95    9 33   10 28 
   1  7    2 47    3 69    4  1    5 86    6 67    7 34    8 59    9 96   10 25 
   1 34    2 42    3 88    4 32    5 54    6 95    7 76    8 64    9 33   10 69 
   1  1    2 30    3 30    4 79    5 33    6 72    7  1    8 90    9  5   10 71 
   1 91    2 97    3 34    4 40    5 71    6 64    7 51    8 28    9 23   10 60 
   1  7    2 49    3 22    4 14    5  1    6 19    7 15    8 48    9 43   10 69 
   1  6    2 79    3 81    4 20    5 18    6 60    7 67    8 57    9 63   10 99 
   1 46    2 19    3 50    4 86    5 75    6 31    7 57    8 85    9 10   10 53 
   1  3    2 80    3 40    4 40    5 55    6 29    7  3    8 78    9 47   10 77 
   1 45    2 30    3 73    4 25    5 62    6 43    7 37    8 18    9 73   10 27 
   1 55    2 24    3 91    4 94    5 21    6 17    7 15    8 59    9  1   10 29 
   1 92    2 58    3  7    4 73    5 71    6 78    7 50    8 11    9 19   10 83 
   1 67    2 43    3  1    4 44    5 80    6 28    7 75    8 67    9 92   10 22 
   1 13    2  6    3 71    4 98    5  5    6 47    7 80    8 36    9 31   10 10 
   1 30    2 95    3 72    4 94    5 48    6 78    7  3    8 24    9 29   10 42 
   1 27    2 43    3  8    4 61    5 87    6 77    7  9    8 59    9 68   10 64 
   1 19    2 99    3 68    4 65    5 22    6 92    7 28    8 24    9 31   10 80 
   1 51    2 22    3 49    4 44    5  5    6 42    7 44    8 39    9 92   10 73 
   1 86    2 99    3  7    4 75    5 71    6 86    7  2    8  1    9 48   10 91 
   1 20    2 11    3 47    4  4    5 69    6  6    7 71    8 80    9 87   10 38 
   1 95    2 99    3 90    4 17    5 75    6 19    7 89    8 58    9  8   10 60 
   1 79    2 60    3 59    4  1    5 72    6 28    7 24    8 76    9 90   10 53 
   1 48    2 42    3 39    4 12    5 36    6 18    7 73    8 59    9 57   10 38 
   1 83    2 33    3 49    4 78    5 54    6  4    7 28    8 90    9 40   10 19 
   1 91    2 68    3 28    4 51    5 24    6 24    7 98    8 92    9 25   10 14 
   1 78    2 78    3 22    4 55    5 55    6 57    7 17    8  3    9 49   10 35 
   1 41    2 26    3 10    4 53    5  5    6 82    7 27    8 51    9 26   10 10 
   1 61    2 77    3 96    4 96    5 40    6  7    7 90    8  1    9 35   10 44 
   1 90    2  1    3  2    4 92    5 56    6  4    7  4    8 55    9 90   10 97 
   1 57    2 13    3 88    4 82    5  8    6 94    7 13    8 50    9 99   10 17 
   1  4    2 67    3 90    4 20    5 19    6  9    7 83    8 15    9 30   10 50 
   1 21    2 87    3 69    4 22    5  7    6 57    7 43    8 31    9  5   10 22 
   1 68    2 31    3 44    4 13    5 12    6 82    7 63    8 99    9 52   10 19 
   1 87    2 49    3 74    4 40    5 44    6 98    7 68    8  8    9 12   10 70 
   1 62    2 90    3 16    4 43    5 66    6 54    7 74    8 44    9 11   10 88 
   1 69    2  6    3 90    4 23    5 39    6  2    7 12    8 91    9 72   10 31 
   1 79    2 76    3  7    4 30    5 41    6 71    7 69    8 83    9 32   10  7 
   1 69    2 94    3 14    4 16    5 60    6 94    7 38    8 75    9 81   10 81 
   1 35    2 76    3 47    4 76    5 11    6 69    7 74    8 66    9 21   10 58 
   1 25    2 79    3 48    4 30    5 31    6 51    7 98    8 98    9 81   10  2 
   1 68    2 66    3 36    4 59    5 65    6 80    7 86    8 77    9 64   10 89 
   1 14    2 51    3 62    4 64    5 16    6 79    7 72    8  8    9 45   10  1 
   1  9    2 14    3  1    4 72    5 67    6 85    7 76    8  6    9  4   10 80 
   1 74    2 89    3 63    4 61    5 19    6 56    7 53    8 26    9 10   10 52 
   1 61    2 87    3 86    4 13    5 69    6 79    7 94    8 47    9 90   10 15 
   1 58    2  1    3 49    4 81    5 56    6 46    7 45    8 55    9 11   10 25 
   1 81    2 65    3 48    4 25    5 96    6 71    7 30    8 39    9 88   10 11 
   1 52    2 53    3  3    4 90    5 78    6 85    7 39    8 91    9 52   10 97 
   1 93    2 19    3 51    4 67    5 36    6 52    7 60    8 78    9 96   10 90 
   1 44    2 21    3 80    4 21    5 56    6 42    7 69    8 49    9 92   10 62 
   1 57    2 98    3 86    4 70    5 12    6 66    7 12    8 23    9 44   10 69 
   1 89    2 90    3 97    4 96    5 37    6 82    7 83    8 92    9 54   10 34 
   1 81    2 45    3  4    4 99    5  1    6 91    7 21    8 68    9 28   10 66 
   1 69    2 77    3 58    4 64    5 50    6 48    7 25    8 88    9 85   10 54 
   1 98    2 54    3 79    4 68    5 43    6 70    7 50    8  9    9 51   10 84 
   1 78    2 86    3 28    4 61    5 58    6 21    7 47    8 38    9 21   10 62 
   1 70    2  2    3 19    4 36    5 13    6 82    7 43    8 60    9  4   10 71 
   1  3    2  3    3 93    4 57    5 55    6 12    7 58    8  2    9 42   10 70 
   1 70    2 88    3 88    4 86    5 87    6 94    7 11    8  8    9 43   10 60 
   1 62    2 39    3 44    4 10    5 20    6 17    7 63    8 86    9 55   10 54 
   1 81    2 56    3 74    4 57    5 84    6 45    7 74    8 62    9 89   10 52 
   1 61    2 24    3 18    4 88    5 28    6 68    7  6    8 41    9  4   10 71 
   1 65    2 91    3 95    4 59    5 59    6 60    7 23    8 66    9  1   10  9 
   1 65    2 86    3  2    4 73    5 65    6 93    7 94    8 94    9 97   10 99 
   1 33    2 80    3 22    4 43    5 56    6 30    7 93    8 54    9 65   10 41 
   1 62    2 58    3  7    4 25    5  2    6  5    7 26    8  9    9 38   10 30 
   1 19    2 54    3 82    4 37    5 36    6 31    7 49    8 75    9 87   10 23 
   1 57    2 57    3 52    4 70    5 41    6 30    7 30    8 43    9 58   10 60 
   1 82    2 42    3 17    4 97    5  7    6 71    7 50    8  9    9 47   10  1 
   1 78    2 32    3 59    4 29    5 23    6 29    7 47    8 10    9 53   10 67 
   1 94    2  5    3 42    4 33    5 25    6 82    7 89    8 79    9 51   10 55 
   1 65    2 43    3 51    4 99    5 81    6 20    7 43    8 10    9 40   10 64 
   1 14    2 80    3 79    4 34    5  6    6 13    7 32    8 97    9 80   10 21 
   1  9    2 86    3 93    4 96    5 67    6 94    7 45    8 39    9 20   10 16 
   1 29    2 47    3 65    4 65    5  5    6 47    7 47    8 30    9 24   10 94 
   1 70    2 95    3 27    4 90    5 89    6 57    7 68    8 74    9 77   10 11 
   1 90    2 86    3 25    4 52    5 71    6 95    7 13    8 52    9 37   10 90 
   1 86    2 40    3 60    4 95    5 86    6  8    7 86    8 90    9 13   10 48 
   1 12    2 31    3 72    4  3    5 48    6 46    7 97    8 12    9 29   10 85 
   1 40    2 61    3 29    4 64    5 50    6 80    7  2    8 61    9 28   10 34 
   1 12    2 12    3 55    4 21    5 54    6 32    7 16    8 34    9 18   10  7 
   1 64    2 64    3 58    4 16    5 21    6  7    7 27    8 88    9 22   10 79 
   1 32    2 17    3 22    4 70    5 83    6 34    7 38    8 27    9 75   10 95 
   1 18    2 52    3 58    4 67    5 27    6 33    7 53    8 68    9 24   10 50 
   1 11    2 56    3 61    4 13    5 38    6 33    7 37    8 14    9 79   10 78 
   1 40    2 35    3 89    4 96    5 79    6 18    7 94    8 88    9 99   10 39 
   1 14    2 60    3 67    4 57    5 71    6 29    7 78    8 74    9 35   10 79 
   1 22    2 75    3 14    4  7    5 53    6 19    7 84    8 71    9 45   10 69 
   1 49    2 10    3 10    4 30    5  2    6 74    7 49    8 14    9 95   10 27 
   1 95    2 50    3 40    4 96    5  9    6 58    7 25    8 16    9 46   10 42 
   1 82    2 66    3 11    4 98    5 49    6 52    7 59    8 46    9 15   10 15 
   1  7    2 53    3 99    4 72    5 79    6 10    7 36    8 47    9  7   10 51 
   1 19    2 58    3  7    4 31    5 39    6 70    7 33    8 54    9 24   10 44 
   1 95    2 12    3 20    4 11    5 28    6 78    7 15    8 91    9 45   10 71 
   1 39    2 66    3 78    4 36    5 39    6 59    7 36    8 89    9 20   10 32 
   1 71    2 81    3  6    4 10    5 70    6 32    7 47    8 59    9 35   10 66 
   1 34    2 51    3 71    4 20    5 72    6 20    7 83    8 39    9 61   10 49 
   1 89    2 75    3 48    4 26    5 70    6 12    7 24    8 52    9 97   10  8 
   1 63    2 71    3 39    4 67    5 38    6 98    7 71    8 91    9 69   10  7 
   1 85    2 46    3 58    4 13    5 48    6 18    7  7    8 21    9 78   10 44 
   1 60    2 88    3  7    4 60    5 57    6 12    7  6    8 90    9 13   10  1 
   1 91    2 58    3 17    4 50    5 11    6 57    7 55    8 58    9 53   10 15 
   1 49    2 73    3 63    4 28    5 38    6 73    7 43    8 74    9 16   10  6 
   1 46    2 27    3 73    4 32    5 37    6 91    7 82    8 30    9 94   10 51 
   1 10    2 26    3 43    4 49    5 56    6 46    7 40    8 63    9 59   10 91 
   1 19    2 38    3 14    4 54    5 64    6 64    7 78    8 19    9 64   10 33 
   1 50    2 48    3 66    4 46    5 64    6 92    7 64    8 18    9 72   10 77 
   1 65    2  8    3 59    4 15    5 68    6 45    7 96    8 88    9 13   10 69 
   1 41    2 14    3 75    4 49    5 27    6 86    7 27    8 22    9 47   10 28 
   1 58    2 58    3 96    4 94    5 36    6 84    7 99    8 43    9 22   10  8 
   1 62    2 89    3 28    4 63    5 94    6 15    7 11    8 60    9  9   10  8 
   1 45    2 44    3 12    4 96    5 65    6 99    7 91    8 20    9 68   10 48 
   1 67    2 16    3 99    4 43    5 89    6  8    7 78    8 32    9  4   10  7 
   1 64    2 20    3 63    4 73    5 23    6 87    7 97    8 67    9 67   10 55 
   1  6    2 69    3 19    4 19    5 93    6 61    7 23    8  1    9 92   10 51 
   1 77    2 67    3 26    4 19    5 14    6 42    7 48    8 42    9 49   10 89 
   1 94    2 80    3  8    4 81    5 57    6 25    7 20    8 95    9 23   10 61 
   1 24    2 81    3 72    4 82    5 93    6 35    7 99    8 84    9 37   10 82 
   1 38    2 82    3 55    4 69    5 60    6 64    7 39    8 37    9 16   10 39 
   1 73    2 27    3 67    4 13    5 82    6 74    7 53    8 30    9 39   10 89 
   1 59    2  5    3  1    4 85    5 16    6 40    7  3    8 12    9 47   10 47 
   1 61    2 44    3 23    4 32    5 69    6 89    7 65    8 87    9 94   10 24 
   1 14    2 38    3 35    4 34    5 57    6  4    7 81    8 13    9 71   10 79 
   1 59    2 53    3  6    4 57    5  8    6 43    7 47    8 60    9 36   10 86 
   1 83    2 16    3 89    4 69    5 52    6 12    7 25    8 92    9 72   10 60 
   1  3    2 48    3 93    4 63    5 98    6 28    7 36    8 52    9 67   10 67 
   1 46    2 16    3 88    4 49    5 67    6 68    7 44    8 51    9 78   10 10 
   1 16    2 31    3 86    4 56    5 19    6 46    7 29    8 91    9 13   10 61 
   1 56    2 79    3 37    4 37    5 56    6 23    7 85    8 76    9 68   10 60 
   1 40    2 75    3 53    4 54    5 38    6  3    7 26    8 32    9 36   10 68 
   1  7    2 14    3 45    4 60    5 75    6 70    7  4    8 81    9 69   10 72 
   1 79    2 67    3 32    4 97    5 69    6 81    7  9    8 57    9 28   10  9 
   1 55    2 70    3 69    4 44    5 14    6 14    7 59    8 71    9 69   10 47 

