ta095
200 10
   1 51    2 25    3 97    4 83    5 42    6 44    7 45    8 69    9 78   10 34 
   1 36    2 56    3 99    4 11    5  9    6 39    7 50    8 56    9 50   10 17 
   1 26    2 21    3  2    4 73    5 69    6 29    7 79    8 80    9 21   10 39 
   1 84    2 11    3 68    4  4    5 37    6 17    7 28    8 92    9 31   10 92 
   1 92    2  3    3 20    4 73    5 72    6  3    7 88    8 85    9 43   10 77 
   1 80    2 36    3 65    4 98    5 46    6 21    7 81    8 50    9 10   10 33 
   1 39    2 42    3 74    4  9    5 50    6 40    7 35    8 40    9 88   10 85 
   1 29    2 32    3 26    4 36    5 54    6 94    7 53    8 87    9 24   10 83 
   1 63    2 84    3 19    4 86    5 87    6 88    7 21    8 99    9 86   10 86 
   1 95    2 68    3 27    4 50    5 39    6 52    7 65    8 86    9 46   10 51 
   1 46    2 59    3 34    4 20    5  6    6 15    7 86    8 41    9 17   10 69 
   1 19    2 22    3 44    4 38    5 65    6 71    7 84    8 42    9  4   10 14 
   1 66    2 62    3 32    4 92    5 91    6 55    7 27    8 65    9 36   10 24 
   1 98    2 50    3  1    4 16    5 92    6  2    7 44    8 61    9 16   10 42 
   1 90    2 72    3  6    4 76    5 95    6 53    7 11    8 63    9 98   10 16 
   1 41    2 76    3 62    4 63    5 48    6 85    7 57    8 48    9 30   10 11 
   1  9    2 80    3 57    4 18    5 21    6 54    7 41    8 97    9 31   10 75 
   1 11    2 20    3 85    4 93    5 19    6  3    7 11    8 96    9 72   10 73 
   1 96    2 95    3 23    4 32    5 80    6 70    7 89    8 40    9 71   10 62 
   1 69    2 18    3  6    4 65    5 53    6 38    7 83    8 86    9 71   10 89 
   1 33    2 21    3 69    4  2    5 81    6 67    7 43    8 66    9 95   10 79 
   1 71    2 45    3 39    4 40    5 84    6 42    7 24    8 13    9 12   10 40 
   1 64    2 60    3 58    4 81    5 40    6 38    7 76    8 82    9 75   10 32 
   1 90    2 83    3 82    4 92    5 28    6 34    7  6    8 85    9 70   10 65 
   1 13    2 65    3 12    4 65    5 71    6 15    7 71    8 78    9 56   10 77 
   1 45    2 83    3 28    4 51    5 33    6 17    7 33    8 14    9 93   10 62 
   1 83    2 55    3 71    4 49    5 41    6 56    7 53    8 86    9 12   10 84 
   1 53    2 59    3 23    4 39    5 76    6 86    7 46    8 61    9 92   10  6 
   1  3    2 31    3 52    4 10    5 70    6 43    7 36    8 32    9 94   10 13 
   1 94    2 90    3 12    4 83    5 48    6 16    7 21    8 32    9  3   10 20 
   1 87    2 52    3 93    4 68    5 75    6 59    7 21    8  7    9  9   10 73 
   1 11    2  2    3 97    4 36    5 11    6 54    7 35    8 50    9  6   10 39 
   1 26    2 35    3 48    4 80    5 10    6 61    7 15    8 61    9 55   10  1 
   1 66    2 86    3 66    4 33    5 73    6  8    7 62    8 93    9 65   10 98 
   1 58    2 68    3  6    4 38    5 32    6 49    7 22    8 77    9  2   10 19 
   1 54    2 93    3 44    4 41    5 21    6 82    7 55    8 70    9 91   10 24 
   1 20    2 23    3 93    4 83    5 17    6 30    7 32    8 53    9 97   10 44 
   1 50    2 75    3 39    4 61    5 46    6 15    7 38    8 82    9  4   10 88 
   1 19    2 79    3 69    4 77    5 75    6 60    7 35    8 99    9 83   10 17 
   1 49    2 34    3 27    4 61    5 54    6 14    7 10    8 24    9 87   10 90 
   1 68    2 51    3 72    4 97    5 51    6 96    7 42    8 35    9 84   10 13 
   1 54    2 46    3 81    4  2    5 57    6 84    7 59    8 77    9 32   10 29 
   1 26    2 25    3 86    4 59    5 15    6 89    7 78    8 86    9  3   10 70 
   1 35    2 54    3 60    4 82    5 30    6 91    7 29    8 96    9 17   10 70 
   1 93    2  8    3 52    4  5    5 20    6 68    7 97    8 97    9 55   10 92 
   1  6    2 49    3 13    4 35    5 98    6 45    7  7    8 39    9 42   10 71 
   1 76    2 68    3 31    4 62    5 89    6 75    7 28    8 53    9 67   10 93 
   1 61    2 56    3 34    4 81    5 36    6 87    7 35    8 21    9 16   10 90 
   1 76    2 25    3 91    4 71    5 89    6 62    7 69    8 27    9 85   10 11 
   1 65    2 92    3 56    4 27    5  8    6 51    7 83    8 34    9  4   10 88 
   1 58    2  1    3  7    4  4    5 26    6 52    7 75    8 68    9 55   10  8 
   1 31    2 79    3 85    4 10    5 47    6 65    7 16    8 89    9 16   10 17 
   1 60    2 62    3 71    4 75    5 75    6 62    7 75    8 98    9 91   10 36 
   1 52    2  1    3 54    4 58    5  3    6 92    7 92    8  7    9 62   10 78 
   1 18    2 45    3 60    4 74    5  1    6 21    7 51    8 19    9 63   10 50 
   1 45    2 84    3 92    4 86    5 47    6 53    7 61    8 23    9 89   10 21 
   1  9    2 22    3 83    4 39    5 97    6 46    7 41    8 40    9 30   10 17 
   1 18    2 35    3 67    4 38    5 67    6 50    7 33    8 27    9  8   10 22 
   1 73    2 61    3 16    4 84    5 13    6 90    7 92    8 11    9 23   10 92 
   1 79    2 64    3  4    4 15    5 14    6 79    7 66    8 84    9  8   10 13 
   1 24    2  9    3 28    4 88    5 66    6 17    7 62    8  7    9 83   10 64 
   1 96    2 36    3 92    4 77    5  4    6 91    7 27    8 62    9 37   10 90 
   1 23    2 29    3 81    4  5    5 60    6 35    7 32    8 27    9 65   10  3 
   1 53    2 15    3 76    4  6    5 73    6 34    7 77    8  9    9 18   10 13 
   1 38    2 74    3 63    4 42    5 33    6 66    7 52    8 61    9  1   10 28 
   1 79    2 68    3 77    4 22    5 70    6 30    7 82    8 29    9 29   10 91 
   1 20    2 78    3 47    4  1    5 27    6 63    7 41    8 93    9 47   10 22 
   1 51    2 92    3 74    4 61    5  8    6 35    7 53    8 26    9 48   10 72 
   1 45    2 94    3 95    4 64    5 83    6 77    7 70    8 37    9  8   10 10 
   1 50    2 73    3 23    4 16    5 99    6 56    7 53    8 12    9 31   10 15 
   1 56    2 43    3 70    4 37    5 27    6 69    7 72    8 78    9 13   10 82 
   1 64    2 17    3  6    4 18    5 47    6 80    7 49    8 68    9 59   10 14 
   1 30    2 82    3 12    4  1    5 53    6 82    7  7    8  8    9 89   10 25 
   1 21    2 36    3  4    4  2    5 75    6 47    7 65    8  9    9  9   10 66 
   1 23    2 81    3 74    4 50    5 79    6 96    7 34    8 86    9 36   10 54 
   1  4    2 66    3 90    4  4    5  6    6 77    7 96    8 39    9 69   10 83 
   1 86    2 66    3 68    4 16    5 99    6 80    7 59    8 90    9 41   10  5 
   1 63    2 83    3 86    4 99    5 36    6 13    7 78    8 47    9 63   10 61 
   1 19    2 87    3 19    4 51    5 34    6 18    7 14    8 88    9 31   10 77 
   1  6    2 30    3 35    4 74    5 66    6 19    7 74    8 67    9  5   10 85 
   1 83    2 91    3 25    4 56    5 77    6 26    7 85    8 58    9 35   10 13 
   1 98    2 63    3 72    4  2    5 38    6 67    7 43    8 63    9 46   10 33 
   1 42    2 24    3 77    4 62    5 43    6 89    7 98    8 23    9 93   10 29 
   1 72    2 98    3  2    4 56    5 52    6 42    7 93    8  6    9 36   10  7 
   1 80    2  9    3 44    4 59    5 97    6 93    7 78    8 15    9 56   10 20 
   1 68    2 79    3 60    4 75    5  8    6 23    7  8    8 13    9 16   10 50 
   1 66    2 85    3 52    4 54    5 42    6 66    7 51    8 86    9 43   10 22 
   1 58    2  4    3 82    4 92    5 95    6 34    7 87    8 90    9 94   10 26 
   1 41    2 14    3 62    4 18    5 57    6 48    7 13    8 18    9 33   10 37 
   1 48    2 50    3 98    4 21    5 84    6 13    7 17    8 15    9 13   10 14 
   1 85    2 60    3 33    4 23    5 93    6 22    7 14    8 30    9 35   10 54 
   1 52    2 59    3  7    4 96    5 19    6 65    7 21    8 10    9 16   10 65 
   1 28    2 87    3 42    4 55    5 71    6 52    7 52    8  8    9 45   10 35 
   1 76    2 98    3 98    4 32    5 51    6 18    7 16    8 65    9 25   10 28 
   1 74    2 28    3 52    4  9    5 44    6 64    7 21    8 77    9 42   10 78 
   1 34    2 77    3 35    4 24    5 18    6 48    7  1    8 84    9 31   10 73 
   1 96    2 11    3 96    4 70    5 16    6 83    7 74    8 20    9 42   10 20 
   1 18    2 26    3 83    4 16    5 63    6 50    7 71    8 18    9 47   10 61 
   1  2    2 14    3 13    4 13    5 77    6 93    7 86    8 76    9 75   10 57 
   1 85    2 44    3 37    4 49    5 81    6 26    7 37    8 98    9  9   10 97 
   1 35    2  9    3 64    4 63    5 26    6 27    7 32    8  5    9 44   10 29 
   1 57    2 32    3 28    4 97    5 39    6 66    7  3    8 68    9 74   10 88 
   1 78    2 57    3 30    4 40    5 47    6 10    7 47    8  4    9 56   10 84 
   1 18    2 93    3 56    4 84    5 65    6 52    7 99    8 25    9 37   10 71 
   1 47    2 50    3 38    4 12    5 16    6  3    7 51    8 46    9 47   10  9 
   1  4    2 46    3 57    4 21    5 47    6 81    7 36    8 44    9 50   10 55 
   1 71    2 84    3 91    4 16    5  3    6 67    7 34    8 57    9 70   10 28 
   1 33    2 28    3 24    4 48    5 62    6 12    7 72    8 20    9 74   10 12 
   1 32    2 66    3 38    4 53    5 56    6 77    7 79    8  9    9 50   10 17 
   1 32    2 62    3 73    4 31    5 41    6 96    7 33    8 10    9  4   10 98 
   1 57    2 17    3 32    4 22    5 11    6 85    7 36    8 64    9 36   10 93 
   1 92    2 25    3  7    4 72    5 42    6 66    7 70    8 77    9 81   10 80 
   1 89    2 41    3 70    4 28    5 34    6 45    7 67    8 49    9 72   10 99 
   1 13    2  6    3 62    4 69    5 56    6 37    7 65    8 63    9 55   10 90 
   1 24    2 94    3  5    4 39    5 95    6 95    7 63    8 83    9 38   10 33 
   1 60    2 87    3 90    4 10    5 99    6 40    7 72    8 12    9 64   10 81 
   1 45    2 36    3 57    4 53    5 78    6 33    7 36    8 52    9  6   10 31 
   1 69    2 94    3 41    4 59    5 78    6 26    7 36    8 56    9 21   10 62 
   1 24    2 40    3 63    4 77    5 69    6 83    7 60    8 57    9 92   10 39 
   1 70    2 64    3 57    4 13    5 47    6 46    7 42    8 79    9 52   10  9 
   1 80    2 76    3 25    4 12    5 52    6 68    7 78    8 32    9 96   10 79 
   1 82    2 43    3 93    4 73    5 24    6 83    7 30    8 31    9 46   10 47 
   1 11    2 27    3 76    4 22    5 66    6 94    7 11    8 45    9 28   10 36 
   1 38    2 13    3  5    4 29    5 73    6  9    7 67    8 23    9 13   10 18 
   1 60    2 37    3 61    4 13    5 65    6  1    7 77    8  2    9 52   10 31 
   1 74    2 35    3 46    4 96    5  6    6 26    7 34    8 48    9 46   10 72 
   1 11    2 93    3 82    4  4    5 17    6 71    7 11    8 27    9 73   10 65 
   1 71    2 31    3 58    4 45    5 96    6  9    7 60    8 19    9 31   10 35 
   1 81    2 84    3 71    4 32    5 62    6 93    7 76    8 95    9 31   10 73 
   1  6    2 84    3  8    4 40    5 25    6 76    7 67    8 75    9 99   10 41 
   1 21    2 74    3 18    4 75    5 68    6  3    7  9    8 24    9 33   10 47 
   1 89    2 71    3 17    4 39    5 34    6 10    7 33    8 49    9 23   10 66 
   1 34    2 80    3 91    4 86    5 38    6 99    7 77    8 31    9 69   10 33 
   1 41    2 73    3 94    4 63    5 99    6 88    7 37    8 85    9 80   10 12 
   1 97    2 19    3 17    4 52    5 41    6 11    7 75    8 21    9 71   10 57 
   1 62    2 63    3  3    4 62    5 46    6 84    7 84    8 39    9 40   10 28 
   1 53    2 51    3 41    4 56    5 75    6 43    7 84    8 56    9 97   10 73 
   1 75    2 27    3  6    4 70    5 26    6 65    7 16    8 85    9 90   10 87 
   1 68    2 73    3 44    4 78    5 65    6 38    7 37    8 70    9 11   10 39 
   1  9    2 91    3 58    4 85    5 59    6 16    7 20    8 76    9 24   10 67 
   1 64    2 59    3 48    4 89    5 41    6 20    7 21    8 62    9 91   10 81 
   1  1    2 92    3 82    4 98    5 45    6 71    7 80    8 61    9 93   10 93 
   1 66    2 69    3 25    4  9    5 61    6 75    7 83    8 18    9 97   10 17 
   1 26    2 31    3 91    4  5    5 47    6 12    7 20    8 22    9 92   10 25 
   1 45    2 71    3 58    4 90    5 99    6 23    7 99    8 25    9 60   10 63 
   1 97    2 75    3 87    4  9    5 32    6 17    7 52    8  3    9 30   10 32 
   1 43    2 26    3 13    4 69    5 87    6 61    7 52    8 58    9 40   10 24 
   1  6    2 98    3  8    4 73    5 44    6 79    7 95    8 11    9 36   10 89 
   1 90    2 68    3 19    4 24    5  8    6 32    7 49    8 19    9 16   10 27 
   1 23    2  1    3 89    4 67    5 50    6 11    7 80    8 41    9 27   10 93 
   1 14    2 74    3 89    4 13    5 38    6 65    7 63    8 73    9  4   10 69 
   1 51    2 58    3  1    4 49    5 74    6 48    7 96    8 47    9 74   10 76 
   1 69    2  6    3 88    4 25    5 59    6 63    7 82    8 12    9 15   10 86 
   1 24    2 30    3 39    4 12    5 57    6 51    7 36    8 64    9 36   10 88 
   1 86    2 63    3 54    4 94    5  7    6 17    7 11    8 69    9 51   10 67 
   1 61    2 30    3 87    4 14    5 77    6 91    7 33    8 61    9 87   10 39 
   1 57    2 50    3 39    4  2    5 52    6 14    7 70    8  5    9 94   10 71 
   1 74    2 36    3 93    4 98    5 86    6 99    7  1    8 30    9 51   10 76 
   1 76    2 72    3 48    4 73    5 83    6 69    7  7    8 17    9  7   10 67 
   1 63    2 37    3 93    4 51    5 54    6 60    7 42    8  4    9 25   10 95 
   1 28    2 98    3  1    4  7    5 73    6 67    7 52    8 33    9 75   10  6 
   1 87    2 99    3 25    4 58    5 75    6 76    7 91    8 38    9 88   10 90 
   1 14    2 30    3 66    4 20    5 97    6 33    7 54    8 59    9 45   10 87 
   1 26    2  2    3 98    4 39    5  5    6  2    7 70    8 65    9 93   10 49 
   1  4    2  2    3 54    4 33    5 94    6  9    7 49    8 68    9 12   10 25 
   1 10    2 95    3 92    4 65    5 29    6 72    7 52    8 16    9 44   10 37 
   1 82    2 90    3 83    4 33    5 92    6 94    7  1    8 67    9 89   10  1 
   1 65    2 45    3 81    4 43    5 47    6 76    7 29    8  6    9 19   10 68 
   1 91    2 84    3 90    4  1    5 86    6 54    7 53    8 12    9 93   10 32 
   1 39    2 86    3 36    4 73    5 58    6 84    7 58    8 27    9 71   10 67 
   1 26    2 88    3 84    4 24    5 23    6 62    7 42    8 93    9  8   10 45 
   1 55    2 18    3 55    4  6    5 34    6 31    7 56    8 22    9 15   10 65 
   1 89    2 94    3 82    4 32    5 64    6 30    7 35    8 95    9  1   10 48 
   1 89    2 24    3 19    4 28    5  9    6 33    7 15    8 10    9 35   10 12 
   1 65    2 26    3 38    4 99    5 31    6 11    7 13    8 60    9 60   10 86 
   1 79    2 94    3 39    4 42    5 93    6 21    7 94    8 14    9 45   10 37 
   1 77    2 63    3  5    4 71    5 90    6 41    7 77    8 75    9 78   10  6 
   1 48    2 15    3  1    4 62    5  9    6 61    7 69    8 73    9 44   10 94 
   1 84    2 81    3 50    4 75    5  2    6 85    7 39    8 25    9 33   10 58 
   1 44    2 21    3 44    4 15    5 96    6 49    7 69    8  6    9 78   10 38 
   1 10    2 22    3 38    4 75    5 39    6 29    7 35    8 60    9  6   10 49 
   1 82    2 50    3 56    4  7    5 26    6 81    7 42    8  5    9 80   10 51 
   1 36    2 80    3  5    4 82    5 99    6 73    7 14    8 97    9 40   10  9 
   1  1    2 10    3 74    4 66    5 83    6 82    7  1    8 14    9 12   10 46 
   1 55    2 33    3 31    4  9    5 54    6 11    7 44    8 89    9 38   10 98 
   1 96    2 51    3 29    4 13    5 34    6 15    7  9    8 11    9 42   10 40 
   1 56    2 37    3 21    4 40    5 81    6 55    7 45    8 77    9 98   10 72 
   1 43    2 21    3 12    4 40    5  8    6 13    7 51    8 77    9 38   10 26 
   1 24    2 41    3 14    4 90    5 81    6 33    7 10    8 67    9 12   10 15 
   1 76    2 38    3 75    4 48    5 43    6 40    7 55    8 45    9 96   10 98 
   1  2    2 12    3 95    4 97    5 27    6 48    7 64    8 12    9 14   10 37 
   1 31    2 10    3  1    4 11    5 51    6 84    7 79    8 40    9 32   10 46 
   1  5    2 49    3 32    4 29    5 13    6 89    7  4    8 65    9 37   10 74 
   1 30    2 12    3 93    4 10    5 87    6  3    7 50    8 26    9 39   10 61 
   1 74    2 50    3 56    4 42    5 34    6 26    7 54    8 28    9 33   10 16 
   1 60    2 28    3 27    4 88    5 42    6 82    7 16    8 51    9 43   10 98 
   1 99    2 58    3 71    4 73    5 16    6 74    7 86    8 20    9 71   10 26 
   1  7    2  4    3 29    4 21    5 19    6 84    7 35    8 46    9 33   10 61 
   1 97    2 33    3 28    4 40    5 99    6 43    7 95    8 85    9 99   10 31 
   1 26    2 80    3 46    4 26    5  6    6 97    7 94    8 49    9 24   10  4 

