ta093
200 10
   1 27    2 37    3 15    4 76    5 32    6 60    7  5    8 70    9 11   10 67 
   1 36    2 58    3 30    4 35    5  4    6  3    7 16    8 21    9 34   10 81 
   1 70    2  7    3 65    4 82    5 15    6 84    7 23    8 47    9 11   10 59 
   1 14    2 22    3 42    4  4    5  2    6 97    7 42    8 18    9 85   10 68 
   1 97    2 31    3 12    4 75    5 87    6 75    7 81    8 17    9 82   10 16 
   1 81    2 18    3 72    4 68    5 35    6 73    7 88    8 44    9 56   10 95 
   1  3    2 48    3 87    4 80    5  7    6 80    7 60    8 57    9 59   10 57 
   1 30    2 29    3  2    4 32    5 67    6 31    7  7    8 39    9 76   10 84 
   1 73    2 49    3 12    4 76    5 98    6 45    7 16    8 48    9 46   10 44 
   1 81    2 39    3 32    4 11    5 75    6 12    7 74    8 86    9 27   10 80 
   1 34    2 77    3 94    4 83    5 90    6 22    7 77    8 53    9 91   10 73 
   1 93    2  2    3 38    4 66    5 65    6 70    7 89    8 73    9 46   10 54 
   1 74    2 24    3 36    4  2    5 25    6 81    7 77    8 93    9 22   10 58 
   1 57    2 79    3 49    4  6    5 30    6 88    7 13    8 59    9 61   10 41 
   1 73    2  9    3  3    4 14    5 75    6 22    7 58    8 41    9 51   10 24 
   1 41    2 77    3 72    4 53    5  4    6 91    7  4    8 81    9 54   10 95 
   1 81    2 28    3 83    4 78    5 57    6 33    7 54    8 39    9 82   10 74 
   1 76    2 39    3 69    4 18    5 38    6  5    7 24    8 11    9 67   10 38 
   1 81    2 76    3 33    4 95    5 55    6 21    7 66    8 49    9 24   10 25 
   1 57    2  9    3 89    4  2    5 28    6 57    7 65    8 37    9 33   10 15 
   1 48    2 10    3 62    4 84    5 15    6 16    7 85    8 70    9 49   10 40 
   1 92    2 77    3 12    4 17    5 88    6 28    7  5    8 79    9 95   10 19 
   1 80    2 79    3 17    4 49    5 38    6 84    7 25    8 84    9  7   10 70 
   1 36    2 79    3 39    4 19    5 71    6 38    7 48    8  1    9 44   10 20 
   1  5    2 44    3 93    4 20    5 21    6 97    7 29    8  1    9  7   10 61 
   1 99    2 34    3 25    4 22    5 87    6 98    7 43    8 78    9  8   10 25 
   1 61    2 56    3  7    4 79    5  7    6 82    7 94    8 13    9 75   10 31 
   1 80    2 91    3 58    4  9    5 28    6 13    7 89    8  8    9 46   10 63 
   1 53    2 93    3 10    4 56    5 21    6  3    7 56    8 39    9 38   10 98 
   1 56    2 89    3 53    4 64    5 79    6 97    7 27    8 17    9 93   10 72 
   1 92    2 49    3 41    4 29    5  1    6 64    7 93    8 83    9 68   10 91 
   1 54    2 26    3 55    4  8    5 76    6 25    7  1    8 38    9 12   10 50 
   1 57    2 53    3 87    4 59    5 35    6 22    7 42    8 10    9 32   10 34 
   1 53    2 26    3 22    4 65    5 57    6 21    7 40    8 73    9 86   10 97 
   1 85    2 37    3 92    4 57    5 75    6 58    7  7    8 41    9 78   10 44 
   1 21    2 43    3 86    4 34    5 65    6 49    7 50    8 16    9 27   10  1 
   1 65    2 96    3 72    4  1    5  9    6 12    7 84    8 43    9 77   10 44 
   1 50    2 37    3 77    4 49    5 53    6 77    7 14    8 32    9 72   10 73 
   1 76    2  7    3 42    4 12    5 11    6 51    7 24    8 28    9 11   10 78 
   1 41    2 94    3 99    4 43    5 75    6 73    7 72    8 87    9 43   10 32 
   1 61    2 36    3 96    4 60    5 34    6 27    7 42    8 41    9 80   10 39 
   1 66    2 80    3 42    4 31    5 23    6 34    7 64    8 42    9 23   10 77 
   1 88    2  7    3 18    4 48    5 44    6 77    7 57    8 45    9 26   10 21 
   1 30    2 40    3  6    4  3    5 95    6 29    7  2    8 48    9 75   10 20 
   1 62    2 49    3 95    4 83    5 81    6  9    7 84    8 92    9 64   10 31 
   1 40    2 57    3 64    4 20    5 31    6 16    7 99    8 27    9 76   10 92 
   1 46    2 54    3 11    4 93    5 50    6 92    7 58    8 76    9 60   10 67 
   1 35    2 78    3 61    4 44    5 77    6 49    7 89    8 27    9 31   10 80 
   1 25    2 11    3 47    4 99    5 43    6 57    7 70    8  8    9 11   10 26 
   1 46    2 41    3 13    4 96    5 13    6 57    7 10    8 36    9 21   10 68 
   1 45    2 70    3 31    4  1    5 39    6 74    7 15    8 33    9 10   10 56 
   1 44    2 25    3 23    4  9    5 12    6 17    7 57    8 16    9 26   10 11 
   1 83    2 15    3 72    4  4    5 72    6 51    7 53    8 61    9 97   10 34 
   1 59    2 48    3 51    4 79    5 35    6 38    7 95    8 24    9 51   10 90 
   1 75    2 25    3 58    4 56    5 65    6 81    7 94    8 36    9 47   10 84 
   1 20    2 87    3 46    4 38    5 79    6 94    7 54    8 66    9 79   10 80 
   1 88    2 18    3 19    4  1    5 99    6 32    7  9    8 10    9 99   10 50 
   1 84    2 81    3  8    4 40    5 51    6 35    7 21    8 47    9 47   10 82 
   1 38    2 35    3 46    4 88    5 52    6 32    7 83    8  6    9 70   10 40 
   1 71    2 81    3  3    4 54    5  5    6 90    7 23    8 74    9 45   10 23 
   1 47    2 42    3 62    4 71    5 80    6 13    7 28    8 79    9 32   10 19 
   1 33    2 18    3 48    4 15    5 52    6 77    7 85    8 39    9  1   10 34 
   1 33    2 20    3 93    4 59    5 73    6 79    7 46    8 84    9  5   10 78 
   1 84    2 63    3 68    4  9    5 15    6 19    7 67    8 64    9 89   10 11 
   1 48    2 80    3 52    4 57    5 97    6 75    7 48    8 67    9 92   10 48 
   1 59    2 37    3  1    4 58    5 35    6 82    7  2    8 41    9 63   10 98 
   1 67    2 89    3 90    4 23    5 53    6 16    7 76    8  6    9 93   10 86 
   1 73    2 18    3 16    4 21    5 72    6 13    7 55    8 24    9 96   10 95 
   1  8    2 72    3 58    4  5    5 93    6 25    7 47    8 17    9 13   10 69 
   1 36    2 84    3 36    4 41    5 36    6 64    7 93    8 53    9 59   10 65 
   1 55    2 95    3 60    4  9    5 88    6 88    7 88    8 47    9 34   10 49 
   1 41    2 80    3 63    4 31    5 93    6 14    7 45    8 21    9 68   10 24 
   1  3    2 43    3 26    4 81    5 64    6 23    7 18    8 91    9 78   10 70 
   1 78    2  9    3 89    4 25    5 27    6 15    7 99    8 98    9 85   10 74 
   1 79    2 80    3 56    4 87    5 60    6 79    7 20    8 80    9 41   10 48 
   1 79    2 74    3 17    4 91    5 92    6 66    7 16    8 62    9 81   10 34 
   1 80    2 16    3 36    4 29    5 86    6 48    7 46    8 56    9 36   10 88 
   1 67    2 32    3 86    4 30    5  6    6 87    7 31    8 14    9 21   10 52 
   1 89    2 93    3 65    4 50    5 26    6 77    7 74    8 39    9 31   10 97 
   1 33    2 85    3 66    4 63    5 98    6 72    7 78    8 77    9 46   10 16 
   1 90    2 96    3 84    4 55    5 10    6 77    7 84    8 16    9 41   10  6 
   1 18    2 57    3 58    4 17    5 46    6 76    7 72    8 69    9 34   10 15 
   1  6    2 19    3 27    4  3    5 47    6 50    7 39    8  5    9  9   10 64 
   1 82    2  2    3 13    4 24    5 61    6 38    7 29    8  6    9 24   10 47 
   1 38    2 28    3 43    4 81    5 39    6 67    7 15    8 66    9 41   10 49 
   1  6    2 35    3 16    4 76    5 45    6 53    7 59    8 82    9 88   10 40 
   1 24    2 60    3 39    4 28    5 99    6 41    7 89    8 84    9 41   10 90 
   1 99    2 12    3 48    4  2    5 50    6  8    7 71    8  6    9 55   10 93 
   1  2    2 77    3 29    4 58    5 36    6 57    7 11    8 19    9 27   10 51 
   1 67    2 42    3 75    4 77    5 70    6 41    7 40    8 67    9 66   10 18 
   1 73    2 21    3 25    4 24    5  4    6 36    7 62    8 65    9 37   10 16 
   1 21    2 70    3  7    4 16    5 72    6  5    7 18    8 65    9  4   10 59 
   1 50    2 64    3 79    4 49    5 56    6 35    7 11    8 46    9 39   10 56 
   1 31    2 87    3 41    4 77    5 67    6 27    7 46    8  8    9 46   10 61 
   1 33    2 15    3 32    4  7    5 42    6  5    7 17    8 28    9  8   10 72 
   1 29    2 38    3 70    4  4    5 83    6 67    7 87    8 40    9 25   10 22 
   1  2    2  6    3 67    4 17    5 12    6  1    7 12    8 35    9 52   10 35 
   1 45    2 90    3 87    4  5    5 53    6  3    7 48    8 22    9 41   10  9 
   1 16    2 32    3 31    4 11    5 70    6 55    7 96    8 86    9 83   10 33 
   1 14    2 17    3 15    4 82    5 53    6 21    7 59    8 75    9 56   10 40 
   1 95    2 32    3 86    4 31    5 84    6  7    7 55    8 18    9 74   10  3 
   1 79    2 53    3 44    4  9    5 19    6 63    7 66    8 51    9 36   10 13 
   1 69    2 86    3 17    4 55    5 43    6 56    7 36    8 10    9 22   10 84 
   1 67    2 29    3 31    4 36    5 64    6 12    7 66    8 58    9  4   10 97 
   1 92    2 60    3 55    4 95    5  8    6 63    7 57    8 85    9 34   10 89 
   1 77    2 23    3 90    4 52    5 75    6 61    7 60    8 21    9 84   10 52 
   1 65    2 96    3  3    4 79    5 75    6 56    7 71    8 96    9 54   10 98 
   1 93    2 34    3 19    4 73    5 94    6 35    7 35    8 14    9 43   10 42 
   1 88    2 33    3 78    4 51    5 39    6 92    7 61    8 99    9 89   10 63 
   1 98    2 41    3 81    4 57    5 57    6 88    7 18    8 66    9 29   10 14 
   1 35    2 64    3 23    4 40    5 89    6 91    7 69    8  7    9 99   10 74 
   1 89    2 56    3 39    4 62    5 16    6 86    7 81    8 40    9 48   10 97 
   1 94    2 34    3 82    4 72    5  9    6 65    7 87    8 55    9 26   10  3 
   1 30    2 43    3 28    4 86    5 90    6 87    7 78    8 37    9 16   10 94 
   1 17    2 83    3 11    4 46    5 34    6 81    7 72    8 35    9 14   10 76 
   1 91    2 54    3 43    4 98    5 69    6 82    7 35    8 37    9 45   10  8 
   1 83    2 24    3 33    4 70    5 58    6 82    7 90    8 85    9 68   10 46 
   1 46    2 65    3 59    4 59    5 35    6 84    7 19    8 66    9 87   10  3 
   1 49    2 22    3  8    4  8    5 60    6  7    7 79    8 66    9 40   10 14 
   1 92    2 98    3 37    4 52    5 18    6 84    7 47    8  7    9 55   10 78 
   1 48    2 77    3 48    4 28    5 72    6 16    7 78    8 64    9  8   10 26 
   1 79    2 55    3 79    4 15    5 64    6 43    7 99    8 83    9 51   10 85 
   1 40    2 54    3 13    4 40    5 96    6 14    7 59    8 60    9 90   10 46 
   1 36    2 17    3 29    4 44    5 92    6 85    7 44    8 91    9 86   10 63 
   1 11    2 46    3  6    4  8    5 12    6 83    7 50    8 23    9 75   10 72 
   1 15    2 75    3 21    4 31    5 96    6 32    7 61    8 12    9 10   10 32 
   1 44    2 80    3 87    4 81    5 85    6 28    7 86    8 92    9 41   10 77 
   1 41    2 67    3 13    4 54    5 30    6 39    7 62    8 36    9 40   10 54 
   1 28    2 63    3 42    4 59    5 36    6  1    7  9    8 98    9 34   10 45 
   1 30    2 87    3 63    4 76    5 21    6 82    7 85    8 66    9 82   10 77 
   1 79    2  7    3 72    4 62    5  1    6 89    7 91    8 15    9 34   10 74 
   1 59    2 87    3  8    4 73    5 41    6 62    7 66    8 12    9 44   10 84 
   1 42    2  5    3  6    4 16    5 59    6 21    7 33    8 57    9 20   10 65 
   1 31    2 63    3 22    4 37    5 32    6 24    7 63    8 63    9 34   10 17 
   1 36    2  2    3 49    4 39    5 75    6 60    7 84    8 15    9  1   10  3 
   1 21    2 87    3 51    4 89    5 45    6 92    7 19    8 41    9 21   10 71 
   1 75    2 90    3 69    4 90    5 38    6 64    7 75    8 49    9 44   10 74 
   1 93    2 83    3 95    4 39    5 91    6 80    7  5    8 42    9  2   10 84 
   1 56    2  5    3 92    4 90    5 93    6 35    7 70    8  7    9 74   10 38 
   1 21    2 64    3 44    4 12    5 43    6 42    7 72    8 48    9 36   10 71 
   1 19    2 16    3 31    4 58    5 91    6 42    7 32    8 69    9 56   10 49 
   1 96    2 32    3 42    4 69    5 73    6 76    7 46    8 75    9 16   10  7 
   1 91    2 14    3 63    4 20    5 79    6 93    7 57    8 55    9 93   10 35 
   1 48    2 68    3 55    4 81    5 56    6 95    7 41    8 50    9 85   10 88 
   1 40    2 41    3 99    4 46    5 76    6 34    7 81    8 94    9 33   10 35 
   1 51    2  8    3 40    4 86    5  9    6 85    7 45    8 59    9 41   10 62 
   1  8    2 59    3 67    4 60    5 10    6 12    7 68    8 67    9 46   10 13 
   1 66    2 52    3  4    4 51    5 36    6 76    7 81    8 20    9 78   10 40 
   1 90    2 68    3 51    4 99    5 43    6 69    7 60    8 29    9 37   10 73 
   1 63    2 20    3 63    4  7    5 60    6 71    7 43    8 74    9 21   10 24 
   1  4    2 51    3 18    4  4    5 67    6 94    7 96    8 51    9 92   10 71 
   1 63    2 99    3 73    4 10    5 87    6 86    7 50    8 84    9  9   10 70 
   1 61    2  6    3 45    4 79    5  1    6 34    7 88    8 31    9 88   10 22 
   1  8    2 72    3  4    4 89    5  7    6 30    7 32    8 98    9  8   10 11 
   1 78    2 69    3 30    4 80    5 85    6 41    7 42    8 16    9 23   10 97 
   1 82    2 80    3 71    4 63    5 32    6 51    7 49    8 53    9 82   10 71 
   1  9    2 25    3 12    4 29    5 52    6 16    7 73    8 66    9 63   10 36 
   1 47    2  7    3 85    4 80    5 73    6 95    7 82    8 61    9 91   10 38 
   1 41    2 19    3 20    4 54    5 99    6 23    7  6    8 15    9 69   10 51 
   1 91    2 87    3 41    4 99    5 38    6 15    7 97    8 31    9  2   10 21 
   1 33    2 83    3 22    4 45    5 97    6 35    7 50    8 51    9 45   10 90 
   1 61    2 72    3 37    4 59    5 32    6 44    7 83    8 71    9 77   10 87 
   1 56    2 78    3 53    4 69    5 72    6 61    7 21    8 51    9 15   10 87 
   1 44    2 74    3 32    4 10    5 89    6 94    7 79    8 58    9  2   10 82 
   1 16    2 63    3 90    4 67    5 54    6 94    7 97    8 39    9 98   10 14 
   1  3    2 21    3 25    4 45    5 10    6 72    7  9    8 84    9 13   10 99 
   1 87    2 81    3 19    4 49    5 74    6  5    7 68    8 90    9 69   10 99 
   1 92    2 93    3  9    4 92    5 61    6 56    7  5    8 91    9 83   10 22 
   1 60    2 85    3 22    4 64    5 61    6 88    7 43    8 22    9 98   10 46 
   1 91    2  5    3 51    4 76    5 45    6 76    7 23    8 63    9  2   10 78 
   1 82    2 46    3 45    4 53    5 80    6 50    7 29    8 91    9 41   10 82 
   1 88    2 71    3 43    4  4    5 99    6 86    7 69    8 22    9 33   10 52 
   1 65    2 98    3 44    4 43    5 47    6 45    7  6    8  6    9 63   10  4 
   1 28    2 49    3 25    4 29    5 89    6 97    7  9    8 44    9 10   10 98 
   1 95    2 99    3  4    4 73    5  8    6 91    7 21    8 19    9 34   10 44 
   1 88    2 21    3 33    4 98    5 23    6 46    7 72    8 33    9 20   10 18 
   1 35    2 78    3 11    4 76    5  5    6 86    7 96    8 68    9  4   10 61 
   1 93    2 97    3 73    4 31    5 27    6  3    7 25    8  4    9 55   10 80 
   1 29    2 68    3 99    4 66    5 46    6 69    7 31    8  8    9 38   10 98 
   1 60    2 48    3  1    4 11    5 44    6 14    7 76    8 49    9 42   10 52 
   1 43    2 68    3 75    4 10    5 41    6 14    7 82    8 67    9 46   10 67 
   1 22    2 16    3 98    4 51    5 73    6 14    7 47    8 75    9 90   10 58 
   1 10    2 37    3 50    4 27    5 84    6 64    7 50    8 22    9 14   10 92 
   1 10    2 80    3 24    4 84    5 20    6 26    7 11    8 21    9 80   10 76 
   1 60    2 56    3 61    4 79    5 47    6 19    7 33    8  9    9 96   10 99 
   1  8    2 10    3 91    4 78    5 49    6 78    7  6    8 41    9 55   10 10 
   1  1    2 80    3 13    4 40    5 10    6 58    7 54    8 37    9  5   10 78 
   1 10    2 54    3 57    4 51    5 78    6 59    7 73    8 82    9 56   10 36 
   1 67    2 73    3 45    4 10    5 75    6 19    7 16    8 52    9 80   10 19 
   1 43    2 84    3 99    4 39    5 66    6 59    7 11    8  4    9 65   10 44 
   1 21    2 80    3 83    4 54    5 17    6 39    7 39    8 28    9 37   10 50 
   1 69    2 40    3 59    4 31    5 20    6 62    7 21    8 61    9 72   10 54 
   1 57    2 93    3 56    4 67    5 86    6 52    7 63    8 70    9 93   10 24 
   1 65    2 27    3 83    4 65    5 93    6 15    7 67    8 98    9 27   10 27 
   1 50    2 96    3 52    4 63    5 93    6 90    7 30    8 36    9 18   10 16 
   1 83    2 11    3 24    4 91    5 88    6 56    7 36    8 54    9 67   10 61 
   1 33    2 56    3 64    4 44    5 90    6 79    7 51    8 91    9  6   10 72 
   1 14    2  6    3 99    4 42    5 79    6  2    7 13    8 14    9 64   10 34 
   1 32    2 57    3 27    4 40    5 78    6 39    7 27    8 87    9 79   10 25 
   1 68    2 55    3 95    4 77    5 87    6 49    7 12    8 96    9  4   10 51 

