ta099
200 10
   1 64    2 66    3 53    4 93    5 60    6 74    7 79    8 68    9 80   10 49 
   1 52    2 61    3 74    4 84    5 32    6 82    7 79    8 15    9 28   10 75 
   1  2    2 18    3 51    4 29    5  5    6 47    7 59    8 41    9 31   10 94 
   1 49    2 44    3 52    4 96    5 37    6 63    7 69    8 23    9 10   10 44 
   1 20    2 87    3 33    4  6    5 88    6 51    7 14    8 50    9 37   10 98 
   1 96    2 82    3 35    4 71    5 55    6 12    7 30    8 92    9 69   10 50 
   1 64    2 61    3 97    4 54    5 60    6 24    7 89    8 82    9 57   10 47 
   1 70    2 97    3 20    4 69    5 97    6 24    7  7    8 84    9  9   10 60 
   1 79    2 39    3 23    4 98    5 78    6 11    7 69    8 53    9 48   10 40 
   1 36    2 27    3 96    4 13    5 50    6 67    7 73    8 97    9 60   10 97 
   1  7    2 10    3 35    4 91    5 41    6 16    7 62    8 82    9 26   10 97 
   1 48    2 29    3 31    4 24    5 20    6 36    7 53    8 58    9 62   10 81 
   1 81    2 56    3 44    4 73    5 61    6  3    7 82    8 61    9 37   10 54 
   1 70    2 51    3 72    4 64    5 95    6 96    7 73    8 71    9 85   10 88 
   1 65    2 44    3 76    4 47    5 42    6 37    7 34    8 23    9 97   10  1 
   1 30    2 98    3 26    4 19    5 30    6 96    7 78    8 45    9 70   10 47 
   1 68    2 69    3 36    4 47    5 81    6 15    7 32    8  6    9 59   10 95 
   1 61    2 25    3 98    4  3    5  2    6  4    7 57    8 32    9  4   10 55 
   1 40    2 29    3 11    4 82    5 11    6 62    7  2    8 69    9 91   10 31 
   1 15    2 30    3  3    4 51    5 84    6 22    7 37    8  7    9 22   10 69 
   1 39    2 97    3 28    4 40    5 49    6 88    7 45    8  1    9 22   10 63 
   1  5    2 63    3 62    4 31    5 12    6 21    7 70    8 59    9 63   10 19 
   1 27    2 91    3 68    4 38    5  9    6 96    7 60    8 87    9 84   10 56 
   1 19    2 32    3 66    4 27    5 93    6 19    7 88    8  1    9  8   10 89 
   1 99    2 64    3 21    4 70    5 61    6 21    7  1    8 77    9 45   10 68 
   1 75    2 16    3  4    4 28    5 31    6 32    7 73    8 55    9 40   10 35 
   1 75    2 69    3 92    4 55    5 55    6 86    7 96    8 60    9 51   10  6 
   1  9    2 80    3 65    4 20    5 79    6  3    7 64    8 30    9 23   10 58 
   1 42    2 29    3 29    4 32    5 96    6 89    7 80    8 14    9 67   10 62 
   1 11    2 66    3  8    4 69    5 35    6 50    7 19    8 27    9 38   10 57 
   1 53    2 86    3 67    4 39    5 20    6 48    7 83    8 11    9 91   10 13 
   1 18    2 12    3 90    4 95    5 42    6 53    7 40    8 38    9 92   10 97 
   1 43    2 83    3 45    4 52    5 81    6 36    7 92    8 71    9 66   10  4 
   1  9    2 50    3 48    4 40    5 46    6 65    7 97    8 43    9 24   10 94 
   1 15    2 53    3 93    4 25    5 81    6 89    7 30    8 55    9 11   10 17 
   1 27    2  1    3 78    4 73    5  5    6 93    7 69    8 85    9 74   10 32 
   1 26    2  2    3 79    4 51    5 65    6 22    7 38    8 65    9 94   10 54 
   1 67    2 35    3 97    4 41    5 83    6 57    7 22    8 64    9 95   10 74 
   1 26    2 56    3  5    4 56    5  9    6 68    7 13    8 61    9 40   10 14 
   1 67    2 23    3 93    4 32    5 70    6 11    7 22    8 19    9 42   10 12 
   1 41    2  7    3  8    4 85    5 74    6 85    7 77    8 87    9 61   10 61 
   1  5    2 48    3 36    4  7    5 51    6 92    7  3    8  4    9  7   10 14 
   1 15    2 22    3 68    4 91    5 99    6 20    7 19    8 83    9 79   10 63 
   1 54    2 39    3 98    4 22    5 80    6  1    7 62    8  4    9 73   10 13 
   1 82    2 25    3 21    4 72    5 53    6 66    7 13    8 38    9 81   10 54 
   1 74    2 57    3 25    4 14    5 95    6 13    7 23    8 40    9 29   10 71 
   1 34    2 33    3 95    4 53    5 83    6 77    7 38    8 94    9 67   10 44 
   1 73    2  5    3 79    4 24    5 70    6 10    7 51    8 94    9 50   10 85 
   1 44    2  2    3 58    4 71    5 50    6 60    7 20    8 88    9 17   10 13 
   1 84    2 62    3 65    4 45    5 24    6 38    7 74    8 57    9 62   10 89 
   1 45    2 88    3 91    4 19    5 52    6 11    7 98    8 33    9 91   10 29 
   1 11    2 96    3 73    4 32    5 17    6 48    7 98    8 99    9 92   10 94 
   1 67    2 92    3 22    4 82    5 23    6 48    7 82    8 51    9 19   10  4 
   1 16    2 28    3 78    4 60    5 45    6 83    7 77    8 58    9 10   10 34 
   1  3    2  5    3 83    4 61    5 35    6 59    7 47    8  1    9 88   10 27 
   1 34    2 54    3 45    4 29    5 51    6 51    7 93    8 29    9 31   10  2 
   1 40    2 87    3 15    4 65    5 66    6 70    7 12    8 31    9 80   10  1 
   1 31    2 77    3  1    4 89    5  2    6 73    7 33    8 26    9 59   10 38 
   1 90    2 16    3 49    4 96    5  1    6 26    7 77    8 93    9 49   10 13 
   1 29    2 72    3 64    4 54    5 12    6 52    7 92    8 12    9 92   10  6 
   1 68    2 18    3 93    4 24    5 46    6  6    7 93    8 55    9 60   10 76 
   1 25    2 15    3 70    4  3    5  4    6 85    7  9    8 77    9 76   10 40 
   1 68    2 81    3  3    4 51    5 69    6 98    7 89    8 63    9 77   10 92 
   1 95    2 62    3 52    4 30    5 27    6 26    7 62    8 53    9  5   10 84 
   1 52    2 21    3 13    4 92    5 62    6  8    7 19    8 41    9 26   10 45 
   1 77    2 33    3 65    4  6    5 45    6 95    7 91    8 34    9 94   10 86 
   1 60    2 75    3  4    4 37    5 96    6 74    7 16    8 57    9 27   10 55 
   1 12    2 60    3 18    4 92    5 29    6 58    7 76    8 37    9 77   10 91 
   1 74    2  1    3 61    4 89    5  5    6 52    7 74    8 71    9 36   10 18 
   1 86    2 38    3 21    4  6    5 78    6 50    7  6    8 77    9 58   10 53 
   1  9    2 51    3 63    4 39    5 65    6  4    7 80    8 18    9 15   10 44 
   1 89    2 76    3 44    4 14    5 30    6 65    7 27    8 16    9 65   10 81 
   1 24    2 89    3 38    4 36    5 32    6 64    7 20    8 26    9 82   10 11 
   1 93    2 37    3 45    4 77    5 93    6 36    7  5    8 25    9 43   10 24 
   1 71    2 87    3  2    4 68    5 97    6 68    7 49    8 38    9 98   10 54 
   1 52    2  7    3 79    4  6    5 76    6 66    7  8    8 45    9 21   10 41 
   1 88    2 24    3 39    4 59    5 17    6 33    7 85    8 92    9 42   10 41 
   1 28    2 86    3  2    4 18    5 75    6 25    7  2    8 40    9 17   10 51 
   1 53    2 76    3 91    4 78    5 75    6 64    7 25    8 46    9 39   10  2 
   1 23    2  4    3 65    4 78    5 44    6 49    7 88    8 56    9 40   10 92 
   1 48    2 32    3 74    4 66    5 40    6 44    7 75    8 84    9 45   10 44 
   1 73    2 36    3 48    4 57    5 63    6 61    7 42    8 39    9 74   10 58 
   1 42    2 37    3 36    4 95    5 49    6 23    7 17    8 22    9 65   10 61 
   1  7    2 74    3 77    4 77    5 21    6 91    7 34    8 39    9  2   10 94 
   1 87    2 28    3 70    4 95    5 86    6  1    7 51    8 57    9  5   10 73 
   1  8    2  7    3 42    4 94    5 60    6 95    7 28    8 55    9 60   10 74 
   1 95    2 67    3 63    4 39    5 88    6 33    7 71    8 90    9 57   10 24 
   1 31    2 50    3 64    4 25    5 44    6 51    7 89    8 16    9 49   10  1 
   1 68    2 40    3 64    4 39    5 84    6 70    7 50    8 44    9 48   10 62 
   1 49    2 21    3 88    4 35    5 88    6 90    7 29    8 17    9 78   10 83 
   1 82    2 31    3 14    4 40    5 34    6 25    7  9    8 21    9 89   10 36 
   1 58    2 15    3 38    4  7    5 66    6 87    7 81    8 79    9 60   10 75 
   1 92    2 76    3 71    4 66    5 55    6 25    7 30    8 20    9 63   10 55 
   1 47    2 39    3  6    4 88    5 15    6 80    7 64    8 34    9 56   10 98 
   1 83    2 46    3 80    4 85    5 51    6 49    7  9    8 84    9 49   10 32 
   1 91    2 96    3 91    4 52    5 28    6 86    7 12    8  1    9 49   10  5 
   1  7    2  4    3 46    4  1    5 41    6 60    7 15    8 17    9 10   10 53 
   1 61    2  9    3 21    4 63    5  7    6 75    7  2    8  1    9 11   10 64 
   1 49    2 96    3 52    4 50    5 74    6 87    7  2    8 97    9 23   10 57 
   1 65    2 92    3  3    4  7    5 54    6  8    7 22    8 77    9 77   10 26 
   1 65    2 73    3 35    4 58    5 68    6  2    7 31    8 65    9 91   10 56 
   1 90    2 60    3 87    4 59    5 82    6 55    7 29    8 18    9 67   10 89 
   1 59    2 30    3 97    4 48    5 34    6 92    7 81    8 17    9 52   10 27 
   1 94    2 90    3  5    4 48    5  3    6 93    7 31    8 41    9 45   10 89 
   1 97    2 94    3 19    4 54    5 59    6 18    7 47    8 28    9 84   10 15 
   1 61    2 68    3 92    4 60    5 51    6  5    7 23    8 26    9 12   10 68 
   1 63    2 85    3 58    4 90    5 60    6  9    7 38    8 60    9 19   10 10 
   1 83    2 36    3 47    4 88    5 42    6 20    7 70    8 81    9 52   10 90 
   1 54    2 52    3 90    4 36    5 32    6 75    7 60    8 25    9 73   10 61 
   1  5    2 40    3 42    4 23    5 53    6 88    7 50    8 45    9 49   10 42 
   1 10    2 86    3 58    4 23    5 48    6 26    7 68    8 94    9 11   10 34 
   1  4    2 54    3 79    4 71    5 56    6 50    7 77    8 11    9 22   10 47 
   1 12    2 71    3 62    4 79    5 58    6 38    7 94    8 30    9 58   10 11 
   1 50    2 79    3 16    4 69    5 95    6 99    7 68    8 93    9 39   10 19 
   1 21    2 72    3 80    4 72    5 14    6 90    7 84    8 31    9 12   10 25 
   1 51    2 97    3 40    4 69    5 70    6 42    7 45    8 14    9  2   10 72 
   1 90    2 35    3 11    4 13    5 98    6 99    7 56    8 97    9 34   10 88 
   1 52    2 87    3  1    4 38    5 21    6 21    7 22    8 71    9 76   10  8 
   1 37    2 23    3 90    4 48    5 21    6 16    7  3    8 52    9 94   10 19 
   1 94    2 78    3 73    4 69    5  4    6 95    7 88    8 82    9 73   10 93 
   1 77    2 36    3 53    4 33    5  6    6 87    7 57    8 10    9 66   10 23 
   1 48    2 79    3 66    4 29    5  6    6 41    7 86    8 48    9 70   10 28 
   1 25    2 75    3 60    4 40    5 58    6 14    7 67    8 65    9 68   10 93 
   1  8    2 18    3  4    4 63    5 29    6 60    7 93    8 61    9 68   10 77 
   1 75    2  2    3 52    4 13    5 61    6 22    7 42    8 63    9 35   10  8 
   1 14    2  8    3 43    4 43    5 84    6 18    7  1    8 49    9 95   10 17 
   1 11    2 26    3 11    4 34    5 79    6 51    7 96    8  1    9 31   10  1 
   1 20    2 85    3 99    4 40    5 98    6 12    7 37    8 29    9 28   10 26 
   1 58    2 51    3 70    4 47    5 12    6 12    7 96    8 11    9 87   10 48 
   1 97    2 22    3 49    4 53    5 60    6 64    7 50    8 30    9 51   10 95 
   1 29    2 25    3 64    4 75    5 89    6 62    7 99    8 74    9  3   10 71 
   1 53    2 55    3 88    4 35    5 61    6 46    7  8    8 42    9 56   10 23 
   1 53    2 23    3 58    4 68    5 18    6 79    7 70    8 56    9 31   10 45 
   1 11    2 34    3 58    4 89    5 53    6 95    7 72    8 35    9 76   10 62 
   1 97    2 28    3 55    4 13    5 98    6 54    7 17    8 22    9 63   10 77 
   1 91    2 10    3 57    4 23    5  7    6 77    7 73    8 73    9 20   10 89 
   1 42    2 44    3 35    4 95    5 65    6 20    7 53    8 68    9 45   10 28 
   1 19    2 67    3 32    4  8    5 37    6 50    7 72    8 78    9 41   10 64 
   1 86    2 54    3 75    4 65    5 88    6 29    7 84    8 94    9 76   10 61 
   1 68    2 53    3 99    4 22    5 19    6 75    7 26    8 17    9 89   10 50 
   1 24    2 38    3 22    4 10    5 38    6 72    7 93    8 23    9 33   10 13 
   1 21    2 38    3 59    4 58    5 38    6 58    7 82    8 47    9 57   10 41 
   1  7    2 93    3 90    4 53    5 63    6 25    7 62    8 66    9 58   10 46 
   1 31    2 41    3 65    4 99    5 14    6  7    7 50    8 11    9  2   10 60 
   1 57    2 14    3 91    4 21    5 33    6  7    7 45    8 83    9 54   10 28 
   1  6    2  3    3 93    4 82    5 32    6 60    7  5    8 98    9 41   10 53 
   1 90    2 32    3 81    4 75    5 61    6 21    7 12    8 81    9 97   10 60 
   1 26    2 78    3 17    4 17    5 79    6 79    7 48    8 76    9 48   10 56 
   1  4    2 41    3 44    4 50    5 20    6 75    7 82    8  5    9 23   10 52 
   1 97    2 93    3 27    4 92    5 74    6 56    7 45    8 44    9 49   10 49 
   1  4    2 25    3 50    4 68    5 78    6 37    7 50    8 18    9 61   10 12 
   1 14    2 95    3 48    4 82    5 58    6 68    7 30    8 15    9 84   10 48 
   1 22    2 90    3 38    4 92    5 87    6 86    7 49    8 94    9 83   10 69 
   1 21    2 33    3 92    4 54    5 24    6 99    7 52    8 15    9 34   10 24 
   1 22    2 91    3 18    4 17    5 25    6  7    7  7    8 16    9  1   10 10 
   1 38    2 65    3 47    4 18    5 61    6 32    7 35    8 19    9  7   10 65 
   1 64    2 40    3 35    4 66    5 47    6 54    7 33    8 25    9 21   10 14 
   1 54    2 33    3 37    4 54    5  6    6 74    7  9    8 14    9 71   10 35 
   1 15    2 34    3 91    4 76    5  9    6 99    7 52    8 30    9 74   10 59 
   1 47    2  7    3 85    4 10    5 97    6 64    7 47    8 82    9 41   10 90 
   1 88    2 50    3 82    4 28    5 23    6 51    7 45    8 52    9  7   10 81 
   1 58    2  7    3 40    4 44    5 90    6 67    7 82    8 93    9  5   10 11 
   1 53    2 74    3 10    4 23    5 16    6 87    7 30    8 99    9 65   10  9 
   1 93    2 53    3 65    4 26    5  3    6 48    7 80    8 22    9 42   10 77 
   1  4    2  2    3 28    4 55    5 30    6 72    7  3    8 46    9 10   10 24 
   1 83    2 83    3 70    4  6    5 96    6 54    7 58    8 54    9 37   10 75 
   1 39    2 76    3 22    4 93    5 20    6 64    7 30    8 71    9 95   10 38 
   1 50    2 37    3 36    4  6    5 79    6 32    7 27    8 27    9 94   10 90 
   1 36    2 22    3 68    4 75    5 96    6 11    7 72    8 79    9  7   10 25 
   1 75    2 62    3 17    4 96    5 91    6 60    7  1    8 45    9 18   10  3 
   1 35    2 75    3 61    4 27    5 11    6 76    7 46    8 75    9 13   10 95 
   1 86    2 80    3 23    4 20    5 31    6 25    7 90    8 92    9 37   10 24 
   1 36    2 74    3  7    4 61    5 88    6 44    7 87    8 89    9 76   10 94 
   1 71    2 65    3  4    4 72    5  5    6 24    7 27    8 16    9 59   10 33 
   1 43    2 38    3  4    4 68    5 40    6 59    7 69    8 44    9 47   10 57 
   1 46    2 69    3 48    4 26    5 27    6 13    7 20    8 30    9 42   10 86 
   1 48    2 85    3 66    4 34    5 20    6  9    7 57    8 19    9 70   10 13 
   1 16    2 21    3 24    4  2    5 85    6 59    7 37    8 69    9 72   10 15 
   1 91    2 25    3 25    4  7    5 71    6 79    7 94    8 37    9 37   10  7 
   1 45    2 45    3 60    4  4    5 24    6 60    7 61    8 15    9 13   10 89 
   1 31    2 90    3  2    4 34    5 31    6 81    7  6    8 82    9 75   10 11 
   1 53    2 55    3 79    4 51    5 94    6 96    7 46    8 16    9 25   10 80 
   1  8    2 92    3 62    4 66    5 35    6 95    7 67    8 57    9 50   10 86 
   1 15    2 36    3 63    4 34    5 36    6 57    7  2    8 78    9 64   10 26 
   1 10    2 49    3 72    4 85    5 81    6 41    7 52    8 18    9 37   10 86 
   1 46    2 47    3 38    4 36    5 38    6 64    7 24    8 45    9 13   10 98 
   1 37    2 26    3  9    4  8    5 81    6 83    7 29    8  5    9 15   10 74 
   1 87    2  4    3 88    4 35    5 62    6 30    7 27    8 57    9 34   10  5 
   1 25    2 43    3 40    4 83    5 20    6 54    7 30    8 40    9 70   10 17 
   1 96    2 83    3 37    4 29    5 46    6 78    7 65    8 96    9 55   10 66 
   1 21    2 92    3 49    4 15    5 15    6 53    7 36    8 53    9 19   10 61 
   1 99    2 26    3 26    4 14    5 80    6 19    7  3    8 53    9 30   10 86 
   1 67    2 94    3 73    4 57    5 78    6  8    7 33    8 93    9 90   10 13 
   1 23    2 31    3 57    4 59    5 97    6 17    7 89    8 75    9  2   10 49 
   1 16    2 59    3 26    4 71    5 23    6 35    7 36    8 50    9 62   10 33 
   1  5    2 84    3 37    4 55    5 62    6 51    7 42    8 34    9 14   10 83 
   1 50    2 15    3 96    4 65    5 48    6 89    7 25    8 66    9 34   10 40 
   1 40    2  2    3 98    4 68    5 38    6 37    7 87    8 20    9 48   10 39 
   1  5    2 25    3 33    4 10    5 35    6 29    7 64    8 13    9 89   10 90 
   1 67    2 48    3 80    4 33    5  8    6  9    7 47    8 75    9 90   10  3 

