ta106
200 20
   1 53    2 70    3 30    4 19    5 14    6 64    7 25    8 76    9 13   10 74   11 62   12 76   13 13   14  1   15 15   16  1   17 51   18 19   19 64   20  3 
   1 89    2 26    3 64    4 27    5 92    6 68    7 59    8  8    9 53   10 45   11 15   12 78   13 33   14 34   15 68   16 82   17 17   18 54   19 34   20 78 
   1 86    2 92    3  2    4 33    5 54    6 18    7 62    8 80    9 11   10 42   11 64   12 57   13 60   14 84   15 12   16 93   17  4   18 32   19 36   20 62 
   1 31    2 58    3 48    4  2    5 38    6  1    7 47    8 55    9 60   10 26   11 54   12 42   13 92   14 76   15 16   16 97   17 99   18 94   19  4   20 60 
   1 77    2 33    3 61    4  4    5 77    6 96    7 13    8 56    9 52   10 81   11 63   12 61   13 13   14 86   15 86   16 21   17 47   18 45   19 18   20 14 
   1 40    2 83    3 76    4 77    5 96    6 71    7 37    8 62    9 31   10 87   11 98   12  2   13 50   14 78   15 26   16 48   17 63   18 34   19 22   20 24 
   1 44    2 66    3 51    4 22    5 55    6 90    7 15    8 49    9 84   10 64   11 26   12 98   13 16   14 80   15 93   16 61   17 67   18 45   19 74   20 65 
   1 94    2 81    3 61    4 64    5 42    6 34    7 80    8 24    9 79   10 96   11 13   12 80   13 41   14 64   15 98   16 78   17 47   18 90   19 69   20 77 
   1 90    2 51    3 98    4 19    5 74    6 73    7 39    8  6    9 12   10 32   11 41   12 75   13 26   14 11   15 16   16  1   17 51   18 57   19 34   20 29 
   1 73    2 56    3 98    4 93    5 65    6 97    7 23    8 70    9 27   10 98   11  1   12 26   13 51   14 68   15 15   16 60   17 69   18 35   19 60   20 21 
   1 91    2 79    3 28    4 25    5 34    6 62    7 18    8  1    9 27   10 70   11 58   12 25   13 43   14 39   15 23   16 39   17 17   18 18   19 42   20  9 
   1 29    2 44    3 27    4 85    5 64    6 52    7 70    8 57    9 33   10 10   11 79   12 40   13 93   14  9   15 43   16 54   17  7   18 59   19 43   20 81 
   1 48    2 88    3 93    4 90    5  3    6 78    7 47    8 11    9 29   10 58   11 74   12 44   13 65   14 66   15 39   16 46   17 40   18 67   19 68   20 45 
   1 27    2 19    3 70    4 88    5 94    6 93    7 91    8 57    9 22   10 64   11 39   12 59   13 90   14 34   15 28   16 55   17 92   18 15   19 12   20 16 
   1 79    2 37    3 82    4 17    5 94    6 81    7 42    8 23    9 44   10 84   11  6   12 71   13 19   14 30   15 79   16  2   17 28   18 48   19 35   20 42 
   1 14    2 62    3 45    4 88    5  9    6 28    7 63    8 71    9 28   10 96   11  8   12 89   13 58   14 60   15 24   16 86   17 30   18 31   19 55   20 33 
   1 57    2 11    3 63    4 74    5 56    6 70    7 50    8 28    9  3   10 12   11 97   12 38   13 66   14 90   15 15   16 85   17  6   18 12   19 11   20 40 
   1 87    2 62    3 45    4 78    5 20    6 48    7 97    8  7    9 31   10 85   11 35   12 84   13 88   14 19   15 71   16 30   17 40   18 45   19 28   20 27 
   1 85    2 28    3 60    4 17    5 76    6 41    7 47    8 47    9 16   10 71   11 30   12 31   13 58   14 46   15 88   16 74   17 42   18 76   19 23   20 94 
   1 77    2 75    3 90    4 10    5 98    6 67    7 43    8 84    9 35   10 73   11  1   12 88   13 22   14 38   15 78   16 15   17 12   18  1   19 64   20 20 
   1 37    2 71    3 95    4 98    5 47    6 61    7 33    8 71    9 10   10  7   11 34   12 38   13 45   14 94   15 12   16 83   17 83   18 15   19 10   20 50 
   1 52    2 77    3 12    4 93    5 89    6 21    7  1    8 15    9 76   10 70   11 16   12 62   13  3   14 18   15 56   16 42   17 82   18 69   19 69   20 89 
   1 48    2 36    3 53    4 53    5 13    6  8    7 24    8 84    9 64   10 23   11 20   12 53   13 22   14 63   15 34   16 78   17 51   18 93   19 17   20 26 
   1 50    2 61    3 87    4 73    5 83    6 74    7 20    8  8    9 83   10 61   11 30   12 95   13 27   14 41   15 85   16 44   17 49   18 89   19 66   20 42 
   1 97    2 39    3 34    4 19    5 64    6 66    7 93    8 96    9 92   10 58   11 97   12 78   13 33   14 26   15 27   16 19   17 83   18 56   19 99   20  5 
   1 82    2 87    3 70    4 76    5 36    6 11    7  5    8 64    9 40   10 96   11 86   12 45   13 68   14 82   15 29   16  8   17 37   18 58   19 99   20 60 
   1 48    2 44    3 71    4 78    5 36    6 60    7 75    8 29    9 18   10 14   11  2   12 46   13 50   14 90   15 32   16 13   17 24   18 77   19  5   20 81 
   1 55    2 89    3 69    4 64    5 42    6 36    7 81    8 55    9 80   10 34   11 66   12 83   13 75   14 90   15 23   16 33   17 86   18 42   19 73   20 34 
   1 65    2 24    3 46    4 36    5 89    6 54    7 72    8 43    9 60   10 60   11  4   12 15   13 76   14 10   15 34   16 82   17  2   18 62   19 71   20 54 
   1 69    2 53    3 80    4 99    5 86    6 77    7 87    8 27    9  6   10 52   11 27   12 30   13 53   14 78   15 61   16 52   17 57   18 16   19 68   20 11 
   1 94    2 19    3  1    4 91    5 92    6 77    7 94    8 44    9 32   10 59   11 12   12 50   13 59   14 34   15 14   16 65   17  8   18 23   19  2   20 80 
   1 25    2 59    3 46    4 59    5 53    6 86    7  1    8 31    9 49   10 62   11 11   12 34   13 60   14 16   15 61   16 68   17 72   18 26   19 29   20 95 
   1 91    2 17    3  8    4 40    5 40    6 77    7 27    8 90    9 50   10 83   11 62   12  2   13 25   14 17   15 18   16 33   17 50   18 41   19 53   20 37 
   1 34    2 65    3 10    4 39    5 10    6 76    7 70    8 19    9 80   10 68   11 11   12  2   13 97   14 22   15 50   16 74   17 62   18 28   19 88   20 45 
   1 27    2 34    3 25    4 16    5 56    6 56    7 54    8 62    9 40   10 42   11 76   12  3   13 61   14 78   15 58   16 10   17 93   18 98   19  7   20 58 
   1 42    2 71    3 69    4 24    5 54    6 24    7 80    8 93    9 88   10  1   11 59   12 60   13 97   14 81   15 99   16 12   17 10   18 93   19 36   20 89 
   1  6    2 81    3  6    4 84    5 80    6 15    7 69    8 47    9 23   10 20   11 49   12 72   13 29   14 38   15 97   16 97   17  6   18 89   19 64   20 31 
   1 58    2 72    3  8    4 82    5 10    6 26    7 20    8 63    9 66   10 22   11 76   12  4   13 31   14 33   15 92   16 24   17 79   18 32   19 87   20 53 
   1 35    2 50    3 65    4 26    5 27    6 55    7 51    8 14    9 99   10  2   11 19   12 39   13 28   14  8   15 58   16 38   17 91   18 14   19  7   20 96 
   1 31    2 87    3 38    4 67    5 20    6 86    7 24    8 80    9 92   10 77   11 85   12  9   13 58   14 20   15 53   16 20   17 64   18 42   19 14   20 68 
   1 52    2 86    3 69    4 47    5 99    6 13    7 86    8 51    9 42   10 18   11 22   12 87   13 95   14 73   15 87   16 15   17 62   18 35   19 82   20 21 
   1 17    2 49    3 67    4 25    5  4    6 69    7 24    8 40    9 84   10 52   11 54   12  8   13 66   14 29   15 38   16 78   17 56   18 77   19  6   20 16 
   1 58    2 59    3 77    4 83    5 67    6 77    7 22    8 66    9 76   10 36   11 29   12 58   13  7   14 80   15 17   16 22   17 78   18 81   19 34   20 76 
   1  1    2 11    3 34    4  3    5 35    6 48    7 87    8 41    9 13   10 96   11 76   12  6   13 16   14 44   15 89   16 48   17 38   18 82   19  3   20 84 
   1 66    2 32    3 15    4 92    5 97    6 15    7  5    8 87    9 57   10 56   11 23   12 38   13 25   14 42   15 65   16 56   17 26   18 40   19 76   20 27 
   1 65    2 64    3 29    4 30    5 82    6 62    7 60    8 79    9 10   10 30   11 96   12 70   13 81   14 97   15 22   16 77   17 59   18 99   19 22   20 97 
   1 77    2 53    3 16    4 64    5 53    6 79    7 25    8 97    9 46   10 30   11 45   12 37   13 35   14 80   15 75   16 71   17 90   18 56   19 55   20 31 
   1 81    2 86    3 86    4 10    5 94    6 17    7  3    8 60    9 49   10 89   11  4   12 38   13 83   14 39   15 80   16 50   17 39   18 99   19 99   20 46 
   1 17    2 54    3 97    4 56    5 59    6 69    7 26    8 61    9 37   10 27   11  3   12 34   13 99   14 25   15 64   16 80   17 48   18  4   19 95   20 90 
   1 38    2 41    3 88    4 74    5 74    6 24    7 75    8 64    9 78   10 27   11 70   12 28   13 53   14  6   15 53   16 72   17 36   18 45   19 95   20 46 
   1 95    2 53    3 12    4 67    5 80    6 46    7 78    8 14    9 18   10 58   11 93   12 26   13 53   14 33   15  9   16 58   17 73   18 82   19 43   20 24 
   1 69    2 77    3 90    4 52    5 95    6 89    7  5    8  4    9 63   10 40   11 63   12 10   13  3   14 58   15 65   16 71   17 11   18 10   19  9   20 48 
   1 18    2 43    3  8    4 80    5  2    6 87    7 84    8 46    9 34   10 23   11  8   12 19   13 18   14 85   15 27   16 64   17 82   18 27   19 96   20 64 
   1 85    2 98    3  7    4 56    5 37    6 15    7 43    8 30    9  8   10 25   11 43   12  2   13 75   14 26   15  8   16 66   17 83   18 87   19 80   20 31 
   1 72    2 19    3 48    4 63    5 53    6 51    7 42    8 94    9 98   10 40   11 90   12 92   13 22   14 98   15  7   16 23   17 50   18 38   19 44   20 17 
   1 72    2 56    3 37    4 90    5 34    6 17    7 35    8 67    9 73   10 43   11 28   12 77   13 88   14 93   15 65   16 58   17 15   18 21   19 75   20 49 
   1 96    2 69    3 37    4 95    5 89    6 93    7 76    8 30    9 49   10 96   11 41   12 37   13 99   14 13   15 11   16 55   17 81   18 11   19  6   20 49 
   1 49    2 56    3 53    4  3    5 70    6 76    7 55    8  2    9 34   10 51   11 92   12 93   13 33   14 94   15 61   16  4   17 32   18 26   19 43   20 33 
   1 16    2 77    3 40    4 60    5 10    6  4    7 66    8 52    9 77   10 65   11  6   12 13   13 75   14 39   15 64   16 39   17 66   18 80   19 71   20 98 
   1 39    2  9    3 65    4 17    5  6    6 74    7 15    8 25    9 65   10 54   11 32   12 17   13 22   14 91   15 68   16 96   17 36   18 64   19 17   20  2 
   1  1    2 71    3 58    4 49    5 70    6 71    7 10    8 93    9 54   10 46   11 21   12 42   13 50   14 33   15  8   16 11   17 97   18 13   19 59   20  7 
   1 98    2 45    3 21    4 72    5 58    6 74    7 47    8  3    9 79   10 57   11 34   12 87   13 30   14 47   15 54   16 27   17 17   18 82   19 29   20 15 
   1 78    2 92    3 67    4 68    5 99    6 53    7 25    8 88    9 48   10 33   11 66   12 74   13 71   14 11   15 22   16 68   17 25   18 42   19 88   20 98 
   1 50    2 86    3 53    4 24    5 12    6 76    7 78    8 51    9 14   10 25   11 68   12  2   13 57   14 19   15 80   16 78   17 49   18 13   19 63   20 21 
   1 52    2 33    3 88    4 95    5 83    6 28    7 52    8 43    9 93   10 67   11 33   12 42   13 44   14 99   15 48   16 95   17 26   18 32   19 82   20 15 
   1 12    2 86    3 86    4 44    5 37    6 30    7 73    8 70    9 29   10 53   11 17   12 31   13 26   14 95   15 97   16 84   17 55   18 84   19 86   20 90 
   1 92    2 83    3 14    4 96    5  9    6 20    7 46    8 19    9 67   10 12   11 13   12 44   13 65   14 99   15  5   16 38   17 87   18 97   19 79   20 34 
   1 81    2 80    3 88    4 22    5 99    6 19    7 77    8  5    9 16   10 94   11 67   12 16   13 52   14 41   15 51   16 15   17 36   18  4   19 14   20 82 
   1 51    2 52    3 34    4 64    5 90    6 14    7 68    8 28    9 42   10 69   11 99   12 81   13 11   14 10   15 80   16 56   17 95   18 90   19 59   20 84 
   1 97    2 22    3 38    4 30    5 91    6 78    7  7    8 20    9 86   10 54   11 65   12 78   13 85   14 62   15 62   16 58   17 82   18 25   19 32   20 44 
   1 96    2 11    3 22    4 25    5 84    6 51    7 63    8 14    9 33   10 50   11 20   12 82   13 22   14 81   15 32   16 22   17 62   18 96   19  2   20 69 
   1  9    2 21    3 53    4 66    5 21    6 23    7 36    8 90    9 39   10 84   11 38   12 85   13 98   14 35   15 46   16 85   17  6   18 38   19 48   20  8 
   1 83    2 12    3 45    4 96    5 20    6 64    7 48    8 98    9 77   10 83   11 21   12 72   13 31   14 13   15 38   16 92   17 36   18 90   19 66   20 97 
   1 47    2 86    3 27    4 47    5 98    6 24    7 38    8 28    9 19   10 70   11 49   12 84   13 45   14 99   15 39   16 62   17 47   18 52   19 37   20 11 
   1 19    2 76    3 14    4 99    5 12    6 41    7 73    8 60    9 11   10 39   11 10   12 34   13 74   14 57   15 50   16  6   17 56   18 42   19 45   20 68 
   1 89    2 35    3 90    4 15    5 49    6 88    7 34    8 50    9 33   10  5   11  8   12  3   13 15   14 25   15 60   16  4   17 38   18  8   19 35   20 77 
   1 83    2 12    3 96    4 94    5 47    6 73    7 59    8 56    9 43   10 49   11 53   12  3   13  9   14 89   15 83   16 25   17 49   18 15   19 22   20  2 
   1 20    2 23    3 76    4 28    5 60    6 12    7 75    8 34    9 32   10 10   11 91   12 57   13 23   14  5   15 80   16 10   17 21   18  6   19 89   20  7 
   1 66    2 64    3 85    4 95    5 63    6 26    7 30    8 35    9 93   10  3   11 78   12 65   13 68   14 26   15  5   16 27   17 33   18 65   19 56   20 80 
   1 11    2 21    3 41    4 22    5 61    6 85    7 26    8 43    9 85   10 58   11 33   12 21   13 48   14 42   15 70   16 81   17 50   18 99   19 53   20 47 
   1 85    2 46    3 24    4 56    5 25    6 10    7 18    8 95    9 25   10 45   11 19   12 54   13 32   14 10   15 94   16  5   17 15   18 87   19 19   20 65 
   1 18    2 62    3  5    4 43    5 90    6 39    7 92    8 62    9 55   10 77   11 24   12 27   13  1   14  3   15 71   16 26   17 35   18 77   19 86   20 62 
   1 91    2 86    3 28    4 93    5 39    6 72    7 16    8 10    9 71   10 86   11 47   12 18   13 72   14 89   15 21   16 25   17  5   18 76   19 35   20 72 
   1 98    2 22    3 33    4 29    5 62    6 12    7  4    8 21    9 65   10 75   11 27   12 90   13 50   14 28   15 39   16 66   17 28   18 24   19 74   20 45 
   1 25    2 58    3 49    4 37    5 76    6 21    7 69    8 32    9 22   10 63   11 72   12 80   13 36   14 97   15 65   16 63   17 25   18 42   19 48   20 17 
   1 80    2  4    3 87    4 48    5 96    6 32    7 17    8  2    9 74   10 61   11 26   12 82   13  7   14 57   15  1   16 43   17  5   18 13   19 77   20 17 
   1 38    2 94    3 99    4  2    5 52    6 14    7 66    8 11    9 54   10 19   11 74   12 74   13 75   14 48   15 35   16  9   17 65   18 78   19  9   20 58 
   1 61    2  8    3 37    4  7    5  2    6 22    7 67    8 59    9 20   10 75   11 53   12 93   13 73   14 30   15 80   16 54   17 56   18 50   19 22   20 21 
   1 50    2 79    3 37    4 11    5 50    6 10    7 98    8 62    9 88   10  8   11 67   12 63   13 77   14  9   15 49   16 92   17 59   18 46   19 64   20 23 
   1 31    2 67    3 27    4 72    5 90    6 40    7 12    8 55    9 93   10 16   11 43   12 98   13 69   14 28   15 35   16  7   17 20   18 30   19 45   20 36 
   1 97    2 39    3 52    4 96    5 51    6 59    7 33    8 55    9 83   10 51   11 61   12 70   13 22   14 72   15 44   16 63   17 89   18 72   19 89   20 13 
   1  2    2  9    3 64    4 74    5 50    6 46    7 25    8 63    9 12   10 90   11 10   12 39   13 23   14 68   15 40   16 55   17  9   18  4   19 94   20 74 
   1 87    2 67    3 46    4 79    5 15    6 42    7  4    8 38    9 87   10 98   11  7   12 34   13 67   14 27   15 12   16  4   17 53   18 13   19  7   20 69 
   1 55    2 37    3 93    4 84    5 88    6  2    7 19    8  3    9 88   10 51   11 31   12 38   13 43   14 77   15 48   16 68   17 48   18 16   19 70   20 73 
   1 20    2 43    3 41    4 93    5 92    6 38    7 77    8 98    9 18   10 77   11 10   12 13   13 30   14  3   15 25   16 71   17 79   18 59   19 42   20 26 
   1 47    2 14    3 86    4 28    5  6    6 80    7 82    8 12    9 73   10 16   11 15   12 26   13 56   14 67   15 41   16 67   17 27   18 17   19 80   20 35 
   1 13    2  2    3 24    4 72    5 91    6 19    7 34    8 45    9 37   10 90   11 66   12 38   13 78   14 68   15 37   16 39   17 42   18 38   19 54   20 49 
   1 13    2 21    3  7    4  1    5  8    6 77    7  6    8  1    9 72   10 39   11 46   12 47   13 20   14 97   15 87   16  3   17 46   18 30   19 17   20  4 
   1 78    2 56    3 49    4 90    5 34    6 27    7 30    8 25    9 34   10 37   11  3   12 48   13  4   14  2   15 38   16  6   17 80   18 14   19 46   20 95 
   1 76    2 92    3 28    4 84    5  5    6 27    7 77    8 85    9 80   10 19   11 85   12 80   13 88   14 96   15 25   16  1   17 85   18 77   19 20   20 85 
   1 22    2  1    3  7    4 89    5 67    6 95    7 31    8  1    9 28   10 18   11  5   12 79   13  7   14 22   15 60   16 95   17 29   18 31   19 56   20 70 
   1  8    2 96    3 62    4 82    5 51    6 29    7 54    8 97    9 72   10 74   11 70   12  5   13 38   14 62   15 11   16 24   17 31   18 60   19 33   20 42 
   1 46    2 57    3 87    4 65    5 13    6 86    7  5    8 39    9 71   10 13   11  1   12 91   13 39   14 82   15 52   16 75   17 16   18 29   19 69   20 52 
   1 48    2 62    3  9    4 63    5 76    6 41    7 86    8 79    9 21   10 10   11 87   12 16   13 50   14 32   15 37   16 33   17 42   18  7   19 44   20 89 
   1 34    2 69    3 78    4 23    5 89    6 69    7 41    8 13    9 73   10 99   11 85   12  7   13 87   14 47   15 74   16 52   17 58   18 79   19 24   20 64 
   1 98    2 75    3 32    4 76    5 91    6 43    7 81    8 23    9 59   10 58   11 11   12 97   13 70   14 61   15 27   16 24   17 70   18 26   19 15   20 90 
   1 57    2 14    3 42    4 98    5 31    6 19    7 29    8 26    9 44   10 68   11 51   12 63   13 21   14 25   15 87   16 23   17 23   18 86   19 82   20 13 
   1  3    2 59    3 23    4 35    5 40    6 74    7 80    8 78    9 86   10 25   11 28   12 91   13 87   14 47   15 35   16 71   17 99   18 64   19 59   20  5 
   1 86    2 31    3 52    4 64    5 14    6 52    7 67    8  2    9 93   10 33   11 92   12 30   13 22   14 79   15 53   16 43   17 45   18 42   19 43   20  2 
   1 15    2 62    3 18    4 45    5 86    6 22    7 77    8 39    9 83   10 11   11 52   12 71   13 67   14 40   15 27   16 35   17 57   18 96   19 17   20 99 
   1 40    2 46    3 90    4 65    5 40    6 41    7 93    8 94    9 70   10 11   11 78   12 77   13 51   14 65   15 76   16  9   17 63   18 90   19 54   20 33 
   1  7    2 93    3 89    4 99    5 68    6 34    7 44    8 21    9 77   10 85   11 53   12 15   13 16   14 93   15 69   16 62   17 45   18 44   19 39   20  4 
   1 55    2 24    3 99    4 89    5 59    6 89    7 10    8 67    9  8   10 50   11 25   12 54   13 76   14 93   15 54   16 54   17 42   18 71   19 72   20 27 
   1 33    2 53    3  9    4 52    5 43    6 49    7 51    8 81    9 70   10 84   11 96   12 99   13 84   14 41   15 82   16 85   17 18   18 35   19 92   20 84 
   1 45    2 32    3 24    4 21    5 54    6 46    7 25    8 87    9 39   10 52   11 82   12 82   13 32   14 94   15 52   16 56   17 77   18 79   19 22   20 72 
   1 58    2 79    3 75    4 54    5 74    6 64    7 91    8 52    9 53   10 41   11 68   12 58   13 34   14 53   15 35   16  3   17 37   18 12   19 27   20 12 
   1 14    2 31    3 26    4  3    5  9    6 21    7 66    8  3    9 65   10 81   11 67   12 37   13 33   14 98   15 76   16 52   17 90   18 44   19 14   20 74 
   1 97    2 94    3 73    4 70    5 85    6  7    7 36    8 17    9 47   10 33   11 59   12 64   13 31   14 59   15 26   16 99   17 82   18 36   19  8   20 41 
   1 55    2 93    3 87    4 34    5 18    6 31    7  2    8 26    9 40   10 15   11 35   12  6   13 39   14 63   15 28   16 17   17 13   18 38   19 95   20 96 
   1 74    2 17    3 74    4 45    5 37    6 91    7 68    8 99    9 55   10 47   11 11   12 88   13 23   14 96   15 59   16 68   17 97   18 21   19 86   20 96 
   1  6    2 73    3  1    4  1    5  2    6 55    7  3    8 54    9 54   10 56   11 29   12 38   13 10   14 11   15 94   16 14   17 69   18 91   19 63   20 30 
   1  2    2 71    3 40    4 36    5 25    6 10    7 69    8 33    9 53   10 87   11  2   12 38   13 87   14 27   15 86   16 15   17 74   18 45   19 71   20 68 
   1 13    2 62    3 29    4 13    5 39    6 82    7 11    8 75    9 84   10 74   11 72   12  8   13 79   14 54   15 63   16 21   17 40   18 77   19 78   20  5 
   1 94    2 42    3 84    4 54    5 76    6 70    7 60    8 99    9 42   10 83   11 44   12 41   13 91   14 57   15 47   16 79   17 86   18 64   19 48   20 23 
   1  6    2 74    3 69    4 32    5 11    6 57    7 98    8 80    9 11   10 81   11 92   12 70   13 47   14 97   15 19   16 16   17 48   18 50   19 90   20 40 
   1 78    2 61    3 89    4 26    5  8    6  1    7 75    8 77    9 95   10 48   11 36   12 10   13 83   14 27   15 37   16 34   17 12   18 43   19 44   20 36 
   1 27    2 48    3 28    4 62    5 63    6 89    7 65    8 13    9 30   10 40   11 27   12 54   13 21   14 11   15 83   16 42   17 93   18 47   19 15   20 70 
   1 87    2 14    3 22    4 29    5 48    6 67    7 34    8 91    9 20   10 19   11 54   12 84   13 19   14 25   15 70   16 84   17 37   18 21   19 77   20  7 
   1 88    2 54    3 74    4 56    5 72    6 82    7 41    8 42    9 40   10 56   11 59   12 19   13 23   14 33   15 28   16 39   17 36   18 96   19 78   20  8 
   1 24    2 60    3 24    4 65    5 65    6 62    7 58    8 98    9 57   10 56   11 12   12 17   13 78   14 72   15 62   16 97   17 76   18 30   19 96   20 52 
   1 24    2 70    3 57    4 55    5 60    6 23    7 86    8 89    9 93   10 12   11 33   12 27   13 80   14 89   15 69   16 14   17 99   18 33   19 43   20 38 
   1 89    2 29    3 77    4 52    5 86    6 79    7 77    8 97    9 34   10 83   11 37   12 97   13 50   14  8   15 41   16 91   17 25   18 65   19 22   20 43 
   1 99    2 59    3 40    4 93    5 20    6 32    7 18    8 74    9 94   10 20   11  4   12 80   13 40   14 66   15 92   16 95   17 99   18 90   19 28   20 91 
   1  1    2 79    3  8    4 82    5  2    6 64    7  6    8  5    9  7   10  3   11 10   12 35   13  4   14 97   15 11   16 30   17 70   18 79   19 39   20 29 
   1 75    2 81    3 84    4 76    5 26    6 25    7  9    8 65    9 48   10 75   11 12   12 24   13 36   14 59   15 66   16 81   17 91   18 65   19 89   20 64 
   1 88    2 42    3 34    4 79    5 74    6 86    7 83    8 75    9 43   10 85   11 51   12 38   13 11   14 57   15 92   16  4   17 35   18 93   19 45   20 26 
   1 24    2 44    3 11    4 18    5 65    6 32    7  4    8 96    9 33   10 23   11 62   12 59   13 97   14 96   15 51   16 83   17 20   18 80   19 49   20 85 
   1 77    2 92    3 57    4 11    5 59    6 47    7 19    8 59    9 85   10 95   11 65   12 10   13 46   14 97   15 67   16  9   17 67   18  3   19  5   20 84 
   1 12    2  2    3 99    4  6    5 58    6 98    7  8    8 81    9 19   10 61   11 73   12 47   13 45   14 56   15 31   16 84   17 26   18 20   19 62   20 20 
   1  1    2 72    3  6    4  4    5 74    6 65    7 45    8 53    9 10   10 35   11 90   12 40   13 99   14 73   15 55   16 86   17 53   18 60   19 10   20 57 
   1 55    2 53    3 52    4 62    5 29    6 29    7 47    8 67    9 32   10 35   11 17   12  1   13 25   14 51   15 81   16 30   17 72   18 35   19 32   20 55 
   1 27    2 20    3 18    4 12    5 29    6 67    7  8    8 76    9 25   10 46   11 44   12  1   13 36   14 61   15 15   16 94   17  6   18 42   19 58   20 76 
   1 43    2 73    3  5    4 41    5 73    6 74    7 83    8 46    9 43   10 85   11 98   12 75   13 96   14 81   15 35   16 55   17 56   18 15   19 76   20 41 
   1 49    2 99    3 87    4  7    5 56    6 28    7 85    8 56    9 59   10 27   11 22   12 44   13 69   14 69   15 30   16 77   17 81   18 11   19 22   20 84 
   1  3    2 11    3  4    4 40    5 93    6  2    7 77    8 41    9  4   10 17   11 29   12 90   13 10   14 88   15 80   16 46   17 37   18 24   19 68   20 34 
   1 69    2 49    3 89    4 75    5 56    6 81    7 83    8 55    9  3   10 84   11 46   12 57   13  6   14 25   15 75   16 70   17 43   18 57   19 55   20 39 
   1 76    2 25    3 11    4 35    5  5    6 52    7 94    8 95    9 76   10 77   11 40   12 97   13 59   14 57   15  1   16 88   17 47   18 77   19 72   20 24 
   1 43    2 95    3 98    4 77    5 58    6 12    7 11    8 60    9 13   10 78   11 19   12 30   13 37   14 14   15 13   16 73   17 15   18 73   19 18   20 58 
   1 63    2 14    3 83    4 25    5 38    6 76    7 72    8 51    9 63   10 57   11 49   12 56   13 55   14 71   15 47   16 31   17 50   18 72   19 24   20 26 
   1 45    2 23    3 30    4 82    5 91    6 76    7  2    8 20    9  8   10 59   11  6   12 47   13 18   14 15   15  7   16  4   17 59   18 37   19 62   20  2 
   1 36    2  5    3 94    4 72    5 68    6 24    7 72    8  5    9 34   10  4   11 42   12 72   13 63   14 95   15 34   16 32   17 56   18 44   19 25   20 55 
   1  2    2  6    3 15    4 35    5 37    6 54    7  8    8 36    9 28   10 99   11  9   12 16   13 67   14 26   15 60   16 95   17 23   18 22   19  5   20 52 
   1 99    2 26    3 17    4  6    5 98    6 32    7 77    8 85    9 36   10 77   11 69   12 51   13 82   14 59   15 90   16 18   17 31   18 76   19 79   20 17 
   1 50    2 37    3 26    4  2    5 50    6 45    7 12    8 95    9 81   10 63   11 56   12 29   13 91   14 66   15 46   16 75   17 99   18 36   19 50   20 63 
   1 27    2 89    3 75    4 48    5 92    6 89    7 73    8 53    9 66   10 63   11 12   12 74   13 81   14 76   15 21   16 19   17 96   18  7   19 22   20  9 
   1 18    2 90    3 28    4 99    5 74    6 37    7 30    8 83    9 73   10 43   11 19   12 39   13 86   14 22   15 65   16  4   17 20   18 55   19 70   20 86 
   1 24    2 17    3 16    4  2    5  4    6 30    7 28    8 47    9 35   10 99   11  3   12 49   13 61   14 72   15 84   16 82   17 62   18 51   19 70   20 17 
   1 13    2 68    3 37    4 17    5 71    6 17    7 25    8 52    9 37   10 47   11  7   12 96   13 71   14 93   15 10   16 16   17 44   18  9   19 59   20 35 
   1 89    2 79    3 21    4 54    5 14    6 65    7 27    8 72    9 63   10 18   11 98   12 39   13 38   14 28   15 67   16 74   17 56   18  6   19 90   20 96 
   1 33    2 39    3 47    4  8    5  9    6 40    7  2    8 62    9 20   10  6   11 19   12 47   13 98   14 90   15 66   16 10   17 12   18 23   19 83   20 61 
   1 67    2 98    3 24    4 99    5 15    6  8    7 57    8 78    9 80   10 92   11 68   12 99   13 43   14 21   15 49   16 82   17 99   18 46   19 98   20 96 
   1 34    2 13    3 98    4 76    5 63    6 77    7 75    8 95    9 53   10 56   11 91   12  3   13 20   14 52   15 14   16 20   17 27   18 32   19 20   20 89 
   1 33    2 87    3  6    4 62    5  6    6 36    7 17    8 31    9 61   10 41   11 45   12 62   13 13   14 35   15 26   16 58   17 58   18 78   19 19   20 94 
   1 80    2  9    3 93    4 47    5  3    6 25    7 97    8 65    9 96   10 37   11 58   12 14   13 49   14 17   15 22   16 89   17  9   18 81   19 57   20 49 
   1 79    2 21    3 56    4 30    5 73    6 62    7  5    8 74    9 75   10 53   11  3   12 82   13 51   14 85   15 61   16 53   17 92   18 47   19 76   20 16 
   1 83    2 48    3 70    4 88    5 81    6 78    7 13    8 89    9 71   10 84   11 93   12  9   13 63   14 74   15 60   16 94   17 65   18 98   19 95   20 49 
   1 62    2  1    3 35    4 24    5 17    6 64    7 71    8 78    9 65   10 67   11 51   12 51   13 20   14 65   15  9   16 92   17 99   18 94   19 64   20 85 
   1 96    2 95    3  1    4 22    5 78    6 63    7 76    8 74    9 14   10 48   11 39   12 23   13 22   14 45   15 66   16 81   17 13   18  3   19 84   20 44 
   1 20    2 60    3 60    4 98    5 38    6 86    7 21    8 40    9 71   10 57   11 44   12 91   13  3   14 91   15 93   16 31   17 22   18 32   19 53   20 95 
   1 54    2  4    3 35    4 51    5 36    6 22    7 27    8 99    9  5   10 66   11 50   12 58   13 72   14 34   15  9   16 52   17  7   18 50   19  1   20 51 
   1 17    2 43    3 25    4 62    5 61    6 65    7 21    8 48    9 28   10 44   11 19   12  9   13 78   14 88   15 85   16 88   17 23   18 66   19 97   20 95 
   1 51    2 89    3  7    4 90    5  5    6 34    7 85    8 87    9 16   10 45   11 62   12 97   13 42   14 36   15 80   16 25   17 37   18 90   19 72   20 33 
   1  1    2 94    3 45    4 57    5 39    6 40    7 71    8 10    9 29   10 93   11 61   12 88   13 83   14 58   15 51   16 92   17 58   18 59   19 32   20 95 
   1 80    2  7    3 50    4 97    5 50    6 20    7 73    8 34    9 80   10 32   11 84   12 96   13 63   14 78   15 99   16 43   17 86   18 27   19 83   20 81 
   1 35    2 76    3 93    4 13    5 55    6 45    7 47    8 33    9 37   10 31   11 95   12 33   13  5   14 16   15 77   16 77   17 38   18 82   19 22   20 55 
   1 58    2  9    3 45    4 11    5  4    6 82    7 88    8 39    9 47   10 61   11 13   12 15   13 79   14 18   15 77   16 43   17 14   18 59   19 34   20 24 
   1 60    2 12    3 61    4 62    5 58    6 73    7 10    8 31    9 25   10 82   11 20   12 93   13 83   14 15   15 82   16 46   17 99   18 84   19 59   20 47 
   1 95    2 54    3 75    4  5    5 34    6 48    7 59    8 51    9 25   10 27   11 43   12 61   13 40   14  6   15 57   16 19   17 51   18 50   19  4   20 17 
   1 78    2 15    3 99    4 76    5 53    6 42    7 56    8 12    9 46   10 51   11 29   12 41   13 61   14 52   15 43   16 71   17 65   18 71   19  3   20 72 
   1  5    2  9    3  2    4 81    5 22    6 62    7 35    8  9    9 72   10 73   11 31   12 63   13  8   14 63   15 88   16 16   17 53   18 88   19 90   20 41 
   1 24    2 40    3 30    4 35    5  9    6 43    7 25    8 26    9 63   10 55   11 39   12 29   13 90   14 57   15 77   16 96   17 85   18 72   19 45   20 62 
   1 82    2 53    3 97    4 18    5 87    6 44    7 51    8 23    9 30   10  6   11 35   12  5   13 38   14 93   15 59   16 87   17 59   18  4   19 37   20 16 
   1 47    2 86    3 82    4 83    5 90    6 26    7 92    8 57    9 43   10 92   11 49   12 35   13 20   14 27   15 18   16 62   17 58   18 25   19 23   20 29 
   1 91    2 29    3 89    4 72    5 50    6 35    7 61    8  7    9 57   10 27   11 66   12  4   13 71   14 16   15  7   16  8   17 45   18 22   19 33   20 81 
   1 69    2 67    3 72    4 27    5  5    6 98    7  8    8 63    9 28   10 66   11 39   12 36   13 78   14  3   15 79   16 12   17 78   18 17   19 92   20 88 
   1 71    2 74    3 69    4 61    5 64    6 48    7 12    8 93    9 64   10 12   11 74   12 73   13  9   14 81   15 45   16 98   17  8   18 82   19 32   20 21 
   1 73    2 27    3 36    4 74    5 26    6 91    7 19    8  1    9 59   10 20   11 80   12 52   13 31   14 76   15 70   16 39   17  4   18  7   19  7   20  2 
   1 42    2 50    3 48    4 52    5 37    6 76    7 41    8 61    9 99   10 94   11 87   12 58   13 40   14 54   15 59   16 79   17 98   18 56   19 27   20 33 
   1 47    2 29    3 87    4 95    5 98    6 41    7 37    8 88    9 63   10 77   11 12   12 67   13 82   14 79   15 23   16 28   17 89   18 37   19 61   20 25 
   1 47    2 51    3 30    4  2    5 48    6  8    7 67    8  1    9 53   10 40   11 19   12 12   13 47   14 76   15 24   16 57   17 65   18 40   19 86   20 52 
   1 24    2 73    3 18    4  2    5 35    6  2    7 36    8 14    9 61   10 82   11 53   12 28   13 14   14 66   15 52   16 90   17 88   18 41   19 38   20 92 
   1 10    2  2    3 73    4  9    5 88    6 39    7 95    8 21    9 95   10 16   11 35   12 11   13  5   14 98   15 87   16 83   17 57   18  1   19 73   20 54 
   1 90    2 79    3 64    4 81    5 21    6 94    7  1    8 77    9 33   10 17   11 69   12 68   13 30   14 74   15 35   16 78   17 95   18 78   19  9   20 24 
   1 94    2 73    3 21    4 55    5 26    6 75    7 16    8 87    9 13   10 25   11 35   12 85   13 98   14 29   15 22   16 49   17  4   18 24   19 64   20 65 
   1 24    2  3    3 68    4 45    5 33    6 15    7  9    8 38    9 63   10 43   11  5   12 81   13 13   14 91   15 26   16 29   17 37   18 64   19 92   20  1 
   1 33    2 55    3 18    4 32    5 61    6  6    7 93    8 59    9 86   10 11   11 96   12 78   13 75   14  9   15 90   16 78   17 66   18 26   19 39   20 40 
   1 91    2 50    3 22    4 36    5 84    6 58    7 68    8 68    9 36   10 44   11 13   12 43   13 80   14 73   15 38   16 28   17 21   18 19   19 51   20 59 
   1 20    2 17    3 39    4  3    5 79    6 17    7 46    8  1    9 69   10 83   11 68   12 80   13 34   14 28   15 94   16 93   17 40   18 45   19 13   20 47 
   1 65    2  5    3 64    4 91    5 77    6 89    7 65    8 74    9  1   10 33   11 15   12 49   13 83   14 78   15 66   16 59   17 53   18 88   19 23   20 52 
   1 42    2 21    3 51    4 37    5 37    6 30    7 85    8 24    9 82   10 20   11 30   12 58   13 80   14 12   15 69   16 98   17 88   18 35   19 88   20 62 

