ta101
200 20
   1 68    2 10    3 77    4 68    5 26    6 99    7 88    8 68    9 93   10 10   11  9   12 79   13 44   14 84   15 35   16 18   17 75   18 89   19 52   20 32 
   1 40    2 76    3 30    4 48    5 97    6 58    7 35    8 29    9 33   10 99   11 93   12  2   13 40   14  1   15  3   16 77   17 43   18 41   19 89   20 78 
   1 43    2 75    3 88    4 56    5  5    6 61    7 33    8 75    9 48   10 37   11 84   12 54   13 27   14 47   15  9   16 73   17 70   18 16   19 39   20 84 
   1 72    2 29    3 21    4 54    5 89    6 33    7 93    8 63    9 71   10 79   11 58   12 78   13 41   14 60   15 71   16 91   17 11   18  7   19 71   20 27 
   1 87    2 10    3 29    4 38    5 77    6 30    7 84    8  2    9 46   10 24   11 14   12 71   13  9   14 31   15 99   16 96   17 64   18 84   19 72   20 32 
   1 59    2 86    3 12    4 65    5 47    6 49    7 19    8 18    9 23   10 82   11 31   12 65   13 77   14 76   15 89   16 10   17 88   18 53   19 71   20 84 
   1 67    2 62    3  2    4 56    5 60    6 54    7 43    8 43    9  7   10 12   11 19   12 95   13 98   14 12   15 92   16 58   17 94   18 56   19 68   20 74 
   1 89    2 26    3 95    4 29    5 12    6 36    7 14    8  6    9 70   10 84   11 16   12 21   13 64   14 75   15 60   16 70   17  9   18 71   19 42   20 72 
   1 84    2  1    3 24    4 21    5 96    6 38    7 22    8 13    9 78   10 49   11 41   12 18   13 14   14 90   15 44   16 42   17 29   18 40   19 94   20 85 
   1 43    2 62    3 20    4 99    5 63    6 63    7  1    8 55    9 71   10 15   11  9   12 54   13  2   14 72   15 59   16 21   17 58   18 17   19 83   20 60 
   1 92    2 89    3 66    4 34    5 27    6 97    7 55    8 84    9 34   10 48   11 67   12  1   13 19   14  8   15  8   16 11   17 90   18 33   19 14   20 55 
   1 90    2  2    3 82    4 25    5 87    6 45    7  5    8  1    9 43   10 58   11 74   12 87   13  9   14 86   15 51   16 88   17 78   18  3   19 76   20 60 
   1 23    2 62    3 45    4 66    5 46    6 65    7 14    8 70    9 88   10  9   11 85   12 29   13 19   14 86   15 60   16 91   17 63   18 51   19 90   20  8 
   1 20    2 96    3  4    4 54    5 10    6 26    7 82    8 25    9 35   10 74   11 90   12 19   13 28   14 70   15 35   16 78   17 34   18 76   19 14   20 34 
   1 97    2 99    3 22    4  1    5 97    6 76    7 84    8 38    9  6   10 22   11 77   12 38   13 69   14 46   15  5   16 70   17 71   18  2   19 83   20 54 
   1 57    2 91    3 81    4 52    5 59    6 23    7 10    8 98    9 59   10 43   11 40   12 44   13 90   14 52   15 81   16 53   17 49   18 63   19  3   20 47 
   1 33    2 85    3 56    4 23    5 58    6 40    7 17    8 17    9 43   10 84   11 33   12 46   13 71   14 31   15 67   16 51   17 69   18 84   19  1   20 60 
   1  7    2 42    3 85    4 50    5 73    6 91    7 39    8 23    9 98   10 18   11 42   12 25   13 83   14 36   15 70   16 96   17 97   18 55   19 12   20  8 
   1 69    2  7    3  3    4 61    5 11    6 51    7 39    8 28    9 22   10 30   11 74   12 48   13  2   14 10   15 79   16 27   17 10   18  3   19 51   20 39 
   1 56    2  4    3 82    4 36    5 31    6 41    7 75    8 80    9 13   10 86   11 16   12 66   13 16   14 19   15  7   16 47   17 43   18 82   19 46   20 42 
   1 16    2 23    3 94    4 60    5 41    6  8    7 59    8 24    9 43   10 53   11 45   12 81   13  9   14 85   15 51   16 30   17 22   18 46   19  2   20 10 
   1 41    2 74    3 72    4  1    5 23    6 42    7 51    8 29    9 64   10 87   11 62   12 42   13 60   14 49   15  1   16 37   17 16   18 58   19 92   20 62 
   1  7    2 83    3 96    4 57    5 36    6 71    7 30    8 16    9 18   10 79   11 44   12 48   13  1   14 61   15 38   16 63   17 31   18 24   19 23   20 52 
   1 74    2 41    3 55    4 38    5 54    6 20    7 71    8 13    9 25   10 83   11 68   12 34   13 44   14 10   15 91   16 61   17 22   18 57   19 69   20 65 
   1 54    2 63    3  3    4 68    5  7    6 54    7 95    8 35    9 62   10 93   11 76   12 73   13 25   14 26   15  3   16 73   17 62   18 59   19 65   20 32 
   1 67    2 99    3 63    4 45    5 31    6 19    7 17    8 31    9 53   10  7   11 76   12 32   13 86   14 38   15 88   16 80   17 14   18 86   19 30   20 61 
   1 15    2 55    3 65    4 85    5 90    6 32    7 46    8 40    9 85   10 78   11 78   12 68   13 45   14 97   15 88   16  5   17 11   18 39   19 48   20  9 
   1 85    2 37    3 20    4 13    5 83    6 65    7 61    8 40    9 31   10 31   11 29   12 60   13 68   14 71   15  6   16 82   17 46   18 55   19 70   20 25 
   1 83    2 23    3  4    4 55    5 65    6 27    7 37    8 22    9 47   10 95   11 15   12 63   13  1   14 34   15 68   16 49   17 85   18 69   19 15   20 15 
   1 42    2  1    3 95    4 98    5 61    6 20    7 93    8 59    9 23   10 32   11 30   12 49   13 56   14 74   15 26   16 11   17 59   18 36   19 62   20 56 
   1 29    2 84    3 20    4 12    5 15    6 99    7 28    8 78    9 95   10 55   11 93   12 19   13 64   14 12   15 38   16 79   17 73   18 98   19 48   20  3 
   1 64    2 46    3 57    4 97    5 10    6 81    7 57    8 10    9 74   10 46   11 16   12 54   13  7   14 77   15 93   16 78   17 22   18 82   19 19   20 13 
   1  3    2 31    3 38    4  6    5 61    6 87    7  7    8 94    9 36   10  3   11 38   12 14   13 68   14 16   15 89   16 57   17 70   18 44   19 49   20 59 
   1  9    2 93    3 46    4 94    5 55    6  4    7 53    8 80    9 29   10 93   11 27   12 40   13 96   14 55   15 85   16 47   17 52   18 70   19  5   20 95 
   1 35    2 79    3 76    4 43    5 81    6 10    7 82    8 86    9 39   10 36   11 32   12 83   13 30   14 90   15 82   16 91   17 70   18 67   19 22   20 93 
   1 24    2 32    3 10    4 86    5 87    6  2    7 22    8 18    9 43   10 77   11 31   12 66   13 62   14 61   15 99   16 92   17 45   18 74   19 45   20 49 
   1 72    2 71    3 79    4  2    5 81    6 61    7 50    8 34    9 59   10 67   11 88   12 27   13 32   14 43   15 47   16 94   17 45   18 61   19 15   20 67 
   1 70    2 60    3  7    4 84    5 50    6 10    7 93    8 69    9 24   10 29   11 79   12 89   13 25   14 42   15 60   16 33   17 37   18 38   19 29   20 17 
   1 47    2 42    3 12    4 94    5 43    6 22    7 29    8 94    9 42   10 70   11 86   12 69   13 27   14 81   15  4   16 52   17  2   18 87   19 65   20 39 
   1 78    2 24    3 60    4 28    5 67    6 59    7  9    8  9    9 88   10 34   11 61   12 34   13 97   14  1   15 41   16 12   17 90   18 35   19 72   20 91 
   1 60    2 51    3 85    4 68    5 54    6 45    7 76    8 87    9 16   10 45   11 30   12 27   13 54   14  8   15 86   16 37   17  2   18 37   19 45   20 60 
   1 11    2 98    3 73    4 45    5 79    6  8    7 20    8 24    9 23   10 16   11 55   12  3   13 28   14 51   15 12   16 47   17 40   18 98   19 53   20 90 
   1 60    2 64    3 18    4 43    5 26    6 27    7  6    8 44    9 33   10 99   11  8   12 97   13 65   14 16   15 19   16 39   17 70   18 26   19  8   20 94 
   1  5    2 85    3 75    4 89    5 64    6 24    7 39    8 31    9 20   10 70   11 90   12 40   13  7   14 14   15 80   16  4   17 93   18 49   19 11   20 53 
   1 24    2 31    3 77    4 86    5 83    6 53    7 49    8 38    9  2   10 48   11 70   12 57   13 71   14 25   15 37   16 50   17 44   18 12   19 21   20 25 
   1 52    2 11    3 71    4  8    5 56    6 53    7 31    8 25    9  1   10 86   11 58   12  3   13 74   14 92   15 55   16 90   17 71   18 52   19 46   20 12 
   1 39    2 95    3 83    4 32    5  8    6 84    7 20    8 29    9 47   10 31   11 35   12 45   13  8   14 98   15 59   16 58   17 83   18 49   19 95   20 63 
   1 14    2 58    3 63    4 62    5 78    6 46    7 79    8 70    9 39   10 88   11 11   12 42   13 46   14 28   15 55   16 46   17 13   18 92   19 42   20 75 
   1 65    2 57    3 52    4 11    5 27    6 17    7 46    8  3    9 84   10 69   11 66   12  1   13 76   14 97   15 26   16 14   17  3   18 43   19 66   20 63 
   1 99    2 28    3 66    4 36    5  1    6  5    7 22    8 69    9 94   10 10   11 63   12 63   13 45   14 38   15 40   16 84   17 99   18 75   19 23   20  7 
   1 69    2 76    3 30    4  3    5 97    6 77    7 78    8 77    9 40   10 54   11 26   12 14   13 11   14 95   15 22   16 97   17 27   18 83   19 39   20 80 
   1 96    2 40    3 71    4 23    5 35    6 96    7 19    8 26    9 74   10 12   11 92   12 29   13 92   14 78   15 72   16 49   17 98   18  3   19 86   20 16 
   1 54    2 96    3 57    4 79    5 29    6 41    7 87    8 63    9 34   10 10   11 29   12 53   13 54   14 48   15 90   16 33   17 62   18 99   19  4   20 39 
   1 37    2 54    3 83    4 99    5 22    6  3    7 85    8 91    9  7   10 74   11 98   12  5   13 31   14 66   15 39   16 48   17 17   18 87   19 95   20 37 
   1 35    2 91    3 34    4 57    5 16    6 99    7  8    8 49    9 20   10 86   11 59   12 71   13 51   14 18   15 60   16 68   17 35   18 60   19  8   20  7 
   1 19    2 90    3 31    4  4    5 87    6 99    7  2    8  5    9 80   10 56   11 18   12 44   13 48   14 19   15 14   16 36   17 71   18 92   19 41   20  1 
   1 10    2 41    3 11    4 69    5 79    6 37    7 57    8 30    9 34   10 82   11 39   12 57   13 27   14 25   15 92   16 66   17 94   18 75   19 85   20 38 
   1 88    2 72    3 50    4 69    5 82    6  2    7 99    8 79    9 50   10 40   11  1   12 77   13 55   14 79   15 47   16  6   17 58   18 53   19 66   20 48 
   1 61    2 37    3 22    4 30    5 65    6 10    7 69    8 59    9 26   10 93   11 27   12 43   13 39   14 90   15 90   16 54   17 77   18 30   19 68   20 38 
   1 95    2 38    3  7    4 99    5 62    6 40    7 55    8 73    9 28   10 10   11  4   12 59   13 71   14 26   15 43   16 16   17 29   18 59   19 37   20 39 
   1 18    2 64    3 82    4 51    5 99    6 63    7 14    8 40    9  8   10 59   11 38   12 25   13 18   14 48   15 15   16  7   17 61   18 95   19 51   20 83 
   1 49    2 98    3 34    4 66    5 22    6 29    7 24    8 54    9 30   10 11   11 42   12 52   13 48   14 81   15  8   16 35   17 41   18 85   19 46   20 27 
   1 69    2 36    3  5    4 33    5 79    6 82    7 42    8 30    9 49   10 35   11 69   12 19   13  8   14 95   15 24   16 64   17 47   18 63   19 93   20 14 
   1 86    2 20    3 62    4 13    5 37    6 14    7 64    8 18    9  4   10 84   11  4   12 34   13 35   14 37   15 93   16 18   17  2   18 21   19 59   20 46 
   1 28    2  3    3  3    4 89    5 31    6 39    7 96    8 18    9  1   10 88   11 68   12 16   13 62   14  6   15 40   16  8   17 16   18 78   19 14   20 46 
   1  6    2 41    3 68    4 73    5 30    6 11    7 40    8 62    9 31   10 40   11 30   12 38   13 52   14 86   15 68   16 61   17 41   18 72   19 25   20 59 
   1 40    2 93    3 35    4 26    5 40    6 18    7 87    8 20    9 18   10 78   11 39   12 61   13 65   14 83   15 68   16 41   17 59   18 87   19 71   20 12 
   1 88    2 44    3 79    4 25    5 93    6 44    7 43    8 26    9  1   10 57   11 75   12 53   13 95   14 67   15 67   16 65   17 27   18 52   19 15   20 20 
   1 94    2  3    3 10    4 88    5 22    6 37    7 96    8 52    9 43   10 21   11 87   12 36   13 55   14 74   15 41   16 71   17 18   18 39   19 89   20  7 
   1 78    2 19    3 60    4 70    5 91    6 77    7 94    8 90    9 79   10  5   11 45   12 87   13  7   14 91   15 72   16 34   17 33   18 93   19 94   20 85 
   1 43    2 66    3 67    4 72    5  8    6 40    7 75    8 47    9 98   10 68   11 83   12  3   13 37   14 99   15 72   16 35   17  1   18 22   19 61   20 74 
   1 31    2 55    3 10    4 56    5 44    6 81    7 27    8 99    9 87   10 73   11 30   12 56   13 91   14 55   15 73   16 92   17 99   18 82   19  5   20 49 
   1 54    2 66    3 87    4  1    5 95    6 28    7 97    8 18    9 72   10 13   11 55   12  1   13 91   14 79   15 44   16 70   17  3   18 21   19 45   20 48 
   1 80    2 68    3 25    4  6    5 93    6 52    7 51    8 69    9 70   10 71   11 37   12  4   13 73   14 46   15 34   16 65   17 15   18 65   19 52   20  6 
   1 11    2  1    3 24    4 97    5 83    6 64    7 75    8 40    9 26   10 35   11 31   12  4   13 56   14 10   15 24   16 76   17 45   18 81   19  9   20 73 
   1 27    2  5    3  4    4 57    5 38    6 21    7 33    8 21    9 23   10 13   11 74   12 98   13 22   14 52   15 19   16 71   17 82   18 59   19 70   20 57 
   1  3    2 59    3 36    4 64    5 74    6 39    7 13    8 49    9  1   10 71   11 49   12 90   13 98   14 22   15 27   16 81   17 20   18 73   19 50   20 44 
   1 32    2 64    3 44    4 40    5 24    6 97    7 32    8 18    9 68   10 76   11 18   12 23   13 96   14 39   15 31   16 32   17 11   18 74   19 44   20 41 
   1  2    2  1    3 22    4  4    5 50    6 37    7 93    8 89    9 31   10 28   11 76   12 78   13 82   14  8   15 80   16 27   17 90   18 33   19 79   20 35 
   1 49    2  5    3  8    4 71    5 75    6 40    7 53    8 86    9 62   10 13   11 46   12 64   13 84   14 13   15  4   16 95   17 65   18 53   19 64   20 68 
   1 27    2 11    3 49    4 84    5 60    6 75    7 38    8 28    9 48   10 52   11 78   12 90   13 31   14 32   15 94   16 49   17 73   18 47   19 47   20 61 
   1 81    2 46    3 97    4 50    5 15    6  9    7 16    8 53    9 17   10 58   11 99   12 18   13 44   14  4   15  3   16 51   17 71   18 69   19  4   20  1 
   1 18    2 10    3  8    4  1    5 73    6  4    7 45    8 14    9 69   10 31   11 58   12 19   13 19   14  7   15 31   16 65   17 26   18 11   19 59   20 16 
   1 83    2 56    3  9    4 30    5 68    6 69    7 79    8 91    9 13   10 53   11 84   12 67   13 60   14 47   15 38   16 17   17 97   18 31   19 45   20 37 
   1 84    2 25    3 18    4 84    5 63    6 22    7 90    8 87    9 14   10 12   11 89   12 82   13 19   14 34   15 44   16 91   17 50   18 69   19 91   20 70 
   1 49    2 95    3 34    4 33    5 79    6 54    7 48    8 18    9 42   10 24   11 74   12 16   13 56   14  1   15 87   16 23   17 43   18 67   19 35   20 26 
   1 64    2 12    3 54    4 69    5 40    6 86    7 37    8 51    9 37   10 83   11  1   12 53   13  6   14 12   15 77   16 17   17  7   18  3   19 71   20 76 
   1 20    2 48    3 42    4 19    5  2    6 41    7 72    8 73    9 21   10 71   11 86   12 18   13 45   14 93   15  2   16 19   17 78   18 21   19 63   20 87 
   1 52    2 11    3 70    4 37    5 45    6 59    7 53    8 35    9 12   10 49   11 95   12 17   13 24   14 62   15 66   16 28   17 27   18 29   19 94   20 42 
   1 42    2 45    3 59    4 25    5 94    6 56    7 71    8 38    9 37   10 78   11 58   12 25   13 10   14 11   15 20   16 70   17 50   18 28   19 86   20 26 
   1 51    2 25    3  8    4 27    5  3    6 76    7 22    8 53    9 95   10 15   11 17   12 71   13  6   14 81   15 79   16 67   17 70   18 45   19  3   20 22 
   1 66    2 62    3 29    4 71    5 16    6 47    7 63    8 41    9 42   10 24   11 18   12 12   13 44   14 26   15 89   16 40   17 65   18  2   19 77   20  2 
   1 95    2 12    3  6    4 55    5 29    6 53    7 25    8 29    9  3   10  6   11 70   12 24   13 57   14 31   15 90   16 81   17 96   18 53   19 37   20 81 
   1 18    2 67    3 42    4 19    5 55    6 38    7  9    8 44    9 21   10 72   11 49   12 32   13 43   14 41   15 84   16 54   17 27   18 36   19 84   20 55 
   1 37    2 17    3 33    4 43    5  3    6  6    7 38    8  8    9 75   10 48   11 21   12 44   13  1   14  5   15 40   16 52   17 66   18  5   19 50   20 12 
   1 70    2 59    3 67    4 80    5 72    6 26    7 58    8 93    9 15   10  3   11 43   12 39   13 42   14 40   15  8   16 38   17 18   18 79   19 97   20 47 
   1 22    2 30    3  7    4 93    5 87    6 27    7 42    8 47    9  5   10 49   11 26   12 40   13 20   14 11   15 65   16  6   17 96   18 76   19 21   20 26 
   1 87    2 73    3 64    4 76    5 64    6 81    7 84    8 26    9 21   10 81   11 67   12 47   13 83   14 56   15 80   16  8   17 66   18 32   19 42   20 91 
   1 67    2 34    3  7    4 52    5 33    6 17    7 54    8 61    9 51   10 15   11 66   12 53   13 57   14 67   15 50   16 31   17 82   18 87   19  6   20 37 
   1 15    2 27    3 60    4 26    5 64    6 87    7 58    8 47    9 99   10 13   11 89   12 75   13 34   14 49   15 89   16 98   17 23   18  4   19 19   20 41 
   1  1    2 50    3 79    4 70    5 64    6 22    7 12    8 99    9 38   10 36   11 66   12 83   13 67   14 92   15 29   16 14   17 69   18 44   19 96   20 11 
   1 37    2 87    3 26    4 36    5 32    6 32    7 99    8 57    9 55   10 94   11 63   12 35   13 64   14  8   15 98   16 17   17 28   18  8   19 51   20 82 
   1 91    2 77    3 57    4 23    5 23    6 34    7 24    8 50    9 80   10  3   11 88   12 53   13 92   14 79   15 45   16 31   17 95   18 16   19 53   20 26 
   1 59    2 88    3 98    4 72    5 94    6 37    7 85    8 48    9 36   10 35   11 45   12  1   13 35   14  5   15 66   16 37   17 38   18 93   19 95   20 57 
   1  2    2 80    3 27    4 23    5 93    6 58    7 35    8 50    9 39   10 37   11 52   12 35   13 55   14 72   15 64   16 85   17 89   18 93   19 76   20 33 
   1 44    2 75    3 66    4 28    5 69    6  7    7 13    8  2    9 99   10 48   11 89   12 67   13 99   14 77   15 86   16 84   17 19   18 64   19 95   20 21 
   1 29    2 41    3 89    4 14    5 75    6 53    7 20    8 20    9 59   10 66   11 83   12 26   13 23   14 60   15 75   16  7   17  6   18 65   19 50   20 37 
   1 37    2 84    3 90    4 48    5 65    6 70    7 54    8 80    9 35   10 31   11 80   12 13   13 52   14 21   15 64   16 54   17 52   18  1   19 52   20 67 
   1 30    2 24    3 44    4 54    5 68    6 20    7 46    8  6    9  1   10  4   11 58   12 52   13 30   14 23   15 83   16 40   17 70   18 40   19 27   20 22 
   1 20    2 27    3 91    4 86    5 93    6 88    7 23    8 75    9 96   10  6   11 52   12 31   13  6   14 51   15 12   16 95   17  4   18 74   19 97   20 33 
   1 19    2 52    3 36    4 81    5  4    6 34    7 27    8 70    9 64   10 23   11 21   12 11   13 81   14 16   15 69   16 97   17 81   18 59   19 96   20 47 
   1 79    2 73    3 66    4 12    5 91    6 34    7 90    8 16    9 84   10 48   11 34   12 37   13 91   14 73   15  7   16 44   17  1   18 21   19 88   20  3 
   1 41    2 75    3 71    4 26    5 15    6 27    7 74    8 73    9 38   10 50   11 96   12 13   13 89   14 59   15 27   16  4   17 36   18 79   19 92   20 55 
   1 79    2 23    3 32    4 76    5 83    6 40    7 96    8  4    9 79   10 41   11 69   12 73   13 45   14 20   15 20   16 46   17 30   18  9   19 33   20 19 
   1 49    2 52    3 80    4 41    5 38    6 46    7 52    8 45    9 75   10 23   11 81   12 37   13 33   14 83   15 92   16 10   17 13   18  2   19 23   20 61 
   1 21    2 97    3 25    4 89    5 34    6 38    7 55    8 92    9 12   10 57   11 65   12 56   13 55   14  9   15 28   16 63   17 90   18 70   19 38   20 38 
   1 97    2 40    3 32    4 70    5 67    6 35    7 12    8 15    9 46   10  5   11 61   12 55   13 74   14 60   15 36   16 76   17 30   18 88   19 37   20 63 
   1 86    2 50    3 39    4 54    5 24    6 99    7 61    8 70    9 60   10  5   11 82   12 81   13 46   14 68   15  2   16 23   17 66   18  3   19 11   20 42 
   1 15    2 95    3 38    4  6    5 78    6 65    7 63    8 41    9 33   10 23   11 75   12 61   13 50   14 14   15 86   16 95   17 28   18 95   19  6   20 20 
   1 57    2 34    3  5    4 65    5 41    6 58    7 13    8  6    9 81   10 21   11 61   12 75   13 29   14 67   15 71   16 73   17 36   18 77   19 55   20 62 
   1 76    2  2    3 97    4  7    5 87    6 17    7 56    8 42    9 13   10 58   11 22   12 34   13  2   14 86   15 34   16 78   17 38   18 76   19 40   20 45 
   1 14    2 76    3 56    4 14    5 55    6  5    7 49    8 42    9 86   10 96   11 52   12  2   13 80   14 35   15 74   16 46   17 48   18 94   19  1   20 78 
   1 57    2 26    3 65    4 88    5 83    6 41    7 50    8 21    9  5   10  9   11 10   12 29   13 12   14 58   15 86   16 40   17 97   18 90   19 69   20 57 
   1 80    2 48    3 14    4 98    5  5    6 46    7 85    8  7    9 76   10 40   11 50   12  2   13 63   14 13   15 68   16 34   17 56   18 67   19 96   20 31 
   1 93    2 16    3 58    4 57    5 34    6 14    7 42    8 43    9 12   10  2   11 30   12 60   13 96   14 55   15 94   16 92   17 92   18 27   19 76   20 33 
   1 31    2 20    3 35    4 19    5 16    6 10    7 52    8 64    9 46   10 55   11 84   12 17   13 88   14 57   15 78   16 42   17 93   18 18   19 46   20 71 
   1 66    2 86    3 97    4 72    5 57    6 70    7 54    8 89    9 39   10  2   11 86   12 55   13 47   14 14   15 38   16 56   17 81   18 49   19 66   20 73 
   1 30    2 62    3 24    4 41    5 66    6 44    7 47    8 77    9 91   10  9   11 16   12  3   13 21   14 79   15 77   16  4   17 24   18  3   19  8   20 87 
   1 82    2 54    3 46    4 40    5 23    6 97    7 70    8 41    9 86   10 78   11 54   12 94   13 30   14 72   15 69   16 63   17 38   18 79   19 84   20 46 
   1 11    2 50    3 91    4 62    5 13    6 79    7 36    8 93    9 49   10 37   11 54   12 70   13 44   14 27   15 56   16 93   17 39   18 12   19 62   20 21 
   1 71    2 26    3 53    4 47    5 35    6 50    7 49    8 33    9  7   10 52   11 70   12 35   13 64   14 42   15 12   16 72   17 33   18  6   19 95   20 52 
   1 94    2  4    3 29    4 65    5  8    6 57    7 81    8 36    9 56   10 78   11 37   12 71   13 51   14 59   15 64   16 63   17  7   18 72   19 30   20 95 
   1 35    2  4    3 72    4 14    5 17    6 68    7 23    8 73    9 75   10 18   11 18   12 62   13 95   14 58   15 99   16 62   17 75   18 46   19 20   20 66 
   1 71    2 59    3 43    4 99    5 20    6 80    7 64    8 66    9 73   10 85   11 96   12 92   13 57   14 36   15 41   16 30   17 43   18  7   19 90   20 24 
   1 76    2 24    3 62    4 65    5 18    6 47    7 20    8 64    9 58   10 79   11 80   12 39   13 96   14 63   15 25   16 91   17 92   18 56   19 66   20 27 
   1 76    2 14    3 27    4 14    5 66    6 27    7 97    8 43    9 88   10  6   11 80   12 47   13 62   14  1   15 58   16 96   17 44   18 33   19 76   20 63 
   1 26    2 49    3 57    4 99    5 10    6 12    7 36    8  8    9  3   10 23   11 21   12 10   13 11   14 45   15 20   16 53   17 35   18 59   19 46   20 48 
   1 31    2 35    3 14    4 65    5 48    6 24    7 36    8 75    9 40   10 47   11 58   12 72   13  8   14 10   15 86   16 19   17  2   18 86   19 38   20 43 
   1 58    2 78    3 92    4 62    5 71    6 88    7 53    8 50    9 56   10 82   11 70   12  5   13 92   14  8   15 58   16 40   17 96   18 33   19 41   20 87 
   1 31    2 77    3 69    4 30    5 64    6  3    7 88    8 11    9 43   10 66   11 71   12 40   13  1   14 66   15 13   16 14   17 28   18 28   19 83   20 44 
   1 98    2 72    3 61    4  6    5 97    6 98    7 42    8 41    9 27   10 24   11 62   12  1   13 51   14 62   15 20   16 16   17 13   18 84   19 43   20 87 
   1 26    2 10    3  8    4 80    5 59    6 29    7 93    8 50    9 93   10 14   11  4   12 15   13 32   14 95   15 11   16 66   17 67   18 59   19 37   20 58 
   1 92    2 87    3 78    4 52    5 25    6 23    7 94    8 15    9 30   10  9   11  1   12 67   13 96   14 88   15 33   16 54   17 61   18 54   19 93   20 24 
   1 11    2 24    3 43    4 35    5 67    6  8    7 61    8 71    9 36   10 37   11  4   12 10   13 88   14 69   15 55   16 54   17 71   18 99   19 80   20 50 
   1 72    2 26    3 53    4 25    5  5    6 55    7 92    8 76    9 10   10  1   11 69   12 31   13 15   14 38   15  5   16 64   17 20   18 30   19 68   20 33 
   1 46    2 46    3  2    4 54    5 15    6 86    7 16    8 73    9 98   10 33   11 70   12 40   13  5   14 30   15 71   16 86   17 54   18 14   19 92   20 62 
   1 20    2 40    3 72    4 44    5 33    6 98    7  4    8 23    9 65   10 94   11 77   12  7   13 56   14 60   15 62   16 31   17 53   18 65   19 94   20 56 
   1 38    2 86    3 23    4 40    5  6    6 90    7 88    8 21    9 49   10 82   11 28   12 54   13 68   14 33   15 50   16 99   17 75   18 34   19 21   20 86 
   1 57    2 40    3 85    4 99    5 27    6 46    7 75    8 80    9 59   10 60   11 47   12 86   13 10   14 87   15 93   16 10   17 58   18  6   19 68   20 58 
   1  5    2  8    3 49    4 21    5 34    6 22    7 85    8 40    9 76   10 79   11 78   12  4   13 89   14 91   15 74   16  2   17 74   18 91   19 53   20 42 
   1 19    2 39    3  6    4 74    5 12    6 19    7 28    8 43    9 10   10  4   11 64   12  2   13 43   14 48   15  6   16 74   17 65   18 89   19 76   20 84 
   1 65    2 11    3 34    4 10    5 28    6 24    7  7    8 40    9 24   10 69   11 58   12 89   13  4   14 46   15 39   16 29   17 21   18 80   19 40   20 35 
   1 35    2 96    3  6    4 46    5 15    6 95    7 84    8  6    9 84   10 92   11 47   12 36   13 51   14 18   15 90   16 77   17 60   18 34   19  4   20 91 
   1 89    2 74    3 51    4 99    5 36    6 75    7 63    8  4    9 11   10 51   11 17   12 33   13 84   14 31   15  5   16 14   17 72   18 35   19 89   20 49 
   1 41    2 22    3 17    4 88    5 22    6 97    7 69    8 46    9  8   10  7   11 67   12 98   13 35   14 22   15 81   16 30   17  4   18 91   19 52   20 52 
   1 15    2 22    3 66    4 91    5 82    6 95    7 94    8 30    9 33   10 36   11 84   12 70   13 53   14  2   15 28   16 14   17 85   18 44   19 54   20 86 
   1 99    2 50    3 31    4 57    5 43    6 99    7 23    8 66    9 54   10 96   11 59   12 91   13 82   14 96   15 33   16 48   17 47   18 52   19 87   20 45 
   1 19    2  6    3 58    4 85    5 97    6 78    7  2    8 16    9 90   10 40   11 51   12 64   13 41   14 56   15 78   16  1   17 80   18 73   19 86   20 62 
   1 74    2 95    3 84    4 62    5  6    6 30    7 43    8 26    9 30   10 15   11 47   12 41   13 62   14 17   15 95   16  4   17 71   18 93   19 20   20  3 
   1 63    2 83    3 70    4 46    5 28    6  6    7 26    8 25    9 51   10 53   11 61   12 19   13 78   14 49   15 82   16 71   17 26   18 98   19 15   20 50 
   1 92    2 70    3 87    4 88    5 65    6 86    7  7    8 39    9 24   10 90   11 51   12 24   13 72   14 87   15 38   16 54   17 73   18 30   19 61   20 83 
   1 29    2  1    3 99    4 11    5 45    6 59    7 44    8 69    9  4   10 19   11 97   12 84   13 32   14 35   15 41   16 30   17 36   18 20   19 25   20 57 
   1 47    2  8    3 88    4 27    5 73    6  7    7 12    8 45    9 51   10 19   11 65   12 50   13 17   14 69   15  4   16 42   17 38   18 58   19 85   20  8 
   1 80    2 94    3 60    4 35    5 63    6 61    7 51    8 39    9 16   10 97   11  7   12 51   13  9   14 66   15 94   16 43   17 13   18 34   19 58   20 88 
   1  7    2 65    3  4    4 50    5 41    6 53    7 19    8 90    9 67   10 39   11 71   12 60   13 67   14 69   15 44   16 33   17 66   18 14   19  6   20 10 
   1 43    2 70    3  2    4 68    5 12    6 54    7  5    8 50    9 21   10 37   11 75   12  3   13 74   14 30   15 10   16 32   17 82   18 46   19 40   20 88 
   1 89    2 61    3 99    4 58    5 11    6 25    7 62    8 32    9 90   10  4   11 47   12 56   13 27   14 30   15 28   16 12   17  2   18 61   19 98   20 50 
   1  9    2 80    3 79    4 47    5 85    6 55    7 28    8 92    9  9   10 25   11 83   12 79   13 55   14 77   15 33   16 68   17 76   18 73   19 93   20 22 
   1 99    2 82    3 49    4 44    5 82    6  8    7 96    8 87    9 18   10 63   11  1   12  8   13 76   14 98   15 66   16  8   17 29   18 87   19 78   20 49 
   1 38    2 23    3 53    4 37    5 41    6 80    7  9    8 10    9  6   10 95   11 46   12 34   13  1   14 55   15 16   16 82   17 90   18 41   19 55   20 44 
   1 76    2 51    3 16    4 76    5 87    6 52    7 70    8 43    9 72   10 12   11 54   12 93   13 41   14 78   15 45   16 27   17 36   18  9   19 75   20  6 
   1 52    2 92    3 64    4 30    5 84    6 67    7  8    8 14    9 33   10 55   11 76   12 79   13 73   14 45   15 51   16 59   17 32   18 57   19 97   20 26 
   1 48    2 25    3 72    4 98    5 25    6 17    7 94    8 18    9 54   10 89   11 54   12 72   13 89   14 84   15 89   16 20   17 84   18 82   19 52   20 34 
   1 55    2 23    3 59    4 57    5 59    6 78    7 22    8 91    9 27   10 11   11 59   12  7   13  2   14 47   15 69   16 60   17 78   18 17   19 27   20 40 
   1 17    2 40    3 62    4  7    5 89    6 57    7 74    8 12    9 46   10 38   11 37   12 90   13 45   14 58   15 23   16 76   17 94   18 19   19 32   20 26 
   1 63    2 69    3 66    4 15    5 86    6 92    7 94    8 28    9 52   10 47   11 47   12  2   13 99   14 24   15  9   16 44   17 45   18 32   19 81   20 49 
   1 92    2 42    3 92    4 84    5 15    6  1    7 13    8 34    9 69   10 45   11 55   12 76   13 37   14 56   15  8   16 29   17 14   18 47   19 73   20 93 
   1 77    2 13    3 28    4 39    5 17    6 42    7  9    8 72    9 34   10 27   11 76   12  1   13 74   14 50   15 43   16 68   17 72   18 89   19 29   20 77 
   1 31    2 17    3 72    4 62    5 44    6 70    7 95    8 87    9 29   10  2   11 75   12  7   13 95   14 53   15 64   16 24   17  3   18  2   19 34   20 38 
   1 44    2 27    3 50    4  1    5 71    6 34    7 78    8 36    9 92   10 98   11 23   12 57   13 78   14 12   15 15   16 46   17 18   18 94   19 35   20 15 
   1 76    2 74    3 80    4 41    5 15    6 86    7 51    8  7    9 14   10 89   11 41   12 19   13 48   14 43   15 15   16 94   17 58   18 17   19 78   20 50 
   1 18    2  7    3 48    4 59    5 10    6 78    7 26    8 48    9 62   10 24   11 28   12  2   13 95   14 73   15 26   16 79   17 87   18 98   19 29   20 15 
   1  7    2 25    3 12    4 92    5 68    6 69    7 58    8 21    9 39   10 58   11 78   12 11   13 11   14  3   15 48   16 68   17 30   18 13   19 45   20 22 
   1 40    2 73    3 32    4 51    5 58    6 87    7 53    8 56    9 27   10 84   11 58   12 84   13 28   14 32   15  9   16 49   17 73   18 84   19 25   20 88 
   1 47    2 81    3 76    4 82    5 33    6 49    7 31    8  5    9  4   10 33   11 51   12  9   13 21   14 91   15 11   16 85   17 71   18 12   19 54   20 42 
   1 73    2 84    3 33    4 49    5 14    6 34    7 74    8 88    9 96   10 24   11 40   12 88   13  8   14 25   15 56   16 87   17  5   18 66   19 74   20 63 
   1 41    2 40    3 65    4 78    5  3    6 80    7 35    8 16    9 63   10 71   11 16   12 50   13 88   14 44   15 75   16 17   17 77   18 90   19 77   20 56 
   1 70    2 28    3 18    4 87    5 89    6 38    7 59    8  4    9 15   10 25   11 21   12 52   13 29   14 55   15 75   16 99   17 60   18 86   19 85   20 61 
   1 86    2 86    3 88    4 60    5 94    6 14    7 39    8 43    9 62   10 14   11 88   12 49   13 60   14 97   15 63   16 76   17  6   18 83   19 64   20 64 
   1  8    2 17    3 60    4 55    5 19    6 93    7 53    8 49    9 63   10 37   11 59   12 10   13  2   14 10   15 17   16 81   17 61   18 75   19  2   20 63 
   1 63    2 66    3 67    4 57    5 33    6 86    7 53    8 42    9 40   10 45   11  3   12 23   13 47   14 42   15 93   16 52   17 23   18 67   19 27   20 30 
   1 77    2 33    3 54    4 70    5 55    6 35    7 43    8 91    9 72   10 30   11 39   12 30   13 15   14 73   15 38   16 24   17 29   18 33   19 81   20  4 
   1 91    2 20    3 61    4 11    5 55    6 18    7 18    8 64    9 30   10 27   11 73   12 75   13  1   14 74   15 22   16 57   17  2   18 40   19 17   20 21 
   1 24    2 84    3 72    4 62    5 37    6 11    7 37    8 99    9 30   10 43   11 34   12 43   13 64   14 16   15 22   16  8   17 67   18 56   19 31   20 95 
   1 19    2 23    3 50    4 53    5 26    6 19    7  8    8 60    9 91   10 36   11 45   12 88   13 55   14 47   15 17   16 36   17 69   18 21   19 37   20 20 
   1 63    2 73    3 42    4 95    5 22    6 29    7 69    8  9    9 94   10 88   11 20   12 66   13 32   14 68   15 24   16 67   17 38   18 43   19 20   20 30 
   1 72    2 25    3 30    4 97    5 75    6 56    7 18    8 11    9 88   10 44   11 66   12 23   13 49   14  9   15 93   16 57   17 37   18  1   19 69   20 86 
   1 17    2 87    3 24    4  9    5  4    6  2    7 68    8 10    9 89   10 20   11 35   12 34   13 20   14 92   15 17   16 66   17 80   18 92   19 59   20 95 
   1 46    2  2    3 27    4 85    5 82    6 58    7 63    8 88    9 99   10 29   11 96   12  1   13 33   14  4   15 48   16  5   17 51   18  4   19 39   20 82 
   1 66    2 15    3  6    4 17    5 30    6  2    7 48    8 41    9 63   10 48   11 24   12 82   13 68   14 48   15 27   16 69   17 34   18 44   19 13   20 10 

