ta108
200 20
   1 28    2 99    3 41    4 28    5 77    6 72    7 80    8  5    9  5   10 23   11  7   12 82   13 35   14 24   15 86   16 67   17 96   18 15   19  4   20 13 
   1 87    2 42    3 42    4 47    5 37    6 98    7 83    8 18    9 37   10 20   11 64   12 56   13 28   14 34   15 99   16 54   17 57   18 32   19  8   20 97 
   1 76    2 98    3 67    4 43    5 78    6 97    7  1    8 67    9 30   10 24   11 53   12 67   13 25   14  7   15 16   16 97   17  3   18 42   19 25   20 79 
   1 87    2 23    3 84    4 94    5 25    6 31    7 66    8 66    9 15   10 23   11 45   12 11   13 36   14 25   15 19   16  2   17 53   18 98   19 28   20 20 
   1 85    2 63    3 13    4 85    5 51    6 11    7 52    8 81    9 25   10 11   11 43   12  8   13 29   14 96   15 42   16 43   17  7   18 49   19 19   20 53 
   1 94    2  4    3 60    4 79    5 26    6  7    7  7    8 73    9  6   10 60   11 17   12 40   13 41   14 75   15 32   16 73   17 52   18 80   19 44   20 51 
   1 64    2  7    3  6    4 33    5  3    6 88    7 80    8 15    9 78   10 83   11 97   12 68   13 11   14 84   15 68   16 22   17 63   18 30   19 46   20 91 
   1  9    2 83    3 41    4 95    5 10    6 76    7 45    8 85    9 14   10 41   11 76   12 48   13 65   14 43   15 95   16 12   17 74   18 80   19 83   20 26 
   1 38    2 41    3 23    4 65    5 74    6 89    7 12    8 51    9 70   10 60   11 44   12 17   13 85   14 53   15 63   16 14   17 32   18 34   19  8   20 16 
   1 60    2 23    3 15    4  3    5 75    6 29    7 39    8 44    9 72   10 43   11 64   12 41   13 22   14 13   15  1   16 62   17 72   18 72   19 16   20 61 
   1 12    2  1    3 99    4 83    5 42    6  2    7 37    8 42    9 50   10 11   11 27   12 27   13 82   14 11   15 75   16 57   17 69   18 46   19 20   20 42 
   1 29    2 89    3 78    4 41    5 41    6 66    7 22    8 28    9 68   10 59   11 83   12 75   13 96   14 47   15 85   16 34   17  4   18 20   19 59   20 83 
   1 65    2 88    3 22    4 94    5 64    6 12    7 71    8 19    9 74   10 97   11 78   12 91   13 59   14 24   15 86   16 20   17 91   18 93   19 48   20 11 
   1 56    2 57    3 70    4 22    5 65    6 29    7 73    8 95    9  6   10 34   11 70   12 57   13  1   14 83   15 17   16 40   17 91   18  6   19 41   20 29 
   1 43    2 83    3 84    4 62    5 51    6 92    7 69    8 25    9 93   10 79   11 78   12 89   13 17   14 81   15 65   16 39   17 15   18 92   19 87   20 14 
   1  4    2  2    3 41    4 33    5 29    6 35    7 15    8 72    9 83   10 70   11 17   12 41   13 16   14 46   15 24   16 36   17 40   18 12   19 28   20 45 
   1 48    2 46    3 57    4  9    5  3    6 97    7 40    8 59    9 65   10 94   11 96   12 72   13 54   14 76   15 45   16 71   17 32   18 52   19 14   20 72 
   1 52    2 90    3 38    4 73    5 44    6 25    7 35    8 10    9 93   10 87   11 21   12 31   13 43   14  4   15 71   16 82   17 97   18 13   19 85   20 39 
   1 74    2 41    3 97    4 75    5 65    6 50    7 29    8 14    9 67   10 64   11  7   12 71   13 52   14 57   15 56   16 82   17 54   18 10   19 37   20 22 
   1 75    2 16    3 68    4  3    5 52    6 17    7 72    8 63    9 11   10 88   11 49   12 15   13 62   14 23   15 88   16 57   17 91   18 17   19 50   20 47 
   1 62    2 75    3 53    4 15    5 60    6 32    7 16    8 46    9 44   10 75   11 74   12 82   13 54   14  7   15 36   16 71   17 61   18 84   19 92   20 35 
   1 72    2 57    3 67    4 97    5 13    6 74    7 79    8 37    9 42   10  8   11  2   12  6   13 37   14 44   15 34   16 46   17 20   18 29   19  2   20 70 
   1  6    2 83    3 91    4 57    5 81    6 28    7 79    8 62    9 18   10 40   11 63   12 50   13 84   14 35   15 32   16 36   17 21   18 75   19 25   20 84 
   1 92    2 51    3 73    4 53    5 38    6 20    7  6    8 45    9 30   10 63   11 18   12 63   13 75   14 67   15 72   16 94   17 40   18 69   19  5   20 47 
   1 86    2 47    3 33    4 33    5 10    6 42    7 16    8  9    9 75   10 55   11 16   12 26   13 36   14 28   15  8   16 84   17  7   18 35   19 73   20 78 
   1  3    2 89    3 55    4  7    5 78    6  2    7 17    8 30    9 61   10 60   11 63   12 96   13 83   14 20   15 68   16 82   17 86   18  2   19 13   20 51 
   1 17    2 17    3 69    4 87    5 65    6 15    7 53    8 39    9 61   10 28   11 84   12 20   13 42   14 58   15 20   16 38   17 54   18 67   19 58   20  4 
   1 59    2 25    3 42    4 10    5 51    6 16    7 87    8 84    9 38   10 46   11 17   12 13   13 53   14 96   15 39   16 54   17 32   18 52   19 40   20 75 
   1  6    2 28    3 33    4 55    5 80    6 38    7 14    8 65    9  1   10 83   11  7   12  7   13 46   14 57   15 78   16 88   17 98   18 98   19  5   20 11 
   1  9    2 43    3 32    4 40    5 31    6 77    7 44    8  9    9 79   10 45   11 70   12 80   13 24   14  5   15 58   16 27   17 83   18 99   19 28   20 36 
   1 51    2  7    3 67    4  4    5 84    6 69    7 35    8  7    9 37   10  5   11 56   12 18   13 96   14 78   15 28   16 92   17  5   18 71   19 51   20 36 
   1 48    2 37    3 60    4 92    5 62    6 44    7 37    8  2    9  9   10 19   11 73   12 35   13 28   14 30   15 60   16 28   17 32   18 37   19  1   20 97 
   1 86    2 77    3 90    4  8    5  9    6 69    7 51    8  8    9 68   10 27   11 30   12 13   13 72   14 67   15 35   16 15   17 25   18 52   19 88   20 36 
   1 68    2 82    3 49    4 99    5 29    6 89    7 65    8 93    9 21   10 65   11 45   12 67   13 72   14 75   15 84   16 71   17 59   18 42   19 33   20  3 
   1 97    2 16    3 93    4 70    5 72    6 20    7 66    8 44    9 13   10 90   11 21   12 37   13 17   14  6   15 49   16  6   17 98   18 24   19 87   20 43 
   1 16    2 25    3 83    4 84    5 34    6  4    7 17    8 16    9 39   10 90   11 49   12 14   13 16   14 19   15 18   16 21   17 50   18 22   19 13   20 73 
   1 98    2 44    3 41    4 77    5 46    6 34    7 69    8 41    9 98   10  9   11 32   12 36   13 27   14 46   15 89   16 67   17 71   18 30   19 14   20 27 
   1 43    2 59    3 70    4 28    5 96    6  5    7 68    8 29    9  3   10 69   11 92   12 69   13 71   14 69   15 51   16 35   17  7   18 20   19 22   20 88 
   1 63    2 53    3 48    4  2    5  9    6 13    7 40    8 43    9 32   10 76   11 51   12 74   13 21   14 36   15 94   16  8   17 65   18 62   19 32   20 48 
   1 98    2 47    3 78    4 32    5  3    6  6    7 85    8 88    9 53   10 70   11 20   12 46   13 59   14 19   15 53   16 74   17 21   18 93   19 63   20 84 
   1 74    2 81    3 75    4 75    5 95    6  8    7  4    8 74    9 80   10 52   11 19   12 36   13 70   14 93   15 82   16 53   17 24   18 84   19 77   20 81 
   1 71    2 37    3 24    4 19    5 86    6 35    7 72    8 37    9 71   10 56   11 39   12 84   13 51   14 50   15 63   16 10   17 16   18 92   19 82   20 27 
   1 79    2 10    3 15    4 73    5 45    6 75    7 66    8 14    9 42   10 98   11 37   12 11   13 58   14 87   15 45   16 24   17 52   18 75   19 87   20 43 
   1 51    2 80    3 75    4 67    5 19    6 16    7  1    8  5    9 64   10 44   11 90   12 30   13 72   14 36   15 85   16 34   17 38   18 79   19 51   20 32 
   1 26    2 94    3 22    4 42    5 61    6 77    7 40    8 76    9 32   10 34   11 59   12 85   13 77   14 92   15 11   16 30   17 15   18 34   19 81   20 11 
   1 70    2 58    3 74    4 60    5 18    6 18    7 99    8 23    9 41   10 60   11  5   12 62   13 85   14 13   15 47   16 30   17 99   18 85   19 80   20  9 
   1 52    2 64    3 19    4 31    5 62    6 31    7 94    8 76    9 10   10 48   11 66   12  5   13  3   14 83   15 83   16 43   17 88   18  2   19 38   20 96 
   1 16    2 45    3 33    4 16    5  2    6 95    7 83    8 88    9 70   10 68   11 61   12  1   13 37   14 77   15  8   16 25   17 58   18 65   19 28   20 57 
   1  5    2 59    3 19    4 78    5 77    6 62    7 21    8 45    9 61   10 16   11 81   12 85   13 63   14 98   15 53   16 33   17 76   18 83   19 62   20 61 
   1 89    2 58    3 12    4 80    5 61    6 98    7 57    8 29    9 12   10  7   11 35   12 58   13 70   14 39   15 35   16 22   17 67   18 76   19 17   20  5 
   1 30    2 90    3 32    4 39    5  9    6 94    7  3    8 88    9 47   10 73   11 45   12 77   13 15   14 20   15 24   16 23   17  9   18  3   19 72   20 53 
   1  8    2 37    3  7    4  1    5 12    6 65    7 34    8 71    9 24   10 50   11 93   12  9   13 10   14 32   15 87   16 69   17 62   18 89   19 35   20 62 
   1 45    2 12    3 54    4 88    5 66    6 66    7 42    8  6    9 49   10 54   11 91   12 36   13 45   14 53   15 19   16 42   17 52   18 44   19 93   20 30 
   1 60    2 11    3  3    4  8    5 73    6 40    7 21    8 95    9 86   10 48   11  9   12 11   13 82   14 69   15  7   16 80   17 10   18 55   19 47   20 47 
   1 90    2 51    3 93    4  1    5 36    6 74    7 90    8 70    9  1   10 31   11 75   12 29   13 17   14 67   15 69   16 55   17 22   18 94   19 52   20  7 
   1 81    2 55    3 18    4 75    5 74    6 94    7 56    8 29    9 75   10 76   11 79   12 79   13 28   14 26   15  6   16 66   17 73   18 74   19 49   20 76 
   1 87    2 69    3 69    4 96    5 61    6 13    7 31    8 99    9 14   10 40   11 95   12 75   13 33   14 67   15  1   16 57   17 56   18 55   19 29   20 27 
   1 32    2 53    3 55    4 42    5  7    6 64    7 69    8  2    9 42   10 80   11 93   12 34   13 84   14 58   15  8   16 43   17 80   18 10   19 40   20  7 
   1 17    2 89    3 47    4 47    5 57    6 78    7 78    8 85    9 95   10 62   11 54   12 92   13 69   14 59   15 27   16 41   17 87   18 37   19 34   20 13 
   1 80    2 67    3 79    4 61    5 96    6 58    7 50    8 13    9 22   10 88   11 43   12 14   13 22   14 39   15 38   16 48   17 31   18 66   19 57   20 64 
   1  9    2 49    3 11    4 59    5  2    6 44    7 27    8 77    9 47   10 49   11 74   12 71   13 19   14 20   15 47   16 78   17 40   18  7   19 21   20 80 
   1 30    2 32    3 83    4 75    5 14    6 60    7 56    8 69    9 24   10 81   11 56   12 92   13 16   14 25   15 13   16 71   17 30   18 58   19 49   20 85 
   1 28    2 70    3  8    4 45    5  3    6 69    7 67    8 30    9 76   10 37   11 63   12 88   13 75   14 49   15 12   16 82   17 42   18 45   19 32   20 54 
   1 20    2 85    3 71    4 49    5 29    6 17    7 15    8 99    9 99   10 18   11 64   12 26   13 22   14 27   15 14   16 59   17 55   18 93   19 20   20 87 
   1 76    2 12    3 19    4 16    5 79    6 77    7 52    8 49    9 68   10  1   11 26   12 13   13 53   14 66   15 41   16 30   17 40   18 48   19 14   20 27 
   1 43    2 43    3 72    4 59    5 43    6 16    7 98    8 26    9 97   10 47   11 91   12 59   13 16   14 74   15 69   16 44   17  9   18  4   19  7   20 53 
   1 18    2 68    3 24    4  1    5 64    6 27    7 27    8 46    9 74   10 54   11 71   12 63   13 75   14 25   15 94   16 45   17  5   18 69   19  3   20 56 
   1 47    2 82    3 94    4  9    5 20    6 61    7 27    8 12    9 74   10 13   11 37   12 74   13 79   14 67   15 60   16 82   17 27   18 51   19 46   20 54 
   1 42    2 97    3  8    4 28    5 44    6 59    7 49    8  8    9 77   10 81   11 32   12 80   13 33   14 32   15 41   16  3   17 56   18 43   19 16   20 66 
   1 97    2 55    3 72    4 14    5 87    6 84    7 60    8 37    9 10   10 47   11  8   12  4   13 28   14  7   15 54   16 18   17 61   18 33   19 23   20 24 
   1 90    2 30    3 17    4 17    5 84    6 43    7 16    8 90    9 14   10 52   11 85   12 31   13 89   14 80   15 79   16 22   17 19   18 73   19  1   20 20 
   1 64    2 69    3 23    4  2    5 71    6 27    7 82    8 95    9 79   10 90   11 93   12 70   13 18   14 96   15 32   16 50   17 31   18  7   19 76   20 36 
   1 95    2 30    3  1    4 44    5 88    6 63    7 43    8  9    9 12   10 38   11 56   12 17   13 43   14 73   15 33   16 61   17 81   18 74   19 16   20 77 
   1 84    2 27    3  1    4  6    5 14    6 18    7 59    8 85    9 67   10 95   11 21   12 70   13 28   14 77   15 15   16 57   17 94   18 73   19  8   20 83 
   1 71    2  7    3 41    4 98    5 24    6 81    7 77    8 73    9  5   10 23   11  5   12 87   13 28   14 72   15 65   16 89   17 83   18 45   19 22   20 56 
   1  8    2 36    3 17    4 75    5 88    6 90    7 23    8  2    9 40   10 20   11 82   12 90   13 51   14 17   15 11   16 80   17 22   18 89   19 59   20  5 
   1 94    2 51    3 71    4 73    5 20    6 69    7 71    8 28    9 94   10 70   11 82   12 58   13 83   14  9   15 50   16 44   17  3   18 96   19 50   20 67 
   1 59    2 38    3 69    4 16    5 79    6 63    7 88    8 99    9  5   10 54   11 59   12 27   13 20   14 77   15 63   16 81   17  2   18  4   19 30   20 67 
   1 85    2 65    3 68    4 96    5 83    6 97    7 48    8 79    9 29   10  8   11 28   12 11   13  3   14 37   15 57   16 84   17 36   18  4   19 59   20 95 
   1 68    2 73    3 90    4 16    5 43    6 12    7 80    8 35    9 47   10 36   11 55   12 89   13 53   14 25   15 21   16 32   17 17   18 14   19 66   20 86 
   1 91    2 70    3 77    4 88    5 24    6 44    7 16    8  9    9 66   10 38   11 80   12 53   13 20   14 19   15  6   16 73   17 79   18 15   19 58   20 77 
   1 40    2 68    3 93    4 59    5 92    6 48    7 81    8 27    9 51   10 10   11 39   12 17   13 56   14 17   15 13   16 77   17 60   18 41   19 43   20 98 
   1 25    2 75    3 27    4 77    5  7    6 67    7 13    8 81    9 67   10 10   11 38   12 70   13 15   14 90   15 51   16 14   17 74   18 65   19 60   20 24 
   1 78    2 46    3 79    4 86    5 92    6 93    7 74    8 93    9 74   10 93   11 91   12 95   13  5   14 29   15 10   16 92   17 41   18 41   19 77   20  1 
   1 91    2 62    3 79    4 59    5 68    6 54    7 62    8 79    9  1   10 30   11 77   12 76   13 85   14  9   15  1   16 14   17 62   18 90   19 54   20 66 
   1  8    2 19    3 61    4 24    5 69    6 81    7 96    8 87    9 71   10 30   11 77   12 49   13 67   14 67   15 41   16 79   17 20   18  1   19 71   20 92 
   1 80    2 35    3 69    4 33    5 34    6 70    7 78    8  2    9 15   10 88   11 72   12 23   13 37   14 87   15 57   16 96   17 86   18 80   19  1   20 74 
   1 80    2 35    3 18    4 53    5 30    6 39    7 82    8 28    9 98   10 56   11 59   12 74   13 89   14 59   15 79   16 87   17 34   18 75   19 47   20 45 
   1 88    2 69    3 30    4 47    5 85    6 59    7 65    8  5    9 19   10 11   11 50   12 97   13 41   14 21   15 77   16 47   17 56   18 78   19 71   20 45 
   1 23    2 51    3  9    4 55    5  5    6 58    7 60    8 44    9 86   10 10   11 61   12 98   13 75   14  2   15 18   16 73   17 16   18 79   19 82   20 20 
   1 13    2 28    3 69    4 35    5 41    6 41    7 77    8 33    9 92   10 20   11 29   12 76   13 18   14 32   15 55   16 34   17 84   18 85   19 38   20 96 
   1 20    2 18    3 94    4 77    5 90    6  8    7 53    8 77    9 39   10 15   11 41   12 83   13 83   14 89   15 92   16 69   17 31   18 37   19 68   20 81 
   1 77    2 17    3 26    4 62    5 46    6 18    7 11    8 91    9 60   10 12   11 31   12 40   13 69   14 76   15 41   16 27   17 96   18 19   19 91   20 90 
   1 99    2 22    3 33    4  1    5 20    6 91    7 61    8 33    9 29   10 24   11 22   12 46   13 97   14 19   15 62   16 16   17 47   18 69   19 32   20 54 
   1 72    2 23    3 42    4 52    5 91    6 45    7 15    8  2    9  1   10 99   11 62   12 72   13 20   14  4   15 31   16 26   17 78   18 73   19 89   20 54 
   1  9    2 41    3 49    4 50    5 51    6 93    7 13    8 90    9 18   10 98   11 61   12 39   13 71   14 53   15 45   16 74   17 75   18 79   19 65   20 18 
   1 56    2 64    3 51    4  8    5 86    6 19    7 54    8 14    9 24   10 73   11 89   12 21   13 63   14 45   15 36   16 61   17 67   18 16   19 61   20  7 
   1 52    2 60    3 42    4 50    5 99    6 99    7 79    8 34    9  5   10 24   11  7   12 96   13 25   14 38   15 33   16 91   17 41   18 51   19 77   20 73 
   1 81    2 88    3 79    4 72    5 26    6  3    7  5    8 85    9 55   10 45   11 85   12 56   13 31   14  6   15  1   16 97   17 11   18 93   19 15   20 36 
   1 39    2 85    3 81    4 65    5 95    6 60    7 54    8 83    9  3   10 84   11 82   12 52   13 45   14 27   15 63   16 78   17 40   18 53   19 59   20 82 
   1 86    2 62    3 90    4 77    5 89    6 11    7 27    8 32    9 68   10 42   11 88   12 85   13 91   14 64   15 39   16 17   17 20   18 39   19 86   20 26 
   1 10    2 10    3 53    4 59    5 55    6 59    7 41    8 59    9 48   10 48   11 85   12 33   13 70   14 87   15 62   16 63   17 33   18 85   19 37   20 45 
   1 33    2 93    3 43    4 49    5 85    6 62    7 50    8 16    9 42   10 74   11 98   12 97   13 32   14 83   15  1   16 37   17 82   18 40   19 52   20 46 
   1 30    2 31    3 38    4  6    5 49    6 76    7 22    8 22    9 32   10 93   11  8   12 77   13 98   14 74   15 71   16 73   17  1   18  8   19 71   20 15 
   1 13    2 14    3 49    4 52    5 28    6 11    7 37    8  6    9 12   10 97   11 76   12 51   13 68   14 63   15 55   16 40   17 50   18 82   19 38   20 86 
   1 61    2 19    3 82    4 71    5 21    6 23    7  3    8 59    9 83   10 22   11 76   12 66   13 38   14 29   15  6   16 85   17 23   18 55   19 37   20 45 
   1 64    2 61    3 97    4 14    5 48    6  9    7 65    8 26    9 86   10 88   11 49   12 95   13 61   14 36   15 43   16 69   17 73   18 64   19 89   20 47 
   1 73    2 14    3 83    4 54    5 47    6  8    7 30    8 38    9 81   10 71   11 44   12 63   13  5   14  5   15  5   16 86   17  9   18 70   19 41   20 90 
   1 67    2 11    3 34    4 45    5 12    6 90    7 94    8  3    9 20   10 41   11  6   12  9   13 21   14 39   15 13   16 57   17 39   18 17   19 21   20 62 
   1 56    2 78    3 47    4 54    5 90    6 29    7 67    8 22    9 45   10 82   11 40   12 92   13 46   14  9   15 80   16 11   17 73   18 54   19 70   20 30 
   1 66    2  9    3 48    4 94    5 23    6 11    7 39    8 12    9 15   10 68   11  4   12 59   13 76   14 53   15 36   16 41   17 57   18 72   19 60   20 66 
   1 55    2 38    3 24    4 84    5 43    6  8    7 24    8 14    9 92   10 35   11 19   12 79   13 57   14 23   15 31   16 43   17 41   18 79   19 99   20 47 
   1 22    2 17    3 71    4 21    5 27    6 25    7 98    8 66    9 85   10 92   11 93   12 42   13 33   14 88   15 67   16 60   17 83   18 58   19 34   20 27 
   1 47    2 98    3 73    4  3    5 16    6 21    7  9    8 21    9 22   10 64   11  7   12 51   13 42   14 62   15 98   16 45   17 92   18 61   19 33   20  4 
   1  5    2 30    3  3    4 70    5 26    6 55    7 28    8 52    9 68   10 95   11 94   12 82   13 12   14 21   15 67   16 33   17 31   18 39   19 58   20 15 
   1 97    2 11    3 85    4 74    5 97    6 10    7 54    8 65    9 56   10 67   11 27   12 42   13 93   14 31   15 29   16 73   17  7   18 59   19 64   20  9 
   1 65    2 27    3  3    4 79    5 34    6 92    7 18    8 27    9 78   10 88   11 90   12 33   13  8   14 82   15 85   16 34   17  6   18 96   19 66   20 85 
   1 84    2 87    3 71    4 81    5 99    6 32    7 32    8  1    9 85   10 78   11 53   12  3   13 90   14 93   15 54   16 14   17 86   18 41   19 22   20 79 
   1  3    2  6    3 14    4 47    5 17    6 60    7 50    8 46    9 23   10 51   11 79   12 19   13 94   14 66   15 90   16  8   17 54   18 21   19 31   20 25 
   1 72    2 57    3 70    4 60    5 63    6 59    7 43    8 13    9 10   10 84   11  5   12 54   13 12   14 28   15 21   16 77   17 93   18 98   19 54   20 92 
   1 19    2 77    3 62    4 60    5 48    6  5    7 80    8 30    9 43   10 22   11 69   12 66   13 43   14 59   15 26   16 46   17 59   18 22   19 33   20 67 
   1  6    2 79    3  2    4 30    5 24    6  8    7 14    8 63    9 84   10 75   11  3   12 28   13 80   14 18   15 22   16 63   17  1   18  5   19 97   20 45 
   1 10    2 94    3 14    4 20    5 27    6 65    7 25    8 87    9 22   10 80   11  5   12 74   13 88   14 31   15 96   16 38   17 66   18 19   19 95   20 47 
   1 21    2 33    3 94    4 81    5 53    6 57    7  7    8  2    9 43   10 53   11 15   12 11   13 94   14 83   15 75   16 41   17 91   18 43   19 43   20 88 
   1 56    2 45    3 85    4 97    5 74    6  9    7 81    8 14    9 15   10 38   11  5   12 70   13 43   14 25   15 13   16 75   17 78   18  2   19  7   20 79 
   1 17    2 50    3 48    4 39    5 75    6 84    7 58    8 11    9 53   10  5   11 22   12 30   13 28   14 22   15 15   16 35   17 97   18 74   19 85   20 75 
   1 75    2 38    3 84    4 24    5 51    6 88    7 48    8 41    9 12   10 10   11 84   12 37   13 60   14 18   15 20   16 50   17 42   18 69   19 34   20  4 
   1 30    2 86    3 75    4 34    5 28    6 84    7 85    8 24    9 35   10 34   11  7   12 16   13 17   14 71   15 80   16 11   17 27   18 16   19 64   20 22 
   1 44    2 43    3 22    4 92    5 46    6 29    7 85    8 19    9 85   10 21   11 64   12 72   13 69   14 81   15 28   16 80   17 25   18 76   19 52   20 84 
   1 34    2 91    3 81    4 58    5 82    6 48    7 77    8  2    9 38   10 74   11 85   12 62   13 19   14 15   15 26   16 71   17 41   18 96   19  8   20 25 
   1 39    2 95    3 32    4  8    5 80    6 87    7  4    8 82    9 17   10 37   11 33   12 25   13 88   14 59   15 29   16 48   17 74   18 57   19 98   20 58 
   1 77    2 68    3 44    4  5    5 33    6 25    7 55    8 11    9 64   10 85   11 34   12 38   13 23   14 41   15 98   16 45   17 63   18 81   19 49   20 10 
   1 72    2 11    3 92    4 51    5 33    6 64    7 17    8 30    9 85   10  4   11  5   12 23   13 63   14 91   15 56   16 60   17 73   18 86   19 20   20 98 
   1 95    2  1    3 92    4 10    5 84    6 80    7 46    8 95    9 92   10 90   11 94   12 18   13 85   14 35   15 27   16 44   17 49   18 45   19 61   20  7 
   1 67    2 16    3 32    4 54    5 73    6 51    7 56    8 97    9 77   10 34   11 68   12 92   13 70   14 47   15 75   16 18   17 75   18 93   19 10   20 32 
   1 37    2 19    3  5    4  5    5  6    6 53    7 50    8 20    9 13   10 74   11 99   12 27   13 82   14 56   15 88   16 48   17 42   18 79   19 56   20 29 
   1 44    2 36    3 42    4 28    5 26    6 91    7 29    8 76    9 53   10 34   11 41   12 24   13 51   14 29   15 77   16 58   17 29   18 27   19 43   20 88 
   1 24    2 99    3 23    4 55    5 26    6 22    7 87    8 69    9 72   10 66   11 92   12 30   13 55   14 62   15 33   16 27   17 95   18 58   19 38   20 14 
   1 16    2 38    3 92    4 63    5 67    6 36    7 40    8 79    9 43   10 51   11 70   12 44   13 12   14 70   15 33   16 40   17 88   18 87   19 69   20 45 
   1 20    2 54    3 67    4 82    5 82    6  4    7  9    8 69    9 47   10 70   11 53   12 42   13 56   14 94   15 50   16 76   17 79   18 83   19 95   20  7 
   1 76    2 29    3 57    4  7    5 64    6 93    7 88    8 66    9 58   10 22   11  7   12 81   13 30   14 64   15 21   16 55   17 94   18  3   19 33   20 14 
   1 66    2  8    3 57    4 58    5 76    6 39    7 39    8 34    9 59   10 79   11 55   12 84   13 87   14 48   15 90   16 95   17 71   18 91   19 53   20  6 
   1 44    2 11    3 74    4 97    5 45    6 23    7 16    8  6    9 89   10 58   11 73   12 59   13  1   14  2   15 50   16 45   17 54   18 58   19 68   20 31 
   1 36    2 78    3  8    4 23    5 57    6 88    7 37    8 41    9 67   10 90   11 74   12 67   13 41   14  1   15  4   16  7   17 67   18 12   19 66   20 57 
   1  5    2 60    3 66    4 96    5 37    6  5    7  5    8 83    9 97   10 35   11 94   12 88   13 84   14 56   15 51   16 62   17 48   18 63   19  1   20  8 
   1 28    2 39    3 46    4  8    5 54    6 39    7 82    8  6    9 78   10 78   11 61   12 98   13 67   14  5   15 36   16 55   17 68   18 32   19 17   20 36 
   1 82    2 17    3 81    4 36    5 51    6 65    7 23    8 87    9 97   10  1   11 66   12 33   13 83   14 94   15 71   16 67   17 29   18 30   19 36   20 48 
   1 87    2 17    3  7    4 71    5  7    6 56    7 67    8 75    9 60   10 26   11 46   12 92   13 98   14 96   15 50   16 48   17 48   18 67   19 47   20 24 
   1 73    2 96    3 28    4 60    5 67    6 66    7  8    8 32    9 62   10 64   11 45   12 85   13 49   14 50   15 64   16 72   17 30   18 94   19 84   20 24 
   1 72    2 26    3 62    4 36    5 55    6 15    7 24    8 73    9 65   10 41   11 48   12 81   13  3   14 65   15 96   16 20   17  8   18 46   19 20   20 33 
   1 36    2 17    3 56    4 25    5 69    6  5    7 61    8 59    9 58   10 33   11 60   12  6   13 51   14 65   15 96   16 12   17 25   18 26   19 38   20 28 
   1 54    2 67    3 57    4 82    5 27    6 10    7 93    8  5    9 61   10 19   11 86   12 65   13  2   14 24   15 28   16 13   17 14   18 81   19 46   20 11 
   1 33    2 67    3 40    4 90    5 63    6 37    7 11    8 90    9 43   10 15   11 94   12 89   13 78   14 51   15 83   16 82   17 21   18 22   19 49   20 45 
   1 44    2 69    3  6    4 16    5 98    6 86    7 96    8 26    9 34   10 49   11 29   12 87   13 37   14 63   15 13   16 12   17 71   18 66   19 66   20 68 
   1 49    2 74    3 79    4  2    5 29    6 39    7 51    8  5    9 33   10 52   11 24   12 63   13 86   14 69   15 91   16 78   17 97   18 66   19 11   20 13 
   1 66    2 80    3 34    4 76    5 25    6 76    7  1    8 89    9 75   10 28   11 16   12 85   13 56   14 11   15 38   16  2   17  6   18 38   19 37   20 41 
   1 27    2 61    3 80    4 66    5 44    6 64    7  8    8  5    9 42   10 63   11 78   12 79   13  9   14 67   15 13   16 50   17 28   18 61   19 93   20 42 
   1 89    2 79    3 70    4 45    5 95    6 36    7 80    8 85    9 15   10 87   11 36   12 39   13 81   14 43   15 65   16 83   17 11   18 23   19 68   20 84 
   1 92    2 26    3 45    4 93    5 18    6 68    7 79    8 90    9 78   10 38   11 80   12 18   13 22   14 57   15 89   16 32   17 94   18 70   19 64   20  8 
   1 97    2 42    3 81    4 19    5 20    6  8    7 63    8 57    9 57   10 25   11 31   12 41   13 11   14 40   15  5   16 35   17 46   18 83   19 56   20 38 
   1 90    2 48    3 99    4  7    5 26    6 24    7 96    8 17    9 13   10 29   11 65   12 18   13 82   14 64   15 76   16 53   17 97   18 20   19 93   20 64 
   1 35    2 41    3  1    4 93    5 23    6 95    7 75    8 80    9 56   10 31   11 54   12 32   13 59   14  9   15  4   16 67   17 82   18 84   19 50   20 78 
   1 53    2 90    3 33    4 78    5 37    6  2    7 94    8 97    9 83   10 59   11 54   12 76   13  4   14 25   15 68   16 62   17 58   18 64   19 27   20 12 
   1  4    2 74    3 82    4 56    5  3    6  9    7 19    8  1    9 75   10 70   11 39   12  8   13 89   14 65   15 25   16 95   17 99   18 90   19 38   20 60 
   1 75    2 14    3 80    4 40    5 88    6 97    7 40    8 76    9 13   10 90   11 14   12 16   13 40   14 66   15 12   16 81   17 50   18 51   19 65   20 54 
   1 26    2 94    3 89    4 69    5 57    6 48    7 81    8 26    9 90   10 80   11 94   12 58   13 87   14 94   15 84   16 71   17 72   18  8   19 45   20 52 
   1 47    2 93    3 41    4 38    5 44    6 38    7 53    8 61    9 27   10 49   11 58   12 72   13  1   14 33   15 21   16 10   17 72   18 31   19 93   20 97 
   1 11    2 93    3 75    4 69    5 88    6 90    7 30    8 32    9 66   10 22   11 82   12 77   13 32   14 13   15 16   16 46   17 10   18 19   19 13   20 33 
   1 27    2 56    3 84    4 25    5 20    6 89    7 99    8 77    9 95   10  1   11 47   12 98   13 28   14 81   15 49   16 89   17 45   18 51   19 48   20 50 
   1 91    2 84    3 40    4 66    5 17    6 45    7 49    8  6    9 41   10 25   11 34   12 55   13 83   14 85   15 68   16  9   17 47   18 26   19 19   20 99 
   1 10    2 87    3 58    4 38    5 52    6 86    7 40    8 62    9 53   10 45   11 51   12 19   13 29   14 98   15 23   16 78   17 72   18 22   19  1   20 37 
   1 37    2 90    3 33    4 11    5 86    6 89    7 26    8 62    9 11   10 56   11 43   12 53   13 90   14 15   15 19   16 75   17 49   18 43   19 35   20 58 
   1 54    2 39    3 42    4 36    5 94    6 54    7 83    8 80    9 35   10 45   11 54   12 60   13 55   14 14   15 91   16 50   17 41   18 99   19 20   20 10 
   1 32    2 93    3 44    4 30    5 62    6 64    7 39    8 31    9 46   10 32   11 94   12 63   13 48   14 88   15 55   16 50   17 87   18 69   19 50   20 42 
   1 50    2 89    3 63    4 84    5 75    6 29    7  5    8 52    9  5   10 44   11 88   12 14   13 16   14 56   15 15   16 45   17 57   18 70   19 92   20 11 
   1 75    2  5    3 22    4  5    5 94    6 41    7 50    8 33    9 78   10 29   11 86   12 95   13 21   14 32   15 59   16 66   17 50   18 64   19 12   20 19 
   1 30    2 91    3 86    4 56    5 38    6 70    7 41    8 37    9 53   10 64   11 50   12 52   13 91   14 42   15 75   16 37   17 40   18 99   19 43   20 12 
   1 37    2 79    3  5    4 65    5 36    6 91    7 57    8 72    9 97   10  5   11  5   12 54   13 40   14 28   15 45   16 78   17 25   18 89   19 23   20 33 
   1 25    2 10    3 79    4 61    5 29    6 48    7 53    8 12    9 90   10 64   11 27   12 12   13 66   14 68   15 23   16 88   17 63   18 16   19 54   20 20 
   1 88    2 35    3 90    4 54    5 83    6 96    7 69    8 15    9 54   10 25   11 22   12 89   13 31   14 66   15  8   16 24   17  8   18 82   19 88   20 63 
   1 99    2 19    3 96    4 86    5 95    6 19    7 56    8 50    9 66   10 67   11 59   12 60   13 92   14 83   15 42   16 36   17 52   18 63   19 92   20 94 
   1 77    2 30    3 25    4 26    5 71    6  1    7 56    8 89    9 17   10 44   11 63   12 79   13 69   14 86   15 96   16 66   17 44   18 64   19 21   20 34 
   1 63    2 66    3 92    4 65    5 59    6 95    7 11    8 90    9 76   10 62   11 71   12 66   13 12   14 89   15 47   16 13   17 87   18  1   19  6   20 25 
   1 76    2 44    3  1    4 62    5 31    6 72    7 92    8 45    9 39   10 38   11  8   12 84   13 15   14 60   15 53   16 52   17 15   18 21   19 72   20 97 
   1 92    2 95    3 54    4 64    5 59    6 49    7 24    8 75    9 84   10 72   11 34   12 88   13 34   14 51   15  4   16 87   17 78   18 22   19 42   20 74 
   1 59    2 60    3 97    4 29    5 39    6 97    7 66    8 45    9 28   10 45   11 59   12 35   13 85   14 38   15  2   16 23   17 15   18 58   19 26   20 82 
   1 23    2 33    3 73    4  5    5 77    6 37    7 74    8 52    9 52   10 75   11 92   12 97   13 72   14 40   15 15   16  4   17 69   18 21   19 96   20 75 
   1 80    2 67    3 89    4 87    5  1    6 16    7 87    8 82    9 21   10 40   11 57   12 23   13 90   14 83   15 52   16 39   17 30   18 70   19 93   20 44 
   1 82    2 84    3  6    4 56    5 90    6 78    7  3    8 38    9 25   10 91   11 77   12 26   13  3   14 92   15 23   16 65   17 73   18 26   19 65   20 53 
   1 77    2 73    3 67    4 27    5 29    6 13    7 82    8 15    9 43   10 63   11 52   12 52   13  1   14 51   15 20   16 67   17 34   18 78   19 33   20 70 
   1 51    2 85    3 10    4  1    5  3    6 72    7 38    8 53    9  1   10 87   11 18   12 43   13 10   14 48   15 74   16 67   17 68   18 80   19 43   20 77 
   1 17    2 10    3 60    4  5    5 55    6 30    7 88    8  1    9 50   10  3   11 60   12 43   13  3   14 37   15 82   16 84   17 22   18 95   19 34   20 22 
   1 48    2  7    3 52    4  1    5  8    6 23    7 77    8 69    9 63   10 94   11 69   12 55   13 74   14 26   15  3   16 66   17 40   18 46   19 32   20 41 
   1  6    2 38    3 20    4 55    5 56    6 75    7 91    8 19    9 18   10 64   11 38   12 54   13 88   14 11   15 56   16 33   17 82   18 55   19 54   20 56 
   1 77    2  4    3 67    4 95    5 37    6 78    7 97    8 98    9 34   10 12   11 89   12 40   13 56   14 51   15 40   16 86   17 41   18 56   19 95   20 58 
   1 29    2 18    3 43    4  5    5 18    6 50    7 12    8 80    9 48   10 51   11  1   12  7   13 60   14 54   15 20   16 85   17 15   18  8   19 48   20 46 
   1 36    2 52    3 84    4 29    5 82    6 20    7  8    8  8    9 66   10 88   11 32   12 76   13 60   14 61   15 30   16 98   17 44   18  1   19 71   20 48 
   1  4    2 53    3 91    4 60    5 28    6 21    7 93    8 32    9 36   10 47   11 60   12 58   13 91   14 44   15 76   16 35   17 13   18 15   19 63   20 34 
   1 65    2  4    3 31    4 62    5 54    6 68    7 54    8 30    9 23   10  2   11 92   12  1   13 34   14 21   15 14   16 64   17 19   18 85   19 80   20 90 
   1 46    2 13    3 71    4 28    5  9    6 14    7 92    8 24    9  2   10 96   11 84   12 63   13 33   14 25   15 71   16 47   17 46   18 20   19 34   20 92 

