ta103
200 20
   1 83    2 47    3 75    4 13    5 97    6  5    7 99    8 42    9 77   10 74   11 89   12 52   13 37   14  4   15 94   16 26   17 18   18 68   19 79   20 26 
   1 94    2 54    3 98    4 59    5  2    6 91    7 65    8 70    9  2   10 16   11 97   12  7   13 71   14 73   15 24   16 65   17 68   18 26   19 49   20 43 
   1 45    2 84    3  2    4 32    5 95    6 71    7 45    8 87    9 18   10 88   11  1   12 77   13 68   14 56   15 98   16 92   17 87   18 80   19 63   20 63 
   1 44    2 82    3 14    4 22    5 40    6 97    7 35    8 86    9 67   10  2   11 77   12 29   13 90   14  2   15  6   16 54   17 65   18 17   19  1   20 14 
   1 35    2 96    3 37    4 94    5 81    6 20    7 11    8 62    9 11   10 43   11 90   12  8   13 51   14 60   15  7   16 52   17 53   18 81   19 24   20 66 
   1 62    2 28    3 66    4 19    5 35    6 72    7 25    8 87    9 42   10 11   11 52   12 53   13 73   14 55   15  4   16 75   17 10   18 66   19  5   20  8 
   1 19    2 69    3 26    4 97    5 93    6  7    7 28    8 99    9 64   10  6   11 35   12 30   13 84   14 13   15 99   16 35   17 88   18 38   19 38   20  9 
   1 81    2 70    3 76    4 97    5  7    6 53    7 31    8 65    9  6   10 78   11 52   12 16   13 86   14 34   15 99   16  2   17 20   18 56   19 42   20 38 
   1 70    2 77    3 43    4 68    5 49    6 63    7 88    8 32    9  9   10 47   11  5   12  7   13 58   14 79   15  9   16 63   17 39   18 46   19 20   20 19 
   1 88    2  8    3 49    4 89    5 40    6 86    7 98    8 68    9 72   10 13   11 67   12  4   13 98   14 62   15 32   16 90   17 88   18 57   19  9   20 15 
   1  4    2 69    3 80    4 13    5 53    6  7    7 19    8 31    9 96   10 76   11 44   12 73   13 84   14 19   15 37   16  2   17 35   18 20   19 78   20 68 
   1 33    2 59    3 71    4 74    5 43    6 44    7 75    8 95    9 41   10 16   11  6   12 55   13 84   14 15   15 60   16  4   17 73   18 59   19 99   20 34 
   1 82    2 30    3 32    4 65    5 75    6 34    7 77    8  4    9 61   10 20   11 98   12  5   13 21   14 25   15 31   16 87   17 51   18 58   19 68   20 39 
   1 74    2 87    3 58    4 48    5 94    6 15    7 54    8 95    9 22   10 69   11 14   12 26   13 49   14  6   15 64   16 25   17 81   18 39   19 26   20 31 
   1 35    2 57    3 42    4 30    5 46    6 44    7 13    8 16    9 91   10 76   11  2   12 14   13 12   14 43   15 19   16 70   17 95   18 56   19  1   20 88 
   1 12    2 42    3 70    4 67    5 86    6 35    7 11    8 87    9 74   10 89   11 86   12 30   13 16   14 26   15 84   16 48   17  6   18 96   19 12   20 57 
   1 47    2 85    3  8    4 73    5 95    6 41    7  4    8 36    9 95   10 50   11 53   12 92   13 52   14 15   15 71   16 92   17  8   18 38   19 97   20  3 
   1  7    2 75    3 49    4 93    5 10    6 65    7 69    8 99    9 55   10 71   11 14   12 16   13 81   14 92   15  1   16 55   17 89   18 63   19 55   20 79 
   1 88    2  2    3 29    4 33    5 68    6 19    7  4    8 88    9 61   10 81   11 68   12 64   13 86   14 82   15 95   16 11   17 64   18  3   19 36   20 49 
   1 91    2 56    3 47    4 48    5 37    6 25    7  4    8 32    9 47   10 18   11  6   12 20   13 91   14 65   15 55   16 11   17 76   18 71   19 68   20 63 
   1 81    2 92    3 81    4 40    5 31    6 12    7  9    8 98    9 75   10 48   11 20   12  3   13 35   14 94   15 45   16 50   17 67   18 36   19 68   20 81 
   1 61    2 91    3 93    4 69    5 45    6 60    7 78    8 30    9 94   10 56   11 37   12 46   13 60   14 30   15 39   16  6   17 58   18 92   19  5   20 13 
   1 40    2 44    3 25    4 38    5 51    6 72    7 66    8  3    9 68   10 78   11 74   12 58   13  9   14 20   15 95   16 62   17 64   18 33   19 41   20 47 
   1 91    2 39    3  9    4  8    5 76    6 96    7 69    8 55    9 34   10 69   11 58   12 18   13  7   14 37   15 88   16 83   17 65   18 95   19 70   20 70 
   1 58    2 29    3 76    4 70    5 41    6 19    7 86    8 86    9 10   10 97   11 80   12 99   13 80   14 26   15 45   16 30   17 45   18 84   19 20   20 31 
   1 83    2  3    3 73    4  6    5 16    6 39    7 97    8 10    9  6   10 66   11 40   12 67   13 17   14 81   15 16   16 34   17 65   18 79   19 49   20 51 
   1 68    2 62    3 58    4 96    5 30    6 42    7 44    8 88    9 31   10  7   11 78   12 40   13 30   14 31   15  5   16 16   17 60   18 32   19 58   20 86 
   1  2    2 85    3 27    4 29    5 32    6 73    7 33    8 29    9 15   10 85   11 23   12 62   13 84   14 96   15 87   16  8   17 75   18 62   19 99   20 82 
   1 98    2 33    3 91    4 26    5 72    6 35    7  7    8 20    9  1   10  9   11 54   12 11   13 76   14 42   15 72   16 27   17 55   18 73   19  9   20 73 
   1 18    2 28    3  7    4 91    5 58    6 15    7 61    8  3    9 54   10  7   11 12   12 23   13 38   14 40   15 35   16 88   17 31   18  5   19 96   20 50 
   1 60    2 72    3  1    4 92    5 25    6 48    7 65    8 52    9 14   10 52   11 43   12 24   13 48   14 41   15 86   16 82   17 96   18 37   19 41   20 97 
   1 77    2 90    3  9    4 25    5 71    6 24    7 73    8 56    9 71   10 58   11 33   12 27   13 57   14 85   15 50   16 73   17 36   18 42   19 67   20 60 
   1 92    2 67    3 50    4 80    5 20    6 10    7 74    8 38    9 81   10 13   11 56   12 86   13 79   14 59   15 62   16 31   17 49   18 49   19 21   20 13 
   1 83    2 31    3 80    4 10    5 58    6 10    7 26    8 31    9 82   10 94   11 39   12 32   13 43   14 67   15  2   16 66   17 20   18 31   19 88   20 43 
   1 39    2 44    3 89    4 19    5  6    6 78    7 96    8 93    9 47   10 54   11 17   12 26   13 82   14 11   15 82   16 20   17  1   18 22   19 26   20  2 
   1 98    2 46    3 17    4  1    5 19    6 11    7 62    8 19    9  7   10 55   11 93   12 97   13 55   14 41   15 17   16 99   17 82   18 98   19  4   20 91 
   1 55    2 53    3 67    4 61    5 28    6 24    7 88    8 69    9 45   10 27   11 16   12 12   13 46   14 47   15 68   16 89   17 85   18 71   19 29   20 63 
   1 90    2 95    3 91    4 52    5 72    6 51    7 14    8 72    9  4   10 46   11 45   12 61   13 82   14 22   15 24   16 41   17 16   18 72   19 99   20 94 
   1 55    2 76    3 41    4 71    5 19    6 66    7 79    8 36    9 58   10 19   11 63   12 78   13 77   14 91   15 24   16 40   17 57   18 81   19 80   20 89 
   1 88    2 66    3 13    4 84    5 51    6 16    7  2    8 85    9 80   10 82   11 22   12 77   13 56   14 17   15 80   16 75   17 20   18 10   19 30   20  8 
   1 63    2 37    3 79    4 83    5 42    6 10    7 66    8 16    9 95   10 61   11 87   12 75   13 49   14 75   15 44   16 94   17 56   18 60   19 57   20  1 
   1 69    2 70    3  2    4 33    5 73    6 97    7  1    8 57    9 32   10 90   11 72   12 35   13 88   14 72   15 55   16 17   17  7   18  7   19 25   20 22 
   1 18    2 33    3 42    4 41    5 32    6 93    7 77    8 44    9 29   10 80   11 65   12  5   13 13   14 76   15 57   16 37   17 35   18 19   19 89   20 92 
   1 32    2 56    3  7    4 16    5 26    6 65    7 14    8 99    9  8   10  8   11 46   12 32   13 99   14 45   15  4   16 70   17 52   18 91   19 40   20 27 
   1  8    2 24    3 66    4 50    5 73    6 51    7 91    8 84    9 47   10  9   11 79   12 47   13 84   14 67   15 31   16  3   17 98   18 66   19 91   20 44 
   1 39    2 71    3 26    4 53    5 23    6 13    7 61    8 87    9  5   10 58   11 61   12 89   13 18   14 57   15 65   16 15   17 34   18 21   19 57   20 13 
   1 30    2 78    3 51    4 36    5 29    6 55    7 33    8 81    9 75   10  8   11 30   12 95   13 74   14 87   15 59   16 92   17 19   18 35   19 44   20 99 
   1 64    2 92    3 47    4 68    5 47    6 17    7 18    8 25    9 33   10 43   11 76   12 62   13 49   14 23   15 21   16  6   17 36   18 10   19 37   20 68 
   1 10    2  2    3 28    4 98    5 24    6 89    7 23    8 11    9 38   10 66   11 64   12 68   13 54   14 88   15 95   16 84   17  8   18 16   19 99   20 79 
   1  8    2 86    3 52    4 66    5 19    6 98    7 74    8  2    9 80   10 69   11 47   12 39   13 31   14 78   15 16   16 56   17 35   18 67   19 71   20  8 
   1 40    2 30    3 73    4 79    5 79    6 81    7 70    8 33    9  6   10 86   11 32   12 46   13 18   14 78   15 22   16 56   17 21   18 40   19 76   20 75 
   1 55    2 33    3 27    4 21    5 35    6 11    7  9    8 86    9  8   10 91   11 95   12 84   13 48   14 52   15 52   16  6   17  2   18 20   19 71   20 26 
   1 91    2 39    3 45    4 39    5 97    6 71    7 29    8 81    9 28   10 59   11 41   12 28   13 88   14  4   15  8   16 48   17 61   18 71   19  2   20 19 
   1 44    2 93    3 31    4 82    5 77    6 98    7 35    8 50    9 86   10 65   11 54   12 42   13 43   14 39   15 93   16  9   17 26   18 57   19 76   20 16 
   1 43    2 58    3 70    4 89    5 91    6 60    7 62    8 45    9 41   10 57   11 68   12 22   13 14   14 71   15 19   16 87   17  4   18 12   19 83   20 70 
   1 96    2 90    3 88    4 81    5 17    6 97    7 86    8 20    9 16   10 24   11 63   12 43   13 90   14 19   15 71   16 86   17 80   18 31   19 80   20 48 
   1 55    2 14    3 10    4 53    5 54    6 57    7 33    8 32    9 61   10 76   11 90   12 68   13 33   14 45   15 93   16 22   17 98   18 97   19  4   20 71 
   1 96    2 88    3 24    4 59    5  7    6 60    7 84    8 20    9 74   10 15   11 23   12  7   13 62   14 69   15 42   16 68   17 14   18 75   19 25   20 55 
   1  5    2 64    3 65    4 28    5 15    6 47    7 63    8 28    9 29   10 16   11 94   12 45   13 86   14  3   15 28   16 67   17 75   18 27   19 86   20 10 
   1 32    2 56    3 85    4 20    5 95    6 95    7 69    8 36    9 92   10 63   11 78   12 18   13 83   14 63   15 91   16 28   17 23   18 62   19 62   20 40 
   1 14    2 67    3 11    4 71    5 42    6  8    7 86    8 98    9 59   10  5   11 82   12 40   13 14   14 48   15 51   16 55   17 68   18 53   19 37   20 21 
   1 90    2 16    3 17    4 86    5 26    6 62    7 96    8 96    9 53   10 11   11 53   12 89   13  8   14 49   15 14   16 59   17 80   18  1   19 28   20 44 
   1 23    2 62    3 89    4 85    5 50    6  8    7 84    8 28    9 27   10  2   11 57   12 77   13 73   14 28   15 62   16 88   17 91   18 96   19 38   20 87 
   1 57    2 74    3 14    4 33    5 49    6 83    7 17    8  3    9 59   10 58   11 51   12 57   13 33   14 74   15 22   16 90   17 14   18 64   19 32   20 52 
   1 43    2  4    3 92    4 27    5 22    6 27    7 77    8 80    9 93   10 80   11 45   12 37   13 54   14  7   15 23   16 78   17 98   18 54   19 82   20 12 
   1 12    2 17    3 39    4 96    5 33    6 76    7 72    8 44    9 89   10 24   11  3   12 72   13 75   14 54   15 83   16 17   17 98   18 48   19 98   20 76 
   1 28    2 57    3  2    4 61    5 96    6 64    7 93    8 74    9 22   10 35   11 31   12 36   13 67   14 69   15 63   16  7   17 80   18 42   19 22   20 41 
   1 55    2 40    3 85    4 86    5 48    6 36    7 97    8 28    9 46   10 47   11 59   12 58   13 58   14 31   15 84   16 73   17  5   18 22   19 92   20 40 
   1 35    2 75    3 92    4 83    5 20    6 60    7 54    8 50    9 81   10  4   11 97   12 17   13 60   14  1   15 34   16 43   17 91   18 97   19 26   20 51 
   1 18    2 29    3 78    4 76    5 66    6 62    7 63    8  1    9 35   10 40   11 55   12 84   13 43   14 33   15 66   16 48   17 51   18 32   19 60   20 77 
   1 10    2 96    3 38    4 53    5 12    6 69    7 61    8 47    9 32   10 41   11 99   12 80   13 62   14 82   15 49   16 67   17 17   18 78   19  8   20 59 
   1 53    2 49    3 93    4 71    5 38    6 19    7 26    8 46    9 59   10 32   11 94   12 33   13  4   14 30   15 61   16  3   17 27   18 54   19 71   20 64 
   1 51    2 81    3 56    4 70    5  6    6 15    7  8    8 98    9 30   10 60   11 15   12 83   13 49   14 39   15 51   16 60   17 37   18 51   19 54   20 58 
   1 84    2 48    3 57    4 75    5 97    6 48    7 69    8 76    9 23   10 45   11 72   12 76   13 80   14 81   15 91   16 14   17 32   18 44   19 46   20 68 
   1 63    2 88    3 97    4 12    5 88    6  9    7 56    8 84    9 76   10 84   11 51   12 28   13 35   14 66   15 42   16 17   17 75   18 91   19 58   20 90 
   1 41    2 14    3 54    4 43    5 58    6 73    7 47    8 87    9 77   10 29   11 49   12 76   13 47   14 68   15 39   16 60   17 84   18 37   19 13   20 36 
   1 31    2 37    3 48    4 66    5 13    6 33    7 53    8 77    9 89   10 72   11 59   12 41   13 68   14 87   15 80   16 56   17 59   18 21   19 42   20 16 
   1 93    2 34    3 56    4 17    5 42    6  4    7 66    8 99    9 61   10  3   11 82   12 85   13 55   14 48   15 96   16 68   17 30   18 80   19 19   20 61 
   1 64    2 38    3 69    4 87    5 40    6 17    7 14    8 23    9 69   10  1   11 21   12 21   13 21   14 73   15  9   16 15   17 21   18 66   19 97   20 90 
   1 35    2 87    3 34    4 85    5  6    6 73    7 56    8 95    9 66   10 11   11 38   12 70   13 44   14 70   15 31   16 99   17 52   18 20   19 18   20 92 
   1 38    2  4    3 90    4 29    5 66    6 23    7 71    8 50    9 84   10 20   11 53   12  3   13 72   14 11   15 29   16 82   17 44   18 68   19 61   20 48 
   1  2    2 82    3 43    4 82    5 10    6 31    7 60    8 44    9 80   10  2   11 28   12 41   13 81   14 80   15 97   16 55   17 45   18 24   19 59   20 69 
   1 94    2 76    3 67    4 56    5 79    6 93    7 58    8 70    9  4   10 14   11 84   12 65   13 64   14 90   15 50   16 82   17 10   18 19   19 24   20 31 
   1 64    2 26    3  9    4 75    5 99    6 18    7 27    8 77    9 57   10 78   11 61   12 86   13 78   14 99   15  8   16 61   17 50   18 91   19 10   20 70 
   1 40    2 58    3 20    4 82    5 18    6 77    7 88    8 36    9 54   10 96   11 29   12 66   13 70   14 20   15 26   16 96   17 10   18 78   19 48   20 26 
   1  7    2 71    3  3    4 60    5 88    6 86    7 26    8 29    9 27   10 57   11 29   12 74   13 60   14 48   15 72   16 57   17 24   18 69   19 45   20 55 
   1 95    2 50    3 40    4 73    5 93    6 29    7 88    8 40    9  3   10 81   11 24   12 75   13 61   14 17   15 92   16 15   17 60   18 35   19  1   20 25 
   1 20    2 54    3 97    4 44    5 56    6 25    7 50    8 43    9 50   10 44   11 43   12  1   13 50   14 59   15 21   16 84   17 52   18 16   19  8   20  4 
   1  9    2 22    3 84    4 99    5 94    6  5    7 67    8 33    9 94   10 74   11 47   12 12   13 37   14 15   15  3   16 46   17 84   18 81   19 72   20  9 
   1 18    2 37    3 84    4 71    5 43    6  5    7 57    8 31    9 76   10 10   11 89   12 99   13 13   14 40   15 36   16 78   17 30   18 35   19 23   20 41 
   1 54    2 81    3 95    4 27    5 33    6 20    7 11    8 70    9 20   10 23   11 15   12 59   13  6   14 37   15 50   16 42   17 68   18 94   19 93   20 76 
   1 65    2 87    3 51    4 59    5 82    6 95    7 50    8 72    9 40   10 94   11 55   12 91   13 36   14 93   15 80   16 23   17 92   18 41   19  7   20 69 
   1  1    2 94    3 64    4  2    5 10    6 57    7 81    8 47    9 62   10 42   11 75   12 40   13 38   14 98   15 57   16 69   17 70   18 52   19 74   20 55 
   1  7    2 28    3 85    4 18    5 43    6 74    7 94    8 83    9 98   10 42   11 55   12  5   13 20   14 53   15 15   16 99   17 97   18 94   19 25   20 57 
   1 19    2 42    3 77    4 67    5 11    6 49    7 34    8 20    9 88   10  9   11 34   12 38   13 23   14 35   15  6   16  5   17 87   18 40   19  7   20 70 
   1 96    2  4    3 51    4 63    5 27    6 60    7 25    8 15    9 87   10  7   11 26   12 14   13 59   14 91   15 89   16 14   17 29   18 81   19 21   20 40 
   1 69    2 88    3 87    4 71    5 10    6 58    7  4    8 91    9 46   10 93   11 60   12 41   13  3   14  7   15 29   16  3   17 56   18 90   19 29   20 19 
   1 24    2 76    3 82    4 47    5 62    6 68    7 19    8 93    9  5   10 89   11 66   12 78   13 63   14 34   15 89   16 41   17 74   18 38   19 84   20 28 
   1 66    2 73    3 52    4 92    5 28    6 43    7 73    8 44    9 52   10 57   11 88   12 99   13 81   14 55   15 75   16 19   17  2   18  9   19 82   20 64 
   1 90    2 12    3 25    4 15    5 24    6 93    7 29    8  7    9 89   10 77   11 21   12 38   13  1   14 43   15 98   16 74   17 88   18  6   19 26   20 19 
   1 18    2 86    3 98    4 24    5 42    6 95    7  9    8 31    9 78   10 96   11 38   12 31   13 51   14 32   15 83   16 26   17 62   18 77   19 32   20 30 
   1 64    2 98    3 17    4 76    5 58    6 64    7 23    8 26    9 55   10 52   11  7   12 27   13 92   14 68   15 69   16 85   17 95   18 67   19 44   20  5 
   1 88    2 28    3 13    4 79    5 26    6 13    7 53    8 88    9 20   10 74   11 50   12 38   13  5   14 56   15 26   16 10   17 47   18 37   19  5   20 65 
   1 44    2 40    3 43    4 83    5 84    6 63    7 75    8 52    9 11   10 71   11 55   12 81   13  6   14 55   15 53   16 97   17 84   18 20   19 96   20 68 
   1  1    2  6    3  1    4 82    5 97    6 18    7 16    8 74    9 27   10 93   11 69   12 59   13 60   14 71   15 50   16 27   17 86   18 59   19 10   20 24 
   1 72    2 73    3 42    4 25    5 65    6 26    7  8    8 72    9 83   10  3   11 26   12 71   13 68   14 41   15 20   16 49   17 91   18 30   19 47   20 47 
   1 66    2  9    3 47    4 25    5 32    6 22    7 87    8 34    9 55   10 22   11 98   12 83   13 30   14 16   15 22   16 11   17 83   18 70   19 33   20 58 
   1 41    2 15    3 86    4 34    5 22    6 30    7 71    8 12    9  3   10 89   11 99   12 80   13 51   14 40   15 39   16 62   17 27   18 69   19 59   20 74 
   1  2    2 73    3 31    4 31    5 41    6 72    7 75    8 84    9 58   10  2   11 81   12 78   13  1   14 73   15 85   16 10   17  2   18 33   19 17   20 34 
   1 22    2 56    3 71    4 82    5 13    6 24    7 32    8 71    9 87   10 15   11 63   12 20   13  8   14 54   15 63   16 46   17 20   18 80   19 60   20 10 
   1 52    2 28    3 63    4 57    5 62    6 28    7 58    8 10    9 16   10  3   11 17   12  6   13  2   14 65   15 58   16 84   17 34   18 41   19 88   20 82 
   1 68    2 96    3 97    4  8    5 14    6 46    7 57    8 12    9 65   10 80   11 23   12 68   13 55   14  8   15 83   16 48   17 47   18 89   19 46   20 40 
   1  2    2 68    3 11    4 13    5 64    6 67    7 57    8 42    9  4   10 88   11 92   12 72   13 78   14 90   15 92   16 54   17 26   18  6   19 95   20 10 
   1 42    2 52    3 54    4 22    5  1    6 66    7 48    8 98    9 89   10 52   11 28   12 24   13 35   14 74   15 48   16 81   17  1   18 22   19 74   20 40 
   1 92    2 18    3 50    4 63    5 94    6 59    7 44    8 29    9 93   10 41   11 78   12 95   13 51   14 35   15  3   16 71   17 93   18 20   19 32   20 78 
   1 95    2 12    3 91    4  5    5 83    6 34    7 66    8 18    9 27   10 18   11 94   12 63   13 19   14  1   15 20   16 26   17 15   18 96   19 94   20  8 
   1 25    2 46    3 20    4 63    5  4    6 95    7 47    8 43    9 39   10 97   11  4   12 84   13 94   14 66   15 58   16 66   17 54   18 93   19 22   20 73 
   1 60    2 74    3 84    4 28    5 32    6 28    7 97    8 11    9 42   10 55   11 98   12 54   13 85   14 99   15 10   16 19   17  9   18 23   19 95   20 82 
   1  3    2 25    3 85    4 71    5 10    6 70    7 90    8 19    9 43   10 58   11 61   12  6   13 40   14 99   15  5   16 73   17 77   18 47   19 37   20 56 
   1 38    2 17    3 65    4 56    5 81    6 77    7 63    8 65    9 61   10 32   11 74   12 33   13 50   14  1   15 16   16 78   17 47   18 27   19  7   20  9 
   1 13    2 59    3 56    4 86    5 49    6 11    7  8    8 65    9 20   10 71   11 20   12 39   13 61   14 17   15 74   16 56   17 54   18 85   19 23   20 88 
   1 57    2 79    3 72    4 46    5 32    6 34    7 34    8 25    9 93   10 45   11 21   12 69   13 52   14 93   15 35   16 32   17 87   18 78   19 46   20 30 
   1 94    2 36    3 60    4 14    5 31    6 34    7 84    8 11    9 42   10 45   11 79   12 58   13 79   14 60   15 21   16 54   17 51   18  1   19 39   20 67 
   1  3    2  5    3 65    4 38    5 20    6 62    7  3    8 21    9 84   10 86   11 29   12 51   13 94   14 43   15 68   16 98   17 33   18  1   19 41   20 82 
   1 63    2 50    3 74    4 47    5 39    6 83    7 70    8 39    9 35   10 39   11 56   12 44   13 48   14 50   15 26   16 22   17 11   18 54   19 60   20 27 
   1 21    2 20    3 97    4 68    5 28    6  6    7 10    8 72    9 68   10 25   11 24   12 59   13 99   14 37   15 77   16 61   17 15   18 95   19 68   20 38 
   1 19    2 74    3  4    4 27    5 49    6 97    7 18    8 41    9  4   10 23   11  9   12  7   13 47   14 28   15 94   16 35   17 92   18  3   19  8   20 74 
   1 55    2 88    3 53    4 44    5 45    6  6    7 71    8 46    9  7   10 96   11 12   12 27   13 30   14 43   15 29   16 32   17 95   18 67   19 62   20  9 
   1 45    2 84    3 30    4 43    5 28    6 69    7 67    8 11    9 86   10 37   11 42   12 74   13 18   14  3   15 17   16 56   17 66   18 87   19 69   20 83 
   1 75    2 42    3 24    4 38    5 73    6 38    7 12    8 88    9 95   10 27   11 77   12  3   13 81   14 83   15 35   16 23   17 57   18 80   19 64   20 86 
   1 55    2 98    3 81    4 27    5 18    6 15    7 42    8 22    9 18   10 84   11 38   12 51   13 17   14 72   15 72   16 78   17 48   18 19   19 13   20  9 
   1 36    2 83    3 95    4 12    5  8    6 65    7 47    8 47    9  4   10 19   11  3   12 44   13  4   14 86   15 27   16 90   17  5   18  5   19 50   20 98 
   1 25    2 16    3 40    4 45    5 98    6 36    7 42    8 20    9 70   10 49   11 50   12 68   13 22   14 19   15 84   16 37   17 23   18 61   19 47   20 72 
   1 37    2 38    3 30    4 44    5 68    6 26    7 78    8 76    9 47   10 21   11 36   12 84   13 21   14 49   15 93   16 63   17 44   18 10   19  9   20 76 
   1 90    2 31    3 60    4 85    5  1    6 95    7 96    8  8    9 56   10 33   11  4   12 20   13 35   14 67   15 16   16 93   17 66   18 42   19 31   20 76 
   1 95    2  8    3 97    4 77    5 66    6 19    7  2    8 85    9 42   10 14   11 96   12 47   13 44   14 54   15 71   16 85   17 76   18 75   19 31   20 15 
   1 13    2 14    3 67    4 27    5 28    6  3    7 10    8 56    9 35   10 51   11 51   12  7   13  2   14 75   15 18   16 56   17 83   18 47   19 84   20 91 
   1 97    2 13    3 43    4 67    5 61    6 17    7 18    8 82    9 83   10 87   11 35   12 85   13 48   14 36   15 99   16  6   17 96   18 49   19 92   20  6 
   1 93    2 67    3 19    4 35    5 19    6  3    7 84    8 78    9 42   10 19   11 27   12 92   13 85   14  6   15  3   16 15   17 94   18 84   19 19   20 11 
   1 12    2 48    3 25    4 80    5 97    6 45    7 72    8 20    9 95   10 14   11 97   12 35   13 60   14 68   15 90   16 46   17  9   18 19   19 45   20 81 
   1 83    2 64    3 97    4 88    5 15    6 26    7 47    8 21    9 70   10 32   11  2   12  2   13 37   14 37   15 89   16 59   17 28   18 62   19 93   20 88 
   1 40    2 21    3 53    4 96    5 16    6 81    7 67    8 78    9 91   10 84   11 65   12 94   13  7   14  9   15 65   16 22   17 48   18  9   19 12   20  7 
   1 87    2 34    3  6    4 41    5 97    6 97    7 22    8 13    9 19   10 83   11 32   12 23   13 62   14 35   15 16   16 84   17 11   18 54   19 19   20 10 
   1 84    2 83    3 44    4 12    5 98    6 39    7 41    8 52    9 60   10 81   11 14   12 33   13 14   14 24   15 15   16 60   17 30   18 57   19 78   20 41 
   1 59    2 41    3 58    4 96    5 12    6 52    7 28    8 70    9 88   10 29   11 44   12  7   13 83   14 26   15 53   16  1   17 30   18 55   19 64   20 63 
   1 34    2 63    3 29    4 39    5 98    6 17    7 74    8  3    9 50   10 91   11  4   12  3   13 26   14 97   15 69   16 76   17 11   18 35   19 93   20 22 
   1 30    2  3    3 66    4 47    5 69    6 61    7 63    8 51    9 51   10 40   11 45   12 23   13 13   14 89   15 55   16 53   17  8   18 46   19 69   20 20 
   1 89    2 80    3 61    4 36    5  6    6 97    7 35    8 46    9 59   10 39   11 69   12 63   13 50   14 92   15 22   16 34   17 68   18 45   19 96   20 18 
   1 45    2 18    3 32    4 89    5 87    6 44    7 32    8 54    9 51   10 10   11 62   12 94   13 72   14 94   15 61   16 43   17 89   18 70   19 59   20 24 
   1 87    2 45    3 58    4 77    5 59    6 94    7 60    8 99    9 69   10 40   11 57   12 68   13 58   14 86   15 26   16 58   17 55   18 90   19 91   20 58 
   1 11    2 86    3 86    4 21    5 40    6  9    7 56    8 70    9 86   10 55   11 28   12 15   13 74   14 47   15 74   16 85   17 37   18 87   19 71   20 67 
   1 97    2  2    3 92    4 79    5  1    6 71    7 22    8  1    9 71   10 51   11 17   12 86   13 42   14 83   15 18   16 50   17 57   18 58   19 22   20 72 
   1 64    2 72    3 39    4 36    5 65    6  3    7 64    8 98    9 12   10 94   11 44   12 51   13 88   14  7   15 66   16 60   17 69   18 51   19 26   20 70 
   1 64    2 72    3 90    4 39    5  1    6 41    7 77    8 36    9 63   10 47   11 83   12 83   13 65   14 72   15 40   16 99   17 76   18 39   19 49   20 60 
   1 12    2 13    3 51    4 40    5 40    6 78    7 36    8 80    9 85   10 26   11 94   12 45   13  1   14 50   15 70   16 76   17 66   18 73   19 77   20 18 
   1 26    2 75    3 34    4 25    5 57    6 27    7 32    8 51    9 49   10 31   11 78   12 67   13 79   14 20   15 95   16  1   17 48   18 44   19 67   20 67 
   1 57    2 62    3 56    4 65    5 55    6 91    7 62    8 31    9 58   10  3   11 34   12 68   13 25   14 98   15 28   16 60   17 53   18 54   19 68   20 10 
   1 56    2 73    3 11    4 26    5 14    6 24    7 53    8 63    9 33   10 94   11 54   12 14   13 42   14 98   15 84   16 66   17 85   18 53   19 93   20 66 
   1 68    2  8    3 80    4 66    5  8    6 26    7 75    8 37    9 83   10 61   11  4   12 23   13  8   14 90   15 51   16 50   17 34   18 19   19 85   20 11 
   1 15    2 80    3 27    4 19    5 42    6 80    7 26    8 80    9 20   10 75   11 81   12 40   13 27   14 66   15 25   16  6   17 70   18 85   19 96   20 68 
   1 15    2 19    3  2    4 33    5 51    6 62    7 28    8 93    9 33   10 75   11 73   12 52   13 39   14 77   15 40   16 70   17 88   18 72   19 60   20 38 
   1 73    2 66    3 44    4 34    5 51    6 28    7 68    8 94    9 38   10 58   11 27   12 68   13 43   14 89   15 53   16 30   17 70   18 10   19  5   20 63 
   1 55    2 54    3 53    4 76    5 91    6 44    7 61    8  8    9 11   10 45   11 14   12 87   13 53   14 23   15 88   16 76   17 12   18 66   19 10   20 82 
   1 77    2 57    3 87    4 62    5 16    6 84    7 90    8 60    9 41   10 34   11 43   12 56   13 30   14 64   15 20   16 95   17 73   18 96   19  3   20 96 
   1 19    2 90    3 12    4 40    5 43    6 66    7 43    8 57    9 79   10 90   11 29   12 68   13 11   14 57   15 38   16 92   17 15   18 68   19 49   20 62 
   1 83    2 65    3 40    4 90    5 28    6 85    7 83    8 19    9 13   10 83   11 35   12 44   13 87   14 42   15 99   16 87   17 37   18 10   19 44   20 26 
   1 24    2 26    3 70    4 72    5 70    6 24    7  9    8 55    9 31   10 56   11 25   12 99   13 25   14 83   15 40   16 90   17 39   18  1   19 13   20 64 
   1 47    2 48    3  5    4 32    5 48    6 50    7 74    8 67    9 30   10 23   11 40   12 21   13 78   14 90   15  1   16 51   17 82   18 20   19 45   20 18 
   1 39    2  3    3 23    4 97    5 56    6 91    7 76    8 42    9 35   10 95   11 39   12 82   13 63   14 63   15 73   16 58   17 20   18 81   19 89   20 65 
   1  3    2 29    3 65    4 14    5 13    6 63    7 90    8 91    9 77   10 85   11  3   12 91   13 27   14 26   15  6   16 81   17 88   18 68   19 10   20 64 
   1 94    2 80    3 43    4 99    5 32    6 42    7 26    8 82    9  9   10 76   11 60   12 18   13 61   14 22   15 65   16 21   17  8   18 91   19 94   20  3 
   1 65    2 74    3 80    4 71    5 95    6 72    7 56    8 20    9 83   10 48   11 16   12 71   13 35   14 94   15 99   16 69   17 26   18 67   19 32   20 29 
   1 46    2 51    3 89    4 11    5 12    6 28    7 96    8 36    9  9   10 39   11 69   12 28   13 15   14 26   15 62   16 10   17 82   18 14   19  6   20 65 
   1 46    2 17    3 37    4 63    5 64    6 37    7 92    8 87    9 73   10 44   11 17   12 85   13 73   14 22   15 53   16 90   17 29   18 94   19 40   20 62 
   1 34    2 25    3 38    4 72    5 56    6 89    7 74    8 21    9 10   10 88   11 93   12 70   13 67   14 54   15 26   16 79   17 83   18 96   19 37   20 68 
   1 48    2 29    3 49    4 45    5 68    6 64    7  2    8 66    9 47   10 38   11 49   12 85   13 94   14 74   15 64   16 64   17 40   18 18   19 68   20 35 
   1 91    2 24    3 86    4 56    5  1    6 33    7  3    8 50    9  7   10 15   11 24   12 19   13 51   14 62   15 36   16 74   17 12   18 80   19 11   20 77 
   1 11    2 60    3 52    4 53    5 50    6 50    7 62    8 18    9  5   10 25   11 13   12  1   13 76   14 57   15 77   16 21   17 69   18 32   19 94   20 84 
   1 34    2  8    3 38    4 24    5 34    6 58    7 17    8 70    9 31   10 25   11 28   12 24   13 52   14  3   15 29   16 16   17 77   18 99   19 13   20 46 
   1 49    2  5    3 55    4 81    5 62    6  8    7 54    8 22    9  3   10 25   11 51   12 43   13 93   14 53   15 10   16 12   17 22   18 68   19 66   20 76 
   1 49    2 52    3 95    4 56    5 25    6 79    7 26    8 11    9 37   10 84   11 91   12 39   13 31   14 20   15  2   16 32   17 61   18 95   19 69   20 67 
   1 56    2 61    3 16    4 54    5 78    6  2    7 25    8 64    9 99   10 35   11 44   12 74   13 22   14 60   15 66   16 44   17 63   18 13   19  7   20 52 
   1 34    2 43    3 60    4 48    5 35    6 98    7 42    8 21    9 29   10 28   11 55   12 47   13 73   14 87   15 25   16 89   17 88   18 47   19 28   20 98 
   1 45    2 30    3 61    4 56    5 45    6 21    7 17    8 48    9 46   10 83   11  3   12 47   13 62   14 66   15 91   16 74   17 29   18 64   19 27   20 74 
   1 49    2 36    3 67    4 58    5 16    6 68    7 73    8 34    9 61   10 12   11 32   12 92   13 27   14 18   15  9   16 81   17 42   18  5   19 86   20 51 
   1 37    2 21    3 13    4 38    5 47    6 95    7  9    8 64    9 37   10 40   11 99   12 87   13 16   14 83   15 46   16 96   17 22   18 53   19 68   20 39 
   1 66    2  2    3 67    4 23    5 41    6 29    7 13    8 44    9 21   10 78   11 23   12 42   13 81   14 65   15 75   16 15   17 30   18 92   19 94   20 18 
   1 47    2  7    3 73    4 37    5 21    6 99    7 23    8 71    9 91   10 32   11 96   12  9   13 55   14 42   15 73   16 91   17 63   18  9   19 10   20 18 
   1 53    2  4    3 78    4 14    5 42    6 53    7 64    8 15    9 44   10 17   11 63   12 37   13 29   14 49   15 61   16 98   17 60   18 46   19 66   20 65 
   1 52    2 56    3 82    4 48    5 28    6 77    7 85    8  4    9 89   10 15   11 91   12 70   13 92   14  3   15 19   16 83   17  8   18 85   19 52   20 74 
   1 94    2 98    3  2    4 26    5 34    6 40    7 10    8 97    9 60   10 50   11 94   12 61   13 45   14 65   15 73   16 73   17 60   18 76   19 46   20  4 
   1 59    2  2    3 23    4 37    5 51    6 32    7 95    8 55    9 62   10 41   11  6   12 27   13 75   14 78   15  2   16 74   17 98   18 59   19 70   20 22 
   1 42    2 36    3 32    4 23    5 64    6 99    7 84    8 90    9 54   10 13   11 25   12 18   13 63   14 54   15 35   16 92   17 74   18  5   19 69   20 16 
   1 55    2 93    3  1    4 73    5 20    6 47    7 68    8  2    9 91   10 68   11 56   12 20   13 81   14 12   15 12   16 24   17 85   18 39   19 30   20 61 
   1 11    2 66    3 70    4 40    5 38    6 12    7 40    8 56    9 66   10 42   11 49   12 33   13 18   14 74   15 27   16 75   17 82   18  9   19 78   20 38 
   1 27    2  2    3 28    4 84    5 50    6 79    7 14    8 48    9 77   10 67   11 98   12 39   13 68   14 88   15 15   16 16   17 39   18 12   19 99   20 37 
   1 81    2 53    3  6    4  6    5 91    6 96    7 91    8 64    9 55   10 92   11 97   12  1   13 60   14 15   15 41   16 88   17 26   18 40   19 78   20 77 
   1 81    2 55    3 12    4 61    5 30    6 12    7 76    8 75    9 17   10 59   11  6   12 83   13  2   14 71   15 83   16 82   17 29   18 71   19 53   20 19 
   1 64    2 28    3 99    4 17    5 27    6 96    7 89    8 90    9 44   10 70   11 77   12 32   13 48   14 35   15 15   16 63   17 31   18 69   19 16   20  1 
   1 48    2 52    3 35    4 78    5 65    6 97    7 80    8 50    9 11   10 33   11 88   12  1   13 30   14 41   15 35   16 70   17 70   18  6   19 63   20 38 

