ta100
200 10
   1  7    2 88    3 69    4 22    5 26    6 60    7 68    8  2    9 34   10 48 
   1  3    2 75    3 74    4 83    5  5    6 37    7 42    8 62    9 49   10 12 
   1 45    2 17    3 88    4 19    5 53    6 28    7 14    8 62    9 84   10 62 
   1 44    2 86    3 93    4  8    5  1    6 70    7 51    8 58    9 38   10 95 
   1 54    2 77    3 19    4 62    5 56    6  4    7  1    8 14    9 88   10 91 
   1 36    2 83    3 26    4 40    5 85    6 71    7 60    8 32    9 55   10 52 
   1 79    2 27    3 92    4 71    5 21    6 65    7 44    8 27    9  2   10 70 
   1 40    2 65    3 76    4 48    5  8    6 83    7 49    8 52    9 10   10 89 
   1 10    2 58    3 16    4 49    5 47    6 67    7 89    8 90    9 44   10 18 
   1 51    2 15    3 16    4 40    5 66    6 93    7 52    8 34    9 75   10 18 
   1 39    2 28    3 55    4 83    5 12    6 43    7 53    8 90    9 37   10 83 
   1 45    2 23    3 10    4 57    5  4    6  9    7 35    8 81    9 63   10  4 
   1 96    2 50    3 71    4 68    5 50    6 75    7 80    8 70    9 47   10 72 
   1 30    2 73    3 20    4 50    5 44    6 22    7 18    8 37    9  1   10 62 
   1 89    2 36    3 46    4 99    5 16    6  6    7 46    8 89    9 88   10 77 
   1 70    2  2    3 43    4 89    5 37    6 49    7 60    8 91    9 97   10 89 
   1 96    2 46    3  9    4 90    5 73    6 71    7 41    8 75    9 96   10 90 
   1 32    2 49    3 57    4 40    5 46    6 82    7 36    8 82    9 60   10 63 
   1 55    2 51    3 85    4  1    5  8    6 72    7 78    8 40    9 14   10 70 
   1 98    2 44    3  5    4 26    5 88    6  4    7 81    8 32    9 98   10 77 
   1 15    2 97    3 41    4 72    5 42    6 69    7 12    8 57    9 72   10 76 
   1 79    2 26    3 85    4 35    5 61    6 18    7 79    8 89    9 33   10 36 
   1 92    2 58    3 61    4 35    5 13    6 49    7 25    8 36    9 84   10 30 
   1  9    2 88    3 33    4 23    5 27    6 77    7 28    8 24    9 29   10 95 
   1 49    2 40    3 25    4 40    5 91    6 74    7 40    8 61    9 22   10 20 
   1 11    2 31    3 82    4 83    5 83    6 64    7 99    8 19    9 91   10 79 
   1 57    2 88    3 91    4 85    5 87    6 24    7 70    8 15    9 13   10 67 
   1 44    2 36    3 22    4 83    5 47    6 24    7 21    8 52    9 34   10 61 
   1 55    2 53    3 49    4 53    5 26    6 22    7 83    8 58    9 34   10 96 
   1 91    2 59    3 89    4 97    5 98    6 68    7  1    8 18    9 81   10 81 
   1 23    2 17    3 33    4 99    5 60    6 53    7 59    8 28    9 63   10  3 
   1 13    2 86    3 37    4 20    5 84    6 45    7 41    8 79    9 20   10 71 
   1 23    2 72    3 37    4 41    5 57    6 98    7 91    8  6    9 45   10 83 
   1 80    2 88    3 20    4 58    5 20    6 69    7 62    8 99    9 50   10 88 
   1 69    2 61    3 60    4 42    5 36    6 77    7 97    8 92    9 32   10 21 
   1 74    2 47    3 82    4 62    5 51    6  4    7 47    8 92    9 66   10 92 
   1  4    2 80    3 70    4 99    5 68    6 61    7  1    8 47    9 49   10 55 
   1 40    2 65    3 18    4 76    5 35    6 71    7 58    8 35    9  4   10 82 
   1 19    2 47    3 17    4 95    5 31    6 49    7  5    8 35    9 20   10 50 
   1 93    2 18    3 12    4 25    5 82    6 26    7 82    8 79    9 17   10 49 
   1 86    2 98    3 44    4  2    5 93    6 57    7 24    8 66    9 62   10  3 
   1 45    2 12    3 91    4 48    5 79    6 46    7 94    8 68    9 74   10 53 
   1  2    2 51    3 58    4 16    5 68    6 52    7 66    8  7    9 34   10 70 
   1 65    2 81    3  3    4 87    5 94    6 80    7 68    8 37    9 81   10 39 
   1 79    2 70    3 79    4 33    5 26    6 65    7 76    8 17    9 55   10 63 
   1 17    2  3    3 24    4 24    5 96    6 43    7 35    8 33    9 87   10 74 
   1 28    2 45    3 16    4 22    5 99    6 95    7 49    8 53    9 80   10  7 
   1 90    2 87    3 42    4  5    5 86    6 69    7 38    8 53    9 29   10 85 
   1  5    2 89    3 77    4 41    5 69    6 51    7 95    8 94    9 35   10 76 
   1 67    2 15    3 20    4 42    5 58    6 24    7 82    8 86    9 73   10 44 
   1 71    2 13    3 31    4 69    5 82    6 19    7 56    8 56    9 62   10  9 
   1 28    2 90    3 42    4 62    5 37    6 55    7 41    8 22    9  9   10 10 
   1 47    2 40    3 34    4 59    5 15    6 69    7 73    8 12    9 88   10 51 
   1 56    2 85    3 87    4 47    5 49    6 94    7 43    8 32    9 17   10 30 
   1 19    2 19    3 69    4 88    5 18    6 98    7 71    8 75    9 90   10 37 
   1 92    2 99    3 81    4 92    5 28    6 54    7 73    8 94    9 44   10 67 
   1 57    2 52    3 37    4  3    5 68    6 36    7  1    8 79    9 98   10 78 
   1 52    2 44    3  2    4 53    5 14    6 57    7 71    8 73    9 84   10 58 
   1 77    2 94    3 90    4 45    5 90    6 88    7 73    8  6    9 66   10 58 
   1  4    2 34    3 96    4  5    5 15    6 94    7 55    8 15    9  2   10 36 
   1 45    2 35    3 68    4 87    5 76    6 44    7 59    8 97    9 39   10 97 
   1 94    2 53    3 98    4  2    5 33    6 13    7 71    8 35    9 41   10 30 
   1 81    2 86    3  3    4 98    5 31    6 70    7 18    8  7    9  6   10 73 
   1 61    2 32    3 12    4 98    5 88    6  8    7  1    8 40    9 48   10 50 
   1 56    2  3    3  7    4 20    5  3    6 16    7 83    8 59    9 86   10 29 
   1 97    2 20    3 20    4 69    5  2    6 44    7 40    8 28    9 65   10 44 
   1 44    2 64    3 86    4 70    5 14    6 67    7 60    8 81    9 43   10 25 
   1 86    2 14    3 21    4 77    5 40    6 45    7 73    8 15    9 73   10 51 
   1 61    2 24    3 34    4 51    5 25    6 12    7 23    8 80    9 34   10 69 
   1 64    2 80    3  4    4 50    5 56    6 75    7 35    8 58    9 70   10 96 
   1 64    2 57    3 95    4 65    5 98    6 95    7 20    8 12    9  8   10 37 
   1 95    2 75    3 44    4 27    5 67    6 37    7 84    8 78    9 95   10 41 
   1 63    2 59    3 22    4 79    5  1    6 10    7 44    8 55    9  9   10  2 
   1 27    2  5    3 31    4 75    5 59    6 28    7 23    8 10    9 90   10 46 
   1  9    2 26    3 71    4 14    5 89    6 94    7 38    8 96    9 79   10 79 
   1 49    2 21    3 23    4 92    5 10    6 36    7 44    8 29    9 14   10 16 
   1 31    2 25    3 52    4 98    5 56    6 38    7 40    8 13    9 75   10 87 
   1 14    2 97    3 92    4 50    5 68    6 84    7 15    8 58    9 94   10 76 
   1 67    2 24    3 21    4 85    5 46    6 90    7 52    8 40    9 43   10 11 
   1 72    2 84    3 96    4  9    5 77    6 58    7 94    8 11    9  7   10  1 
   1 49    2 48    3 22    4 52    5 29    6 50    7 42    8 90    9 66   10 27 
   1 74    2  3    3 88    4 40    5 32    6 80    7 32    8 78    9 63   10 87 
   1 46    2  1    3 87    4  2    5 51    6  1    7 71    8  4    9 12   10 99 
   1 84    2 84    3 24    4 27    5 68    6 98    7  5    8 91    9 55   10 60 
   1  6    2 78    3 17    4 13    5  8    6 39    7 37    8 30    9 18   10 30 
   1 48    2 21    3 82    4 22    5 83    6 26    7  7    8  9    9 91   10 68 
   1 19    2 25    3  1    4 70    5 31    6 56    7 69    8 73    9 32   10 32 
   1 56    2 54    3 65    4 93    5 68    6  2    7 44    8 17    9 21   10 85 
   1 65    2 30    3 22    4 62    5 65    6  4    7 69    8 22    9  2   10 45 
   1 18    2 45    3 77    4 62    5 50    6 79    7 24    8 91    9 99   10  7 
   1 91    2 52    3 38    4 45    5 86    6 93    7 32    8 12    9 46   10 97 
   1 57    2 54    3 20    4 88    5 60    6 86    7 53    8 49    9 56   10 38 
   1 31    2 19    3 77    4 53    5 69    6 71    7 61    8 97    9 44   10 55 
   1 19    2 17    3 64    4 82    5 18    6 28    7 83    8 20    9 39   10 29 
   1 85    2 57    3 49    4 24    5 23    6 90    7 27    8 39    9 43   10 93 
   1 37    2  1    3 46    4 88    5 76    6 90    7 91    8 43    9 47   10  5 
   1 92    2 17    3 74    4 22    5 75    6 57    7 31    8 44    9 38   10 12 
   1 28    2 60    3 96    4 28    5 53    6 39    7 46    8 56    9 53   10 46 
   1 83    2 95    3 56    4 93    5 72    6 54    7 17    8 54    9 34   10 61 
   1 61    2 87    3 94    4 30    5  7    6 93    7 24    8 76    9 72   10 65 
   1 51    2 36    3 81    4 61    5  5    6 57    7 23    8 72    9 16   10 35 
   1 97    2 30    3 79    4 34    5 32    6 96    7 36    8 93    9 42   10 72 
   1 14    2 14    3 49    4 68    5 81    6 20    7 12    8 16    9 81   10 10 
   1 36    2 41    3 94    4 43    5 59    6 27    7 21    8 24    9 31   10  3 
   1 30    2  3    3  3    4 87    5 28    6 52    7 60    8 96    9 81   10 78 
   1 11    2 44    3 59    4  2    5 88    6 17    7 67    8 92    9 68   10 19 
   1  2    2 88    3 66    4 45    5 56    6 28    7 62    8 90    9 11   10 85 
   1 20    2 22    3 85    4 68    5 20    6  6    7 40    8 27    9 41   10 45 
   1 65    2 37    3 69    4 11    5 13    6 10    7 99    8 17    9 83   10 43 
   1 67    2 29    3  7    4 14    5 93    6 79    7 54    8 85    9 60   10 87 
   1  7    2 70    3 22    4 25    5 24    6 81    7 78    8  9    9 46   10 15 
   1 56    2 81    3 68    4 81    5 36    6 38    7 11    8 56    9 32   10 78 
   1 67    2 58    3 89    4 11    5 58    6 67    7 81    8 61    9 74   10 75 
   1 96    2 17    3 50    4 91    5 49    6 88    7 59    8 76    9 94   10 14 
   1 46    2 93    3 28    4 37    5 44    6 90    7 82    8 35    9 58   10 87 
   1 27    2 81    3 56    4 20    5 27    6 56    7 99    8 79    9 14   10 40 
   1 42    2 34    3 55    4  4    5 42    6 71    7 97    8 71    9 37   10 84 
   1 48    2 49    3 69    4 57    5 71    6 97    7 77    8 87    9 77   10 65 
   1 30    2 33    3 90    4 50    5 51    6 92    7 64    8 24    9  9   10  4 
   1 89    2 72    3 29    4 55    5 89    6 30    7 78    8  6    9 70   10 68 
   1  5    2 84    3 33    4 34    5 28    6 74    7 75    8  9    9 26   10 32 
   1 53    2  2    3 54    4 14    5 89    6 66    7 45    8 88    9 67   10 75 
   1 70    2  1    3 19    4 64    5 11    6  3    7 37    8 70    9 18   10 25 
   1 44    2 11    3 72    4 90    5 94    6 89    7 74    8  9    9 24   10 49 
   1 94    2 56    3 86    4 74    5 92    6 74    7 12    8 33    9 57   10  7 
   1 97    2 91    3 29    4 80    5 93    6 15    7 11    8 24    9 27   10  5 
   1 26    2 29    3 42    4 29    5 39    6 51    7 13    8 68    9 37   10 75 
   1 87    2 46    3 56    4 13    5 59    6 62    7 15    8 49    9 86   10 58 
   1 79    2 68    3 76    4 67    5 84    6 77    7 70    8 51    9 31   10 40 
   1 11    2  7    3 24    4 61    5 81    6 88    7 51    8 45    9 46   10 15 
   1 44    2 75    3 79    4 22    5 30    6 14    7 18    8 31    9 59   10 82 
   1 11    2 18    3 77    4  9    5 69    6 38    7 92    8 75    9  2   10 40 
   1 46    2 98    3 56    4 32    5 19    6 62    7 86    8 11    9 98   10 32 
   1 86    2 32    3 35    4 68    5 49    6 73    7 25    8 45    9 65   10 63 
   1 35    2 42    3 22    4 60    5 44    6 23    7 52    8 52    9  9   10 39 
   1 44    2 89    3 91    4 49    5 19    6 26    7 53    8 59    9 32   10 53 
   1  9    2 91    3 95    4 48    5 51    6 70    7 81    8 32    9 87   10 85 
   1 25    2 16    3 41    4  7    5 11    6  4    7 67    8 69    9 51   10 47 
   1 48    2 83    3 41    4 76    5 16    6  8    7 32    8 25    9 23   10 28 
   1 86    2 47    3 23    4 13    5  7    6  9    7 62    8  7    9 39   10 15 
   1 85    2 30    3 10    4 87    5 31    6 54    7 53    8 30    9 86   10 42 
   1 90    2  1    3 78    4  2    5 88    6 84    7 11    8 19    9  3   10 97 
   1 58    2 18    3 50    4 20    5 17    6  5    7 11    8 14    9 61   10 70 
   1 72    2 64    3 97    4 98    5 29    6 53    7 61    8 89    9 42   10 53 
   1 90    2 16    3 90    4  2    5 16    6 50    7 35    8 71    9 60   10 59 
   1 81    2 58    3 95    4 22    5  2    6 84    7  3    8 75    9 98   10 88 
   1 18    2  5    3 74    4 68    5 52    6 92    7 21    8  2    9  7   10 58 
   1  2    2 42    3  1    4 33    5 21    6 23    7  5    8 31    9  7   10 53 
   1 10    2  1    3 28    4  6    5 38    6 78    7  6    8 39    9 70   10 46 
   1 93    2 22    3 21    4 63    5 49    6 78    7 87    8 81    9 13   10 78 
   1 15    2 60    3 69    4 40    5 53    6 62    7 95    8 25    9 44   10 60 
   1  2    2 48    3 20    4 18    5  9    6 55    7 84    8 87    9 76   10 70 
   1 78    2 31    3 89    4 87    5 41    6 24    7 39    8 10    9 58   10 33 
   1 41    2 60    3 46    4 80    5 55    6 22    7 48    8 74    9 16   10 74 
   1 40    2 82    3 92    4 16    5 25    6 46    7 49    8 24    9 28   10 39 
   1 99    2 87    3 79    4 34    5 13    6 27    7 99    8 75    9  6   10 25 
   1 78    2 84    3 33    4 61    5  4    6 35    7 27    8 19    9 47   10 34 
   1 78    2  3    3 26    4 13    5 74    6 94    7 81    8 60    9 15   10 59 
   1 74    2 34    3 92    4 83    5 52    6 93    7 42    8 21    9 94   10 82 
   1 41    2 75    3 66    4 85    5 90    6 53    7 90    8 77    9 22   10 89 
   1 64    2 40    3 39    4 76    5  5    6 87    7 54    8 35    9  7   10 94 
   1 60    2 71    3 16    4 75    5 40    6 46    7 49    8 76    9 33   10 83 
   1 32    2 26    3 93    4 54    5 51    6 85    7 75    8 75    9 33   10 51 
   1 30    2 86    3 84    4  9    5 29    6 26    7 36    8 25    9 52   10 56 
   1 66    2 65    3 16    4 21    5 17    6 87    7 53    8 78    9  4   10 82 
   1 30    2 33    3 59    4 96    5  8    6 26    7 92    8 47    9 28   10 52 
   1 58    2 94    3 33    4 88    5 91    6 24    7 13    8 70    9 16   10 30 
   1 54    2 30    3 18    4 21    5 85    6  6    7 11    8 33    9 51   10 63 
   1 78    2 41    3 11    4 17    5 77    6 99    7 87    8 53    9 25   10 47 
   1 65    2 64    3 17    4 53    5 20    6 85    7 97    8 24    9 64   10 29 
   1 69    2 22    3  7    4  4    5 93    6 51    7 50    8 94    9 82   10 99 
   1 13    2 91    3 68    4 72    5 65    6 36    7 37    8  7    9 48   10  8 
   1 86    2 71    3 15    4 23    5 83    6 40    7 24    8 92    9 81   10 64 
   1 43    2 41    3 51    4 11    5 35    6 96    7 22    8 29    9 76   10 17 
   1  6    2 54    3 78    4 39    5 23    6 73    7 53    8 78    9 83   10 45 
   1 61    2 56    3 52    4 64    5  4    6 31    7 19    8 92    9  1   10 37 
   1 17    2 11    3 30    4 20    5 27    6 16    7 47    8 15    9 24   10  9 
   1 57    2 47    3 75    4 54    5 19    6 31    7 64    8 68    9 91   10  6 
   1 45    2  7    3 11    4 12    5 71    6 34    7 59    8 74    9 86   10 90 
   1 94    2  5    3 79    4 35    5 15    6 50    7 55    8 33    9 38   10 69 
   1 50    2  8    3 75    4  1    5 91    6 14    7 58    8 63    9 90   10 80 
   1 18    2 32    3 66    4 24    5 73    6 21    7 18    8  2    9 73   10 61 
   1 67    2 79    3 98    4 14    5 36    6 77    7 83    8 57    9 95   10 22 
   1 20    2 11    3 88    4  5    5 16    6 26    7 11    8 88    9  4   10  5 
   1 42    2 32    3  8    4 74    5 70    6  1    7 90    8 42    9 81   10 86 
   1 45    2 26    3 45    4 90    5 62    6 13    7 40    8 68    9 58   10 25 
   1 67    2  3    3 74    4 40    5 65    6 65    7 73    8 77    9  5   10 57 
   1 21    2 26    3 15    4 52    5 77    6 30    7 11    8 79    9 36   10 19 
   1 64    2 36    3 99    4 66    5 83    6 18    7 71    8 95    9 48   10 24 
   1 79    2 15    3 55    4 53    5 25    6  5    7 88    8 79    9 42   10 94 
   1 92    2  5    3 90    4 92    5 98    6 27    7 66    8  9    9 43   10 93 
   1 66    2 71    3 84    4 42    5 63    6 88    7 75    8 11    9 40   10 16 
   1  9    2 28    3 56    4 23    5 47    6 42    7 73    8 83    9 58   10 99 
   1 80    2 91    3 50    4 47    5 11    6  3    7 27    8 11    9 89   10 30 
   1 67    2 69    3 19    4 14    5 38    6 82    7 12    8 67    9 89   10 49 
   1 59    2 41    3 81    4 12    5 29    6  8    7 30    8 62    9 84   10  7 
   1 68    2 11    3 18    4 12    5 31    6 67    7 56    8 55    9 95   10 19 
   1 72    2 71    3 41    4 70    5 63    6 16    7 34    8 92    9 16   10 15 
   1 51    2 70    3  1    4 56    5 35    6 73    7  7    8 30    9 66   10 28 
   1 10    2 66    3 46    4 39    5 97    6 74    7 84    8 40    9 20   10 84 

