ta112
500 20
   1 29    2 99    3 26    4 94    5 16    6 63    7 77    8 22    9 72   10 81   11 38   12 17   13 61   14 50   15 16   16 91   17 89   18 75   19 30   20 80 
   1 36    2 18    3 94    4 48    5 70    6 90    7 84    8 76    9 22   10 18   11 75   12  4   13 86   14 74   15 26   16 86   17 48   18 52   19 86   20  6 
   1 99    2 97    3 95    4 11    5 21    6 21    7 43    8 39    9 72   10 66   11 89   12  5   13 78   14 37   15 32   16 89   17 18   18 71   19 75   20 69 
   1  2    2 28    3 22    4 47    5 25    6 36    7 26    8 90    9 87   10 44   11 90   12 31   13 99   14 77   15 93   16 78   17 93   18 97   19  4   20  6 
   1 99    2 91    3 66    4 39    5 57    6 55    7 63    8 92    9 73   10 77   11 58   12 20   13 54   14 30   15 26   16 12   17 74   18 29   19 58   20 95 
   1 92    2 61    3 33    4  1    5 86    6 45    7 48    8 46    9  9   10 61   11 33   12 41   13 68   14 97   15 82   16 74   17 39   18 69   19 50   20 50 
   1 88    2 83    3 32    4 35    5 56    6 25    7  1    8 32    9 90   10 50   11 47   12 78   13 45   14 18   15 29   16 64   17 87   18 85   19 58   20 11 
   1  9    2 12    3  8    4 31    5 28    6 31    7 70    8 28    9 90   10 36   11 66   12 75   13 82   14 69   15 58   16 70   17 75   18 86   19 93   20 48 
   1 45    2 52    3 44    4 66    5 23    6 57    7  7    8 92    9 52   10 91   11 45   12 70   13 22   14 90   15 52   16 87   17 67   18 28   19 46   20 30 
   1 12    2 55    3 69    4 61    5 22    6 58    7 72    8 87    9 45   10 41   11 94   12 53   13 60   14 83   15 95   16 62   17 39   18 32   19 73   20 40 
   1 95    2 47    3 69    4 81    5 52    6 14    7 54    8 66    9 82   10 67   11 32   12 78   13 69   14 95   15 38   16 91   17 46   18  9   19 28   20  7 
   1 26    2 71    3  8    4 48    5 77    6 28    7 16    8 95    9 16   10 81   11 12   12 48   13 82   14 79   15 77   16 72   17  9   18 81   19 72   20 65 
   1 78    2 23    3 57    4 78    5 47    6 93    7 93    8 45    9 70   10 66   11 77   12 92   13 25   14  1   15 64   16 72   17 11   18 85   19 65   20 35 
   1 36    2 79    3 21    4 39    5 94    6 97    7 43    8 30    9 80   10 33   11 51   12 41   13 91   14 14   15 96   16 41   17 86   18 80   19 39   20 63 
   1 63    2 86    3 24    4 31    5 93    6 33    7 70    8 51    9 31   10 26   11 78   12 85   13 27   14 74   15 86   16 46   17 62   18 92   19 56   20 31 
   1 68    2 73    3 89    4 60    5 63    6 87    7 62    8 14    9 57   10 59   11 94   12 98   13 23   14 93   15 21   16 88   17 35   18 45   19  3   20 59 
   1 49    2 59    3 65    4 97    5 40    6 24    7 40    8 91    9 52   10 34   11 25   12 23   13 52   14 23   15 90   16 74   17 61   18 89   19 18   20 31 
   1 52    2 59    3 66    4 45    5 26    6 19    7 10    8 74    9 83   10 11   11 67   12 38   13 96   14 61   15 30   16 88   17  1   18  9   19 31   20 69 
   1 24    2 40    3 47    4 84    5 10    6 10    7 74    8 45    9 71   10 97   11 31   12 29   13 79   14 13   15 36   16  3   17 38   18 81   19 29   20 44 
   1 47    2 13    3 32    4 55    5 44    6 63    7 78    8 45    9 19   10 56   11 54   12  9   13  3   14 26   15  7   16 75   17 39   18 57   19 10   20 90 
   1 49    2 83    3 52    4 58    5 48    6 45    7 47    8 21    9 20   10 49   11 47   12 33   13 91   14 63   15 78   16 16   17 53   18 86   19 80   20 61 
   1 85    2 94    3 76    4 98    5 53    6 33    7  6    8 60    9 53   10 82   11 67   12 74   13 14   14 80   15 91   16 69   17 70   18 80   19 53   20 68 
   1 85    2 69    3  1    4 95    5 98    6 58    7 26    8 57    9 78   10 91   11 86   12 91   13 94   14 84   15 68   16 58   17 72   18 45   19 28   20 70 
   1 31    2 42    3 92    4 89    5 45    6 11    7 69    8 20    9 86   10 76   11 22   12 16   13  9   14 35   15 68   16 13   17 15   18 66   19 89   20 39 
   1 86    2 39    3 42    4 42    5 59    6  8    7 99    8 63    9 21   10 66   11 69   12 62   13 87   14 81   15 74   16 66   17 30   18 16   19 50   20 59 
   1 76    2 88    3 21    4  1    5 39    6 16    7 94    8 13    9 86   10 29   11 32   12 82   13  7   14 23   15 34   16 16   17 77   18 12   19  8   20 51 
   1 58    2 62    3 59    4 69    5 75    6 23    7 70    8 44    9 65   10 74   11  8   12 60   13 33   14 11   15 24   16  2   17 11   18 46   19 49   20 41 
   1 48    2 16    3 80    4 67    5 81    6 44    7 61    8 61    9  9   10 15   11 65   12 27   13 21   14 28   15 78   16 44   17  3   18 30   19 41   20 11 
   1 84    2 86    3 12    4  5    5  6    6 43    7 95    8 51    9 37   10 95   11 70   12 24   13 11   14 63   15 63   16 57   17 93   18 78   19  1   20 38 
   1 71    2 85    3 15    4 79    5 55    6 18    7 38    8 29    9 75   10 92   11 77   12 37   13 88   14 45   15 47   16  1   17 98   18  8   19 34   20  7 
   1 69    2 33    3  4    4 51    5 95    6 43    7 92    8 76    9 40   10 41   11 36   12 18   13 89   14 43   15 48   16 59   17 51   18  8   19 53   20 23 
   1  3    2 11    3 99    4 97    5 37    6  7    7 10    8 19    9 17   10 69   11 66   12 60   13 47   14 39   15 79   16 58   17  2   18 36   19 48   20 12 
   1 57    2 68    3  9    4 25    5 54    6 89    7 79    8 68    9 55   10 82   11 47   12 90   13 14   14 35   15 18   16 28   17 72   18  1   19  3   20 55 
   1 94    2 45    3 49    4  9    5 10    6 59    7 76    8  3    9 28   10 69   11 45   12 60   13 40   14 65   15 40   16 67   17 39   18 29   19 75   20  7 
   1 81    2 22    3 52    4 30    5 85    6 52    7  3    8 85    9 61   10 48   11 68   12 18   13 50   14  9   15 19   16 45   17 10   18 19   19 39   20 41 
   1 27    2 63    3 90    4 99    5 95    6 58    7 18    8 31    9 51   10 15   11 48   12 20   13 11   14  7   15 92   16 29   17  6   18 31   19 22   20 21 
   1 96    2 15    3 68    4 97    5 97    6 90    7 51    8 85    9  2   10 54   11 17   12 83   13 29   14 21   15 81   16 96   17 74   18 78   19 81   20 58 
   1 77    2 74    3 79    4 43    5 27    6 41    7  8    8 60    9 39   10 81   11 51   12  4   13 86   14 38   15 21   16 32   17 69   18 11   19 19   20 49 
   1 35    2 80    3 30    4 19    5 62    6 60    7 97    8 80    9 58   10 33   11 54   12 60   13 26   14 32   15 11   16 11   17 99   18  9   19 19   20 98 
   1 41    2 84    3 42    4 14    5 79    6 92    7 17    8 52    9 39   10  1   11 76   12 69   13 40   14 21   15 85   16 95   17 23   18 72   19 23   20 41 
   1 27    2  8    3 65    4 84    5 83    6 70    7 62    8 49    9 50   10 92   11 59   12 78   13 36   14 62   15 77   16 57   17 66   18 96   19 20   20 34 
   1 79    2 52    3 38    4 33    5  8    6  2    7 48    8 46    9  7   10 63   11 60   12 80   13 93   14 40   15 64   16 76   17 16   18 33   19 65   20 91 
   1 96    2 74    3 53    4 26    5 64    6 48    7 61    8 75    9  1   10 13   11 22   12 50   13  6   14 28   15 90   16 55   17 99   18 20   19 80   20 61 
   1 61    2 53    3 84    4 55    5 64    6 21    7 76    8 91    9 92   10 22   11 19   12 36   13  2   14  8   15 30   16 68   17  4   18 20   19 39   20 28 
   1 56    2 13    3 28    4 43    5 72    6 33    7 64    8 43    9 65   10 53   11 81   12 46   13 66   14 36   15 29   16 63   17  3   18 40   19 35   20 90 
   1 17    2 40    3 19    4 71    5 78    6 73    7 29    8 11    9 26   10 85   11 81   12 39   13 99   14 38   15 53   16 87   17 79   18 69   19  8   20  7 
   1 42    2 13    3 42    4 10    5 38    6 24    7 14    8 47    9 30   10 65   11 13   12 85   13 34   14 19   15 11   16 82   17 79   18 12   19  5   20 58 
   1 58    2  5    3 51    4 30    5 24    6 56    7 43    8  1    9 20   10 60   11 67   12  6   13 41   14 22   15  7   16 35   17 47   18 67   19 32   20 28 
   1 45    2 48    3 48    4 73    5 43    6 34    7 62    8 18    9 36   10 43   11 37   12 60   13 11   14 65   15 96   16 43   17 93   18  1   19 61   20 56 
   1 28    2  2    3 61    4 30    5 48    6 86    7 37    8 78    9 14   10  3   11 34   12  9   13 80   14 14   15 77   16 55   17 21   18 87   19 85   20  1 
   1 79    2 14    3 10    4 16    5 44    6 27    7 37    8 76    9 76   10 97   11 22   12 21   13 31   14 79   15 39   16 72   17 15   18  6   19 99   20  2 
   1 99    2 44    3 81    4 44    5 93    6 30    7 45    8 97    9 96   10 17   11 13   12 18   13 41   14 68   15 28   16 54   17 75   18 37   19 62   20 38 
   1 99    2 85    3 68    4 20    5 77    6  1    7 11    8 39    9 17   10 63   11 76   12 38   13 24   14 59   15 75   16 76   17  5   18 63   19 26   20 52 
   1 14    2 34    3 34    4 97    5  7    6 70    7 55    8 95    9 37   10 40   11 14   12 49   13 65   14 65   15 58   16 55   17 96   18 19   19  1   20 17 
   1 29    2 30    3 22    4 37    5 88    6 53    7 12    8 16    9 33   10 16   11 86   12 92   13 37   14 85   15 82   16 21   17 98   18 22   19 29   20 69 
   1 59    2 77    3 47    4  4    5 24    6 78    7 36    8  6    9 17   10 18   11 82   12 16   13  4   14 34   15 66   16  9   17 21   18 69   19 13   20 34 
   1 13    2 31    3 46    4  5    5 94    6 36    7 39    8 48    9 45   10 52   11 41   12 42   13 46   14 28   15 19   16 91   17 52   18 94   19  3   20 55 
   1 12    2 91    3 89    4 43    5 13    6 58    7 79    8 23    9 69   10 23   11 75   12 64   13 75   14 64   15 89   16 28   17 45   18 92   19 69   20 85 
   1 82    2 65    3 92    4 67    5  3    6 56    7 11    8 40    9 95   10  9   11 43   12 51   13 15   14 40   15 86   16 84   17 93   18 94   19 61   20 67 
   1 94    2 90    3 62    4 66    5 19    6 73    7 80    8  4    9 18   10 61   11 54   12  1   13 53   14 58   15 14   16 39   17 10   18 90   19 47   20 64 
   1 19    2 60    3 88    4 61    5 46    6 76    7 27    8 90    9 19   10  7   11 51   12 69   13 59   14 69   15 78   16 52   17 79   18  9   19 13   20 48 
   1 25    2 30    3 27    4 81    5 17    6 25    7 90    8 21    9 13   10 72   11 42   12 17   13 61   14 86   15 14   16 87   17 31   18 81   19 81   20 50 
   1 59    2 80    3 26    4 12    5 67    6 80    7 21    8 17    9  6   10  6   11  4   12 24   13 30   14  5   15 51   16 17   17 29   18 24   19 10   20  5 
   1 58    2 11    3 47    4 37    5 53    6 80    7 15    8 54    9 10   10 12   11 26   12 73   13  8   14 16   15 28   16 27   17 11   18 11   19 46   20 48 
   1 80    2 52    3 63    4 81    5 51    6  7    7  5    8 93    9 36   10 65   11 79   12 32   13  7   14 91   15 23   16 77   17 83   18  1   19 70   20  1 
   1 40    2 62    3 63    4 20    5 62    6 88    7  7    8 35    9 68   10 70   11 47   12 54   13 88   14 29   15 76   16 53   17 48   18 70   19 49   20 40 
   1 45    2 25    3 93    4 66    5 50    6 96    7 56    8 48    9 33   10 38   11 65   12 18   13 39   14 10   15 10   16 48   17 44   18 64   19 70   20 43 
   1 91    2 87    3 76    4  9    5 73    6 25    7  4    8 96    9 90   10 12   11 62   12 14   13 48   14 73   15 12   16 90   17 50   18 70   19 93   20 59 
   1  4    2 14    3 66    4 65    5 31    6 78    7 10    8 58    9 86   10 51   11 95   12 67   13 68   14 53   15 67   16 32   17 13   18 53   19 13   20 52 
   1 58    2 75    3 10    4 79    5 73    6  6    7  7    8 80    9 33   10  1   11 63   12 87   13  9   14 38   15 30   16 82   17 91   18 60   19 51   20 62 
   1 94    2 38    3 10    4 35    5 26    6 45    7 89    8 67    9 64   10  7   11 68   12 97   13 94   14 14   15  4   16 15   17 66   18 41   19 94   20 85 
   1 82    2 61    3 58    4 78    5 52    6 76    7 43    8 68    9 55   10 27   11 86   12 73   13 96   14 80   15 82   16 70   17 85   18 84   19 14   20 97 
   1 74    2 30    3 79    4 14    5  8    6 42    7 34    8 74    9 12   10 63   11  5   12 64   13 87   14 43   15 23   16 44   17 70   18 41   19 43   20 40 
   1 28    2  8    3 34    4 47    5 60    6 26    7 79    8 93    9 14   10 67   11 91   12 95   13 89   14 60   15 84   16  1   17 94   18 95   19 88   20 72 
   1 41    2 99    3 13    4 12    5 50    6 28    7 65    8 50    9  9   10 64   11 36   12 80   13 29   14 29   15  1   16 47   17 46   18  6   19 68   20 16 
   1 42    2 79    3  8    4  1    5 60    6 15    7 87    8 49    9 12   10 64   11 89   12  4   13 39   14 15   15 47   16 24   17 56   18 81   19 37   20 78 
   1 86    2 98    3 56    4 25    5 82    6 24    7  7    8 62    9 48   10 51   11 46   12 14   13 54   14 12   15 68   16 13   17 52   18 62   19 32   20 54 
   1 71    2 81    3 80    4 77    5 10    6 48    7 49    8 52    9 15   10 73   11 15   12 52   13 29   14 40   15 78   16 15   17 67   18 53   19 37   20 35 
   1  9    2 55    3 73    4 18    5 23    6 71    7 55    8 48    9 76   10 64   11 50   12 33   13 65   14 38   15 35   16 80   17 99   18  2   19 92   20 20 
   1 87    2 19    3 27    4 34    5  4    6 83    7 62    8 76    9  3   10 28   11 43   12 59   13 13   14  3   15 84   16 18   17 21   18 58   19  6   20 94 
   1 97    2 70    3 50    4 91    5 14    6 32    7  6    8 13    9 10   10 58   11 38   12 60   13  5   14 53   15 57   16 62   17 68   18 23   19 86   20 91 
   1 81    2 66    3 16    4 10    5 94    6 36    7 65    8 21    9 86   10 47   11 15   12 15   13  9   14  6   15 17   16 24   17  5   18  1   19 91   20 89 
   1 54    2 16    3 30    4 16    5 71    6 62    7 69    8 36    9 60   10 50   11 75   12 88   13 22   14 15   15 60   16 30   17 64   18 62   19 37   20 14 
   1 12    2 62    3 66    4 70    5 58    6 89    7 58    8 76    9  1   10  2   11 31   12 15   13 71   14 21   15 19   16 28   17 80   18 46   19 29   20 76 
   1 58    2 25    3 83    4 50    5 93    6 56    7 15    8 51    9 12   10 75   11 93   12 49   13 78   14 73   15 42   16 95   17 31   18 60   19 47   20 95 
   1 89    2 32    3 36    4 69    5 86    6 72    7 97    8 39    9 29   10 13   11 91   12 19   13 74   14 16   15 34   16 56   17 80   18 34   19 29   20 59 
   1  7    2 98    3 14    4 83    5 73    6 96    7 97    8 33    9 17   10 46   11 14   12 51   13 87   14 24   15  7   16 40   17 29   18 46   19 46   20 86 
   1 16    2 84    3 69    4  5    5 47    6 71    7 91    8 14    9  1   10 21   11 48   12 17   13  2   14 93   15 19   16 76   17 94   18 86   19  4   20 48 
   1 19    2 58    3 69    4 59    5 22    6 89    7 34    8 79    9 38   10 76   11 75   12 77   13 76   14 17   15 55   16 32   17 48   18 76   19  4   20 52 
   1 14    2 24    3 31    4  2    5 62    6 81    7 10    8 68    9 58   10 52   11 58   12 68   13  5   14 60   15 42   16 94   17 21   18 42   19 83   20 95 
   1 24    2 62    3 91    4  1    5 81    6 39    7  7    8 26    9 70   10 50   11 43   12 71   13 89   14 33   15 33   16 19   17 40   18 62   19 75   20 51 
   1 80    2 21    3 40    4 95    5 25    6 29    7 50    8 93    9 44   10 55   11 94   12 49   13 87   14 87   15 75   16 67   17  4   18 62   19 23   20 74 
   1 42    2 75    3 14    4 19    5  3    6  4    7  4    8 58    9 75   10 41   11  8   12 57   13 38   14  5   15 65   16 92   17 11   18  9   19  5   20 58 
   1 34    2 91    3 14    4 83    5 87    6 26    7 17    8 84    9 48   10 86   11 68   12 86   13 86   14 53   15 24   16 49   17 94   18 57   19 63   20 56 
   1 42    2  5    3 88    4 96    5 31    6 99    7 75    8  8    9 53   10 16   11 11   12 59   13 25   14 47   15 14   16 32   17 26   18 44   19 74   20 35 
   1 56    2 58    3 97    4 40    5 27    6 17    7 90    8 94    9 46   10 38   11 37   12 84   13  5   14 96   15  3   16 96   17 61   18 41   19 16   20 85 
   1  4    2 69    3 39    4 17    5 13    6 21    7 48    8 83    9 71   10 84   11 24   12 36   13 29   14 90   15 48   16 49   17 91   18 20   19  5   20 47 
   1  8    2 99    3 40    4 92    5 31    6 76    7 66    8 86    9 48   10 79   11 81   12 56   13 53   14 60   15 95   16 17   17 47   18 84   19 44   20 61 
   1 36    2 96    3 48    4 42    5 72    6 63    7 80    8 26    9 66   10 60   11 29   12 58   13 27   14 79   15 41   16 94   17 13   18  8   19 90   20 11 
   1 55    2 75    3 82    4 36    5 46    6 78    7 15    8 11    9 62   10 55   11 67   12 78   13 71   14 80   15 24   16 78   17 59   18 68   19 71   20 19 
   1 29    2 81    3 72    4  3    5 41    6 14    7 33    8 54    9  9   10 85   11 85   12 46   13 85   14 20   15 76   16 81   17 36   18 18   19 36   20 45 
   1 88    2 62    3 45    4 14    5  2    6 11    7 80    8 68    9 97   10  5   11 62   12 75   13 33   14  2   15  9   16 39   17 81   18 58   19  2   20 16 
   1 83    2 68    3 56    4  8    5 61    6 40    7  7    8 11    9 19   10 60   11 37   12 69   13 79   14 69   15 77   16 12   17 97   18 93   19 37   20 53 
   1 83    2 61    3 63    4 84    5 16    6 36    7 74    8 79    9 97   10 35   11 80   12 80   13 26   14 62   15  9   16 66   17  8   18 26   19 66   20 37 
   1  3    2 28    3 76    4 96    5 70    6 28    7 51    8 66    9 46   10 18   11 93   12 21   13 95   14 44   15 89   16 87   17 32   18 63   19 72   20 60 
   1 64    2 46    3 40    4 29    5 37    6 46    7  4    8 18    9 22   10 42   11 37   12 32   13 62   14 62   15 55   16 85   17 69   18 90   19 49   20 96 
   1 44    2 59    3 94    4 95    5 70    6 29    7 34    8 54    9 66   10 78   11 16   12 32   13 67   14 87   15 51   16 77   17 21   18 76   19 27   20 12 
   1 61    2 30    3 91    4 67    5 69    6 37    7 42    8 66    9 49   10  1   11 68   12 55   13 42   14 98   15 43   16 42   17 28   18 52   19 42   20 16 
   1 95    2 97    3 81    4 21    5 34    6 10    7 72    8  4    9 91   10  9   11 85   12 27   13 18   14 13   15 10   16  2   17 67   18 83   19 47   20  5 
   1 81    2 92    3 45    4 89    5 79    6 64    7  8    8 36    9 64   10 31   11 42   12 25   13 99   14 77   15 42   16 30   17 71   18  8   19 18   20 60 
   1 81    2 43    3 91    4 42    5 59    6 77    7 14    8 85    9 31   10 62   11 14   12  2   13 66   14 64   15 29   16 64   17  1   18 22   19 58   20 95 
   1 14    2 77    3 38    4  5    5 91    6 74    7 30    8 44    9 95   10 21   11 87   12 21   13 76   14 97   15 99   16  9   17 45   18 92   19 94   20 93 
   1 19    2 34    3 79    4 79    5  9    6 62    7 16    8 83    9 61   10 77   11 62   12 77   13  1   14 26   15 27   16 43   17 88   18 33   19 61   20  9 
   1 46    2 66    3  1    4 11    5 86    6 75    7 44    8 87    9 58   10 19   11  9   12 10   13 46   14 41   15 52   16 72   17 67   18 70   19 94   20 99 
   1 26    2 98    3 58    4 45    5 97    6 99    7 54    8 41    9  4   10 67   11 88   12 25   13 20   14 46   15 36   16  6   17 93   18 44   19 70   20 83 
   1 93    2 14    3 94    4 60    5 58    6 24    7 47    8  4    9 39   10 20   11 94   12 12   13 90   14 28   15 70   16 92   17 48   18 94   19  6   20 19 
   1 73    2 42    3 39    4 80    5 15    6 89    7 56    8 11    9 35   10 63   11 97   12  9   13 44   14 60   15 62   16 85   17 19   18 99   19 48   20 28 
   1 46    2 76    3 46    4 27    5 20    6 94    7 60    8 65    9 71   10 49   11 51   12 29   13 48   14 81   15 85   16 74   17 89   18 69   19 76   20 39 
   1 59    2 37    3 49    4 71    5 42    6 95    7 72    8  7    9  5   10 63   11 99   12 22   13 82   14 63   15 76   16 27   17 96   18 41   19 20   20 43 
   1  5    2 20    3 68    4 29    5 10    6 27    7  2    8 59    9 94   10 43   11 73   12 63   13 52   14 54   15 39   16 18   17 48   18 52   19 70   20 62 
   1 42    2 64    3 47    4 64    5 44    6 79    7 64    8 24    9 56   10  2   11 97   12 89   13 52   14 83   15 23   16 28   17 59   18 17   19 66   20  6 
   1 67    2 22    3 70    4 23    5 64    6 81    7 42    8  5    9 32   10 78   11 99   12 13   13 65   14 58   15  2   16 98   17 25   18 55   19 68   20 78 
   1 66    2  9    3 69    4 20    5 67    6 46    7  7    8 45    9 45   10 98   11 10   12 90   13 47   14 92   15 15   16 11   17 54   18  3   19 96   20 19 
   1 20    2 66    3 68    4 84    5 21    6 88    7 43    8 17    9 84   10 91   11 56   12  7   13 42   14 44   15 40   16 51   17 63   18 38   19 98   20 17 
   1 19    2 18    3 23    4 66    5 91    6 75    7 52    8 12    9 86   10 11   11 81   12 63   13 97   14  1   15 59   16 87   17 55   18 70   19 27   20 23 
   1 62    2 72    3 89    4 15    5  7    6 51    7 21    8 56    9 82   10 19   11 77   12 94   13 53   14 87   15 55   16 10   17 72   18 58   19 45   20 12 
   1  6    2 30    3  8    4 42    5 34    6 85    7 96    8 36    9 90   10 40   11  6   12 12   13 60   14 28   15 33   16 27   17 40   18  1   19  7   20 54 
   1 61    2 76    3 82    4  9    5 39    6 94    7 98    8 23    9 18   10 63   11 71   12 25   13 83   14 41   15 18   16 44   17 67   18 60   19 28   20 59 
   1 99    2 57    3 94    4 51    5 79    6 46    7 16    8 34    9  8   10 29   11  5   12 23   13 98   14 32   15 43   16 63   17 77   18 30   19 63   20  7 
   1 55    2 24    3 22    4 39    5 84    6 49    7 86    8 59    9 73   10 89   11  6   12 96   13  7   14 63   15 42   16 40   17 18   18 30   19 73   20 89 
   1  1    2 68    3 55    4 93    5 34    6 96    7 62    8 95    9 78   10 31   11 82   12 24   13 30   14 34   15 61   16 20   17 34   18 98   19 71   20 79 
   1 60    2 63    3 68    4 86    5 18    6 15    7 53    8 94    9  1   10 68   11 50   12 30   13 59   14 94   15 82   16  7   17 38   18 98   19  6   20 80 
   1 99    2 23    3 29    4 48    5 20    6 52    7 28    8 41    9 23   10 45   11 42   12 39   13 41   14 30   15 44   16 99   17 10   18 86   19 93   20 78 
   1 92    2 17    3  8    4 29    5 55    6 32    7 83    8 22    9  2   10 46   11 66   12 60   13 84   14 34   15 18   16 26   17 35   18 96   19 82   20 54 
   1 35    2 37    3 60    4 33    5 99    6 59    7 76    8  8    9 60   10 27   11 31   12 65   13 69   14 32   15 58   16 47   17 34   18 30   19 95   20 80 
   1  4    2 87    3 45    4 81    5 50    6 88    7 92    8 97    9 88   10 57   11 80   12 26   13 67   14 82   15 77   16 17   17 39   18 32   19 18   20 49 
   1 63    2 37    3 64    4 49    5 98    6 95    7 39    8 97    9  8   10 66   11 92   12 57   13 81   14 91   15 36   16 84   17 84   18 71   19 22   20 98 
   1 29    2 25    3 78    4  5    5 54    6 72    7 25    8 44    9 80   10 90   11 27   12 81   13 56   14 21   15 41   16 60   17  4   18 76   19 51   20 33 
   1 22    2 88    3 35    4 39    5 40    6 76    7 17    8  6    9 34   10 15   11 44   12 84   13 88   14 13   15 41   16 66   17 49   18 82   19 63   20 25 
   1 62    2 27    3  3    4 64    5 54    6 24    7  4    8 61    9 18   10 33   11  6   12 79   13 83   14 79   15 89   16 38   17 18   18 62   19 67   20 75 
   1 46    2 37    3 21    4 68    5 32    6 49    7 64    8 93    9 41   10 38   11 12   12 77   13 64   14 31   15 19   16 78   17 65   18  5   19 11   20 39 
   1 46    2 79    3 82    4 71    5 86    6 30    7 99    8 36    9 97   10 77   11 68   12  8   13 24   14 30   15 61   16 75   17 91   18 18   19 20   20 56 
   1 31    2 17    3 86    4  7    5 70    6 59    7 67    8 27    9  6   10 62   11 59   12 13   13 41   14 51   15 12   16 23   17 98   18 37   19  3   20 29 
   1 99    2 85    3  1    4 27    5 64    6 19    7 15    8 54    9 61   10 46   11 28   12 15   13 71   14 30   15 30   16 70   17 82   18 18   19 82   20 41 
   1 63    2 55    3 25    4 53    5 38    6 10    7 49    8 80    9  8   10 75   11 77   12 23   13 48   14 78   15 92   16 71   17 41   18 35   19 10   20 64 
   1 13    2 34    3 58    4 40    5 79    6 25    7 49    8 71    9 19   10 70   11 38   12 81   13 37   14 55   15  5   16 98   17 52   18 63   19 64   20 91 
   1 36    2 88    3  2    4 53    5 67    6 80    7 55    8 96    9 55   10 30   11 87   12 71   13 91   14 45   15 49   16 26   17 30   18 40   19  2   20 38 
   1 27    2 65    3  8    4  4    5 61    6 21    7 84    8  4    9 82   10 65   11  4   12 77   13 24   14 54   15 96   16 57   17 62   18 78   19 27   20 49 
   1 74    2 43    3  6    4 83    5 22    6 44    7 36    8  3    9 73   10 84   11 36   12 54   13 28   14 42   15 81   16 69   17 47   18 23   19 74   20 51 
   1 32    2 16    3 10    4 32    5 62    6  2    7 49    8 67    9 22   10 50   11 36   12 76   13 99   14 37   15 28   16 76   17 17   18 87   19 54   20 22 
   1 74    2 31    3 92    4 27    5 44    6 33    7 65    8 29    9 27   10 82   11  3   12 88   13 54   14 60   15 82   16 90   17 38   18 24   19 89   20 32 
   1 60    2 50    3  3    4 24    5 63    6 80    7 78    8 54    9 87   10 48   11 82   12 89   13 63   14 56   15 17   16 55   17 95   18 93   19 40   20 45 
   1 25    2 71    3 57    4 13    5 74    6 99    7 10    8 20    9 50   10 37   11 49   12 84   13 44   14 29   15  3   16 26   17 34   18 13   19 81   20 62 
   1 86    2 28    3 64    4 76    5 96    6 88    7 46    8 25    9 70   10 87   11 78   12 88   13 69   14 78   15 43   16 85   17 40   18 42   19 93   20 55 
   1 64    2 40    3 62    4 31    5 65    6  9    7 48    8 72    9 81   10 91   11 74   12 50   13 71   14 73   15 76   16  6   17 27   18 71   19 35   20 54 
   1 47    2 87    3 14    4 82    5 99    6  3    7 45    8 48    9 30   10 89   11 93   12 16   13 96   14 59   15 73   16 62   17 44   18 53   19 79   20 31 
   1 63    2 15    3 72    4 65    5 82    6 10    7 37    8 70    9  8   10 66   11  9   12 55   13 96   14 98   15 51   16 11   17 40   18 66   19 94   20 65 
   1 57    2 45    3 94    4 44    5 78    6 71    7 88    8 50    9 32   10 52   11 60   12 25   13 52   14 72   15 73   16 27   17 17   18 72   19 70   20 89 
   1 44    2 20    3 28    4 45    5 16    6 80    7 17    8 87    9 25   10 19   11 56   12 61   13 98   14 88   15 82   16 31   17  8   18 44   19 29   20 43 
   1 50    2  9    3 31    4 33    5  6    6 50    7 58    8 89    9  1   10 88   11 19   12 73   13 68   14 50   15 31   16 10   17 63   18 23   19 41   20 27 
   1 65    2 10    3 49    4 50    5 62    6 56    7 99    8 60    9  3   10 86   11 41   12 30   13 33   14 17   15  3   16 23   17 99   18  4   19 29   20 55 
   1 26    2 58    3 32    4 99    5 45    6 32    7  2    8  7    9 11   10 54   11 74   12 39   13 80   14 22   15 38   16 20   17 24   18 64   19 61   20 48 
   1 97    2 81    3 50    4 94    5 17    6 61    7 98    8 90    9 45   10 11   11  7   12 85   13  5   14 31   15 52   16 78   17 36   18  3   19  3   20 52 
   1 54    2 24    3 32    4 54    5  2    6 39    7 77    8 55    9 39   10 34   11 12   12 31   13 81   14 93   15 24   16 67   17 59   18 11   19 95   20 57 
   1 90    2 73    3  2    4 77    5 54    6 69    7 13    8 62    9 54   10 20   11 78   12 14   13 17   14 78   15 91   16 59   17 90   18 36   19 58   20 86 
   1 57    2  7    3 31    4 92    5 44    6 61    7 45    8 96    9  4   10  6   11 21   12 89   13 21   14 76   15 90   16 96   17 52   18  6   19 70   20 37 
   1 85    2 53    3 27    4 22    5 41    6 78    7 80    8  9    9 99   10 76   11 21   12 29   13 50   14 77   15 98   16 72   17 31   18 51   19 41   20 85 
   1 18    2 41    3 51    4 88    5 82    6  4    7 29    8 51    9 70   10  7   11 25   12 73   13 26   14 90   15 35   16 97   17 34   18 61   19 27   20 24 
   1 26    2 76    3 25    4  7    5  9    6 46    7 10    8 38    9 84   10 10   11 30   12 40   13 72   14 62   15 88   16 61   17 75   18  9   19 56   20 20 
   1 55    2 10    3 97    4 26    5 11    6 80    7 44    8 73    9 24   10 22   11 72   12 98   13  1   14 11   15  3   16 66   17 65   18 18   19 34   20 29 
   1 48    2 43    3 55    4 51    5 18    6 30    7 37    8 10    9 42   10  6   11 25   12 18   13 72   14 21   15 29   16 29   17 16   18 95   19 11   20 61 
   1 51    2 23    3 26    4 85    5  3    6 18    7  3    8 63    9  4   10 30   11 62   12 88   13 99   14 86   15 45   16 52   17 68   18  2   19 49   20 32 
   1 10    2 69    3 30    4 63    5  6    6  2    7 72    8 43    9 61   10 66   11 22   12 60   13 54   14 88   15 23   16 81   17 47   18 32   19 95   20 82 
   1  6    2 99    3 32    4 74    5 69    6 72    7  3    8 37    9 34   10 10   11 32   12 99   13 61   14 75   15 48   16 94   17 71   18 44   19 32   20 30 
   1 79    2 51    3 83    4  6    5 43    6  9    7 54    8 40    9 79   10 73   11 58   12 77   13 19   14 66   15 51   16  5   17  9   18 76   19  8   20 51 
   1 62    2 31    3 78    4 75    5 72    6 23    7 71    8 50    9 84   10 42   11 14   12 58   13  6   14 30   15  8   16 67   17 79   18 83   19 46   20 54 
   1 32    2 36    3 95    4 16    5 56    6 47    7 28    8 62    9 45   10 38   11 20   12 34   13 69   14 89   15 59   16  3   17 35   18 31   19 95   20 69 
   1 44    2 42    3 27    4 33    5 34    6 80    7 87    8 41    9 66   10 83   11 47   12 59   13 31   14 69   15  2   16 10   17  2   18 50   19 90   20 38 
   1 12    2 20    3 59    4 26    5 72    6 57    7 76    8 44    9 86   10 11   11 43   12  8   13 76   14 19   15 18   16 87   17  3   18 15   19 82   20 84 
   1 98    2 43    3 63    4 27    5 53    6 45    7 98    8 19    9 59   10  9   11 47   12  9   13 11   14 12   15 62   16 13   17 89   18 55   19 96   20  2 
   1 38    2 65    3 19    4 14    5 54    6 30    7 10    8 93    9  8   10 19   11 42   12 98   13 40   14 90   15 63   16 71   17 36   18 59   19 81   20 46 
   1 69    2 37    3 88    4 86    5 13    6 98    7 91    8 93    9 54   10 28   11 47   12 12   13 88   14 62   15 38   16 85   17 19   18  1   19 36   20 49 
   1 84    2 83    3 47    4 19    5 10    6 38    7 84    8 84    9 84   10 35   11 94   12 31   13 77   14 27   15 91   16 41   17 91   18 82   19 70   20 41 
   1 42    2 67    3 21    4 33    5  3    6 28    7 12    8 83    9 20   10 12   11 24   12 56   13 10   14 12   15 32   16  2   17 92   18 63   19  6   20  2 
   1 85    2 16    3 74    4 37    5 98    6 58    7 84    8 87    9 31   10 23   11 39   12 85   13 52   14 23   15 82   16 15   17 82   18 51   19 58   20 51 
   1 67    2 23    3 27    4  1    5 19    6 91    7 87    8 35    9 63   10 14   11  3   12 19   13 54   14 13   15 50   16 68   17 64   18 82   19 34   20 69 
   1 93    2  5    3 52    4 41    5 87    6 50    7 35    8 90    9 79   10 85   11 42   12 17   13 39   14 27   15 89   16 45   17 91   18 60   19 12   20 62 
   1 52    2 29    3 88    4 40    5 51    6  8    7 84    8 56    9 62   10 71   11 58   12 92   13 62   14 39   15 97   16  1   17 73   18 89   19 43   20 21 
   1 13    2 74    3 42    4 64    5 21    6 36    7 88    8 75    9 19   10 78   11 29   12 87   13 16   14 31   15 43   16 92   17 58   18 58   19 19   20 66 
   1 13    2 91    3 73    4 63    5 24    6  9    7 94    8 87    9 63   10 27   11 44   12 88   13 54   14 13   15 83   16 83   17 60   18 10   19 27   20 12 
   1 79    2 56    3 94    4 85    5 37    6 64    7 58    8 19    9 97   10 18   11 15   12 45   13 66   14  8   15 30   16 22   17  9   18 57   19 86   20 62 
   1 43    2 25    3 65    4 20    5 86    6  2    7 34    8 92    9 91   10 84   11 91   12 42   13 47   14 93   15 49   16 13   17 44   18 62   19 60   20 12 
   1 33    2 34    3 88    4 78    5 33    6 13    7 19    8 66    9  5   10 91   11 44   12 86   13 15   14  8   15 45   16 41   17 70   18 25   19  4   20 20 
   1 40    2 31    3 41    4  3    5 82    6 77    7 44    8 88    9 40   10 85   11 63   12 34   13  5   14 87   15 31   16 24   17 57   18 89   19 11   20 58 
   1 70    2 66    3 31    4 76    5 99    6 94    7 14    8 87    9 80   10 90   11 76   12 15   13 28   14 36   15 85   16 37   17 47   18 97   19 93   20 42 
   1 57    2  9    3 35    4 82    5 52    6 37    7 38    8 40    9 36   10 10   11 86   12 75   13 29   14 64   15 13   16 78   17 78   18 54   19 45   20 93 
   1 98    2  5    3 21    4 47    5 37    6 21    7 23    8 37    9 41   10  7   11 59   12 46   13  1   14 15   15 77   16 65   17 38   18 72   19 48   20 61 
   1 56    2 67    3 71    4 96    5 33    6  7    7 63    8 81    9 81   10 46   11 86   12 31   13 21   14 19   15 89   16 87   17 86   18  5   19 26   20 19 
   1 58    2 75    3 56    4 18    5 91    6 13    7 67    8 72    9 56   10 84   11  7   12 25   13 45   14 52   15 12   16 31   17 22   18 48   19 92   20 29 
   1 88    2 65    3 13    4 73    5 67    6  4    7 51    8 74    9 15   10 21   11 95   12 77   13 97   14 93   15 90   16 50   17 68   18 87   19 63   20 45 
   1 84    2 84    3 86    4 42    5 89    6 98    7 89    8 24    9 94   10 76   11 44   12 61   13 82   14 70   15 26   16 96   17  5   18 23   19 74   20 65 
   1 50    2 32    3  3    4 45    5 58    6 25    7 67    8 63    9 82   10 72   11 67   12  8   13  2   14 49   15 11   16 80   17 40   18 50   19 24   20 98 
   1 63    2 38    3  2    4 82    5 50    6 38    7 65    8 50    9 38   10 80   11 56   12 54   13 26   14  7   15 20   16 65   17 78   18 93   19 93   20 30 
   1 44    2 14    3 47    4 61    5 74    6 28    7 59    8 90    9  8   10  4   11 41   12 54   13 85   14 50   15  8   16 10   17 68   18 89   19 86   20 84 
   1 73    2 16    3 15    4 67    5 39    6 96    7 77    8 40    9 56   10 44   11 75   12 26   13 90   14 50   15 23   16 10   17  8   18  1   19 48   20 40 
   1 77    2 19    3 52    4 82    5  1    6  3    7 44    8 12    9 74   10 61   11 56   12 95   13 19   14 15   15 36   16 53   17 31   18  2   19 94   20 12 
   1 97    2 81    3 65    4 25    5 48    6 51    7 23    8 20    9 12   10 98   11 16   12 27   13 24   14  2   15 31   16  5   17 81   18 50   19 97   20 86 
   1 73    2 59    3 93    4 87    5 77    6 13    7 52    8 79    9 47   10  2   11  9   12 86   13 94   14 38   15 72   16  4   17 36   18 43   19 59   20  1 
   1 26    2 95    3 58    4 60    5 63    6 85    7 89    8 73    9 27   10 20   11 80   12 68   13 30   14 76   15 90   16 85   17 84   18 47   19  5   20 66 
   1 10    2 62    3 63    4 27    5 63    6 93    7 24    8 79    9 70   10 88   11  8   12 97   13 11   14 19   15 77   16 77   17 53   18  2   19 49   20 82 
   1  9    2 13    3 86    4 52    5  4    6 84    7 40    8 66    9 56   10 57   11 34   12 61   13 40   14 18   15 20   16 30   17 23   18 78   19 24   20 69 
   1 12    2 98    3 24    4 79    5 28    6 77    7 33    8 69    9 37   10 89   11 21   12  9   13  7   14 43   15 45   16 56   17 68   18 17   19 13   20 65 
   1 56    2  1    3  2    4 49    5 86    6 15    7  3    8 38    9 99   10 66   11 27   12 92   13 42   14 46   15 20   16 19   17 25   18 44   19 73   20 86 
   1 66    2 43    3 10    4 12    5 12    6 87    7 32    8  4    9 49   10 39   11 45   12 67   13 94   14 74   15  8   16  7   17 98   18 77   19 51   20 99 
   1 77    2 22    3 42    4  3    5 24    6 61    7 31    8  9    9 76   10 53   11 53   12 74   13 30   14 37   15 58   16 37   17  8   18 79   19 30   20 19 
   1 92    2 57    3 46    4 84    5 91    6 24    7 51    8 68    9  4   10 16   11 85   12 57   13 79   14 84   15  9   16 55   17 40   18 56   19 66   20 14 
   1 63    2 96    3 63    4  2    5 25    6 83    7 99    8 43    9 33   10 77   11 28   12 80   13 96   14  7   15 13   16 56   17 97   18 18   19 88   20 41 
   1 39    2 58    3 45    4 74    5 83    6 85    7  3    8 66    9  5   10 51   11 89   12 43   13 91   14 12   15 57   16 27   17 46   18 69   19 20   20  2 
   1 92    2 38    3 66    4 27    5 12    6  2    7 83    8 74    9 85   10 71   11 35   12 29   13 53   14 97   15 41   16 89   17 76   18 84   19 26   20 97 
   1 77    2 32    3 19    4 44    5 36    6 50    7 75    8 97    9 75   10 37   11 63   12 35   13  3   14 71   15 18   16 90   17 94   18 96   19 49   20 25 
   1 70    2 16    3 72    4 90    5 35    6 57    7 61    8 43    9 27   10 82   11 98   12 83   13 41   14 19   15 33   16 17   17 88   18 12   19 28   20 61 
   1  5    2 32    3 29    4 71    5 26    6 32    7 13    8 53    9 96   10 85   11 67   12 78   13 10   14 74   15 63   16 71   17 31   18 73   19 74   20 91 
   1 82    2 37    3  5    4 29    5 91    6 32    7 38    8 89    9 57   10 42   11 70   12 43   13 93   14  4   15 49   16  1   17 78   18 58   19 45   20  5 
   1 34    2  5    3  4    4 51    5 19    6 43    7 44    8 31    9 69   10  1   11  6   12 38   13 61   14 86   15 58   16 31   17 61   18 28   19 75   20 46 
   1 78    2 44    3 96    4 42    5 23    6 56    7 77    8 56    9 45   10 70   11 80   12 47   13 88   14 52   15 30   16 71   17 59   18 40   19 50   20 11 
   1 59    2 75    3 62    4 98    5 90    6 70    7 95    8 77    9 95   10 61   11 35   12 50   13 57   14 53   15 73   16 47   17 71   18 81   19 19   20 98 
   1 37    2 45    3 51    4 51    5  1    6 56    7 90    8 21    9 90   10 99   11  1   12 53   13  6   14 71   15 78   16 38   17 42   18 18   19 83   20 92 
   1 13    2 36    3 29    4 87    5 93    6 39    7 43    8 85    9 31   10 40   11 80   12 66   13 45   14 41   15 74   16 91   17 73   18 41   19 21   20 73 
   1 59    2 79    3 78    4 93    5 98    6 44    7 75    8 71    9  3   10  4   11 12   12 44   13 18   14 47   15 35   16 73   17 74   18  8   19 33   20 42 
   1 39    2 30    3 22    4 37    5 76    6 33    7 71    8 21    9 13   10 47   11  8   12 72   13 73   14 58   15  9   16 76   17 73   18 55   19 14   20 16 
   1 36    2 66    3 99    4 14    5 32    6 59    7 70    8 25    9 13   10 60   11 27   12 94   13  4   14 80   15 73   16 57   17 83   18 62   19 11   20 19 
   1 26    2 90    3 21    4 24    5 88    6  6    7 80    8 99    9 45   10 36   11  5   12  9   13 59   14  8   15 30   16  5   17 41   18 49   19 90   20 83 
   1 93    2  8    3 23    4 84    5 30    6 60    7 88    8 80    9 45   10 70   11 66   12 48   13  8   14 35   15 77   16 91   17 72   18 32   19  1   20 34 
   1 51    2 84    3 21    4 71    5 15    6 75    7 73    8 95    9 94   10 17   11 97   12  2   13 66   14  3   15 74   16 93   17 36   18 97   19 37   20 34 
   1 59    2 88    3 64    4 91    5 39    6 90    7 66    8 60    9 91   10 36   11 62   12 59   13 14   14 78   15 93   16 33   17 30   18 86   19 16   20  1 
   1 82    2 77    3 84    4  8    5 85    6 98    7 28    8 95    9 67   10 17   11 26   12 96   13  2   14 48   15 85   16 17   17  3   18 70   19 80   20 29 
   1 22    2 43    3 85    4 75    5 30    6 46    7 54    8 74    9 99   10 20   11 98   12 54   13  4   14 33   15 12   16 71   17 11   18 42   19 41   20  9 
   1 72    2 97    3 38    4 67    5 40    6 86    7 37    8 11    9  5   10 58   11 34   12 88   13 22   14 36   15 38   16 78   17  4   18 76   19 99   20 23 
   1 92    2 97    3 58    4 81    5 40    6 35    7  2    8 40    9 77   10 90   11 87   12 27   13 27   14 56   15 76   16 60   17 88   18 53   19 55   20 94 
   1 68    2 33    3 92    4 62    5 72    6 29    7 99    8 41    9 14   10 58   11 35   12 81   13 99   14 85   15 77   16 49   17 81   18 47   19 58   20 52 
   1  7    2 77    3 35    4 34    5 51    6 93    7 35    8 48    9 47   10 88   11 96   12 69   13 96   14 24   15 46   16 73   17 13   18 40   19 79   20 22 
   1 25    2 95    3  6    4 96    5 55    6 20    7 75    8 10    9 56   10 19   11 26   12 72   13 78   14  2   15 85   16  5   17 92   18  1   19  8   20 38 
   1 72    2 97    3  7    4 67    5 84    6 87    7 27    8  6    9 48   10 47   11 72   12 37   13 67   14 44   15 98   16 52   17 81   18 75   19 35   20 23 
   1  7    2 37    3 35    4 91    5 54    6 13    7 75    8  4    9 29   10  4   11 19   12 42   13 58   14  4   15 53   16  5   17 43   18 39   19 60   20 82 
   1 93    2 14    3 85    4 61    5 92    6 48    7  7    8 49    9 17   10 52   11 68   12  2   13 81   14 70   15 37   16 81   17 81   18 41   19 52   20 46 
   1 97    2 61    3 82    4 81    5 65    6 61    7  5    8 11    9 46   10 65   11 59   12 46   13 64   14 89   15 74   16 67   17 61   18 77   19 22   20 19 
   1  5    2 30    3 79    4 94    5 16    6 47    7 18    8 92    9 82   10 39   11 67   12 14   13 81   14 39   15 44   16  7   17 88   18 37   19 72   20 39 
   1 20    2 40    3 85    4 48    5 80    6 27    7 98    8 53    9  9   10 73   11 56   12 13   13 70   14  6   15 81   16 69   17 29   18 20   19  6   20 95 
   1 67    2 52    3 65    4 73    5 37    6 69    7  9    8 62    9 27   10 64   11 87   12 57   13  9   14 71   15 85   16 94   17 37   18 73   19 77   20 60 
   1 67    2 63    3 80    4 65    5 13    6 91    7 77    8 15    9 12   10 48   11 97   12 14   13 85   14 48   15 84   16  2   17 52   18 42   19 47   20 93 
   1  8    2 65    3 81    4 63    5 34    6 63    7 67    8 59    9 37   10 34   11 77   12 17   13 19   14 54   15 54   16 12   17 52   18 89   19 60   20 62 
   1 46    2 72    3 34    4 84    5 40    6 10    7  5    8  9    9  5   10 42   11  7   12 11   13 29   14 68   15 58   16 49   17 61   18 37   19 19   20 60 
   1 16    2 91    3 28    4 26    5 13    6 12    7  4    8  8    9 42   10  3   11 72   12 87   13 28   14 52   15 35   16  2   17 13   18 15   19 71   20 97 
   1 27    2  3    3 69    4 12    5 39    6 89    7 12    8 15    9 80   10 97   11 13   12 12   13 89   14 20   15 30   16 53   17 58   18 52   19 67   20 35 
   1 96    2 97    3 12    4 41    5 60    6 53    7 66    8 67    9 78   10 72   11 10   12 78   13 78   14 76   15 85   16 11   17 38   18 48   19 35   20 52 
   1 31    2 56    3 18    4 26    5 49    6 69    7  5    8 26    9 91   10 51   11 62   12 23   13 27   14 21   15 60   16 78   17 58   18  8   19 57   20 53 
   1 55    2 23    3 17    4 26    5 18    6 85    7 56    8 46    9 11   10 50   11  8   12 62   13 75   14 59   15 27   16  5   17 99   18 55   19 99   20 70 
   1 16    2 74    3 25    4 92    5 10    6 32    7 56    8 79    9 22   10 40   11 53   12 52   13 88   14 27   15  8   16 64   17 90   18  9   19 51   20 73 
   1 96    2 97    3 70    4 19    5 72    6 22    7 85    8 50    9 72   10 70   11 51   12 89   13  9   14 84   15 82   16 79   17 36   18 49   19 48   20 50 
   1 61    2 80    3 10    4 74    5 46    6 56    7 28    8 78    9 20   10 93   11 11   12 33   13 99   14 66   15 87   16 15   17 31   18 56   19 46   20 55 
   1 64    2 97    3 20    4 43    5 34    6 19    7 60    8 48    9 36   10 22   11 30   12  1   13 44   14 49   15 19   16 79   17 36   18 69   19 10   20 16 
   1 84    2  7    3 37    4 10    5 34    6  6    7  6    8 19    9 67   10 86   11 62   12 10   13 50   14 74   15 10   16  8   17  6   18 43   19  7   20 49 
   1  6    2 74    3 50    4 79    5 78    6 75    7 43    8 46    9 84   10 43   11 74   12  7   13 36   14 98   15 77   16 59   17  9   18 69   19 60   20 65 
   1 47    2 59    3 73    4 96    5 73    6  1    7 74    8 70    9 42   10 58   11 57   12 52   13 91   14 60   15 75   16 31   17 83   18 37   19 10   20 84 
   1  4    2  4    3 41    4 22    5 79    6 95    7 43    8 83    9  9   10 37   11 33   12 68   13 98   14 29   15  7   16 33   17 99   18 84   19 51   20 66 
   1 32    2 99    3 11    4 93    5 46    6 85    7 28    8 48    9 98   10 34   11 99   12 72   13 82   14 77   15 83   16 47   17  7   18 18   19 90   20 69 
   1 35    2 74    3  3    4 76    5 27    6  7    7 99    8 88    9 67   10 79   11 25   12 29   13 37   14 19   15 23   16 39   17 59   18 44   19 60   20 47 
   1 89    2  1    3 15    4 52    5 33    6 79    7 21    8 62    9 74   10 54   11 22   12 31   13 74   14 62   15 94   16 28   17 59   18 36   19 65   20  2 
   1 22    2 45    3 19    4 48    5 80    6 78    7 67    8 19    9 34   10 12   11 53   12  2   13 65   14 23   15  3   16 88   17 42   18 92   19 93   20 64 
   1 59    2 45    3 33    4 23    5 12    6 79    7 67    8 81    9 25   10 76   11 10   12 10   13 74   14 56   15 10   16 49   17 25   18 73   19 76   20 12 
   1 77    2  7    3 14    4 43    5 49    6 21    7 21    8 51    9 57   10 58   11 21   12 56   13 61   14 61   15 53   16 77   17 44   18 27   19  4   20 32 
   1 59    2 66    3 49    4 67    5 33    6 55    7 26    8 56    9 67   10 63   11 64   12 21   13  1   14 89   15 63   16 92   17 99   18 15   19 36   20 91 
   1  4    2 56    3 97    4 95    5 30    6 17    7 96    8 25    9 59   10 50   11 51   12 22   13 80   14 49   15 74   16 10   17 27   18 96   19 67   20 73 
   1 15    2 15    3 47    4 37    5 98    6  6    7 19    8 37    9 12   10 41   11 39   12 60   13 94   14 69   15 33   16 92   17 93   18 67   19 61   20 94 
   1  6    2  1    3 31    4 44    5 99    6 84    7 80    8 70    9 89   10 67   11 30   12 99   13 66   14 60   15 96   16 10   17 50   18 35   19 67   20 19 
   1 80    2 17    3 30    4 65    5 17    6 65    7 61    8 20    9 19   10 38   11 86   12 53   13 17   14 73   15  6   16 71   17 35   18 78   19 13   20 64 
   1 19    2 60    3 30    4  9    5 64    6 99    7 10    8 94    9 50   10 76   11 88   12 17   13 66   14 52   15 20   16 65   17 28   18 14   19 49   20 87 
   1 53    2 69    3 57    4 36    5 27    6 82    7 63    8 37    9 71   10 19   11 58   12 15   13 31   14 97   15 87   16 43   17 91   18 83   19 94   20 96 
   1 38    2 27    3 15    4  7    5 39    6 79    7 53    8  4    9 14   10 75   11  1   12 90   13 67   14 40   15 25   16 77   17 16   18 44   19  2   20  4 
   1 70    2 61    3 59    4 70    5 51    6 24    7  4    8 61    9 15   10  8   11 63   12 11   13 72   14 53   15 54   16 54   17 43   18 60   19 17   20 29 
   1 47    2 99    3 10    4 75    5 98    6 95    7 56    8 36    9 16   10 67   11 99   12 38   13 79   14 78   15 23   16 14   17 17   18 83   19 15   20 81 
   1 23    2 18    3 52    4 10    5 27    6 31    7 56    8 75    9 46   10 69   11 64   12 28   13 13   14 24   15 84   16 69   17 70   18 35   19 54   20 85 
   1 60    2 63    3 70    4  5    5 42    6 61    7 86    8 73    9 55   10 61   11 13   12 61   13 89   14 97   15 38   16  7   17 99   18 85   19 92   20 15 
   1 40    2 80    3 79    4 78    5 76    6 10    7 89    8 93    9 27   10  4   11 97   12 15   13  3   14 83   15 10   16 73   17 50   18 74   19 54   20 16 
   1 29    2 58    3 52    4 94    5 94    6 97    7 68    8  4    9 46   10 15   11 88   12 70   13  7   14 80   15 97   16 58   17 29   18 72   19 74   20 21 
   1 93    2 23    3 23    4 98    5 40    6 14    7 87    8 51    9 68   10 63   11 96   12 74   13  5   14 24   15 47   16 23   17 51   18 95   19 17   20 59 
   1 95    2 51    3 28    4  5    5 48    6 24    7 32    8 37    9 40   10 80   11 66   12 47   13 25   14  9   15 53   16 16   17 68   18 28   19 97   20 65 
   1 43    2 84    3 83    4  7    5  7    6 47    7 15    8 22    9 81   10 15   11 24   12 56   13 94   14 32   15 41   16 73   17 93   18 78   19 32   20 95 
   1 34    2  9    3 73    4 30    5 12    6 83    7 46    8  2    9 91   10 89   11 22   12  2   13 69   14 95   15 22   16 60   17  3   18  6   19 33   20 91 
   1 33    2 89    3 67    4 86    5 73    6 87    7 86    8 72    9 63   10 65   11 28   12 89   13  1   14 18   15 52   16 26   17 31   18 70   19 94   20 75 
   1  9    2 69    3 57    4 49    5 55    6 68    7 39    8 36    9 13   10 21   11 99   12 18   13 72   14 34   15 82   16 13   17 12   18 11   19 51   20 24 
   1 97    2 45    3 68    4 51    5 53    6 16    7 90    8  1    9 84   10 25   11 24   12 91   13 69   14 76   15  9   16 54   17 56   18 59   19  9   20 53 
   1 60    2 19    3 83    4 99    5 40    6  3    7 43    8 92    9 39   10 41   11 46   12  7   13 91   14 44   15  5   16 25   17 33   18  9   19 81   20 11 
   1 79    2 57    3 12    4 81    5 97    6 95    7 35    8 95    9 60   10 69   11 22   12  1   13 76   14 68   15 86   16 41   17 63   18 79   19 86   20 25 
   1 17    2 82    3 89    4 48    5 84    6 60    7 61    8 51    9 98   10 32   11 96   12 58   13 77   14 41   15 59   16 48   17 44   18 13   19  1   20 79 
   1 74    2 83    3 82    4 25    5 76    6 45    7 94    8 58    9 54   10 54   11 77   12 53   13 19   14 35   15 62   16 52   17 14   18 49   19 38   20 77 
   1 43    2 62    3  8    4 89    5 32    6 16    7 19    8 29    9 98   10 29   11 64   12 59   13 90   14 32   15 51   16 74   17 67   18 94   19 67   20 80 
   1 41    2 56    3  7    4 85    5 59    6 51    7 28    8 48    9 53   10 81   11 91   12 87   13 53   14 93   15 48   16 53   17 15   18 76   19 38   20 64 
   1 88    2  3    3 81    4 54    5 37    6  7    7 11    8 59    9 64   10  7   11 15   12  4   13 57   14 78   15 56   16 41   17 80   18 65   19  6   20 39 
   1 59    2 10    3  2    4 13    5 59    6 69    7 86    8 86    9 42   10 66   11 66   12 10   13 80   14 13   15 40   16 63   17 78   18 84   19 10   20  8 
   1 88    2 73    3 31    4 22    5 90    6 62    7 38    8  8    9 33   10 15   11 15   12 75   13 16   14 88   15 56   16 23   17 89   18 58   19 41   20 90 
   1 33    2  2    3 90    4  6    5 24    6 35    7 37    8 94    9 84   10 94   11 34   12 34   13 33   14 83   15 86   16 39   17 67   18 18   19 49   20 32 
   1  5    2 65    3 77    4 35    5 50    6 34    7 92    8 66    9 15   10 31   11 84   12 78   13 31   14 58   15 76   16 76   17 95   18 25   19 46   20 65 
   1 97    2 24    3 45    4 21    5 68    6 31    7 30    8 41    9 77   10 96   11 97   12 61   13 58   14 74   15 42   16 43   17 89   18 43   19 65   20 49 
   1 55    2 76    3 25    4 59    5 32    6 26    7 18    8  2    9 42   10 24   11 71   12 22   13 82   14 56   15 13   16 19   17  9   18 48   19 12   20 71 
   1 41    2 52    3  1    4 91    5 23    6 82    7 75    8 20    9 17   10 67   11 16   12 90   13 37   14  6   15 78   16 75   17  9   18 66   19 57   20 52 
   1 12    2 69    3  9    4 36    5 91    6 25    7 62    8 37    9 10   10 96   11 18   12 26   13  2   14 48   15 48   16 45   17  4   18 69   19  9   20 75 
   1 92    2 55    3 50    4 35    5 10    6 34    7 25    8 40    9 42   10 69   11 52   12 34   13 79   14  1   15 91   16 99   17 85   18 93   19 96   20 49 
   1 27    2 47    3 75    4 32    5 23    6 89    7 91    8 71    9 61   10 32   11 68   12 34   13  4   14 53   15 64   16  4   17  4   18 92   19 50   20  5 
   1 15    2 50    3 77    4 96    5 74    6 10    7 20    8 94    9 83   10 66   11 87   12 87   13 60   14 25   15 18   16  8   17 29   18 58   19 91   20 29 
   1 64    2  7    3 68    4 10    5 32    6  3    7 27    8 59    9 34   10 71   11 58   12 94   13 30   14  9   15 55   16 72   17 59   18 29   19 87   20 50 
   1 22    2 81    3 80    4 86    5 93    6 98    7 94    8 72    9 45   10 79   11 83   12 26   13 46   14 91   15 35   16 34   17 38   18 19   19 81   20 16 
   1  7    2 47    3 87    4 35    5 65    6 64    7  6    8 20    9 64   10 76   11 72   12 16   13 14   14 66   15  9   16 28   17 77   18  9   19 90   20 49 
   1 36    2 34    3 58    4 40    5 12    6 93    7 46    8 31    9 65   10 79   11 30   12 67   13 73   14 33   15 54   16  3   17 46   18 17   19 33   20 50 
   1 12    2 62    3 73    4 88    5 15    6 29    7 81    8 33    9 55   10 27   11 68   12 49   13 81   14 74   15 59   16 69   17 64   18 58   19 11   20 51 
   1 92    2 74    3 93    4 33    5  9    6 34    7 11    8 50    9 23   10 52   11 16   12 30   13  9   14 84   15 83   16 53   17  9   18 26   19 37   20  9 
   1 64    2 17    3 52    4 56    5 34    6 92    7 78    8 47    9 79   10 77   11 16   12 88   13 44   14 67   15 43   16 98   17 54   18 32   19 44   20 40 
   1  3    2 45    3 51    4 35    5 49    6 56    7 57    8  2    9 29   10 53   11 23   12 57   13 27   14 82   15 20   16  3   17 54   18 39   19 76   20  9 
   1 46    2 89    3 62    4  3    5 69    6 25    7 45    8 29    9 44   10 29   11  2   12 89   13 74   14 88   15  2   16 61   17 24   18 59   19 89   20 99 
   1 92    2 31    3 89    4  2    5 67    6 13    7 97    8 44    9 57   10 94   11 97   12 29   13 26   14 51   15 30   16 62   17 38   18 52   19 33   20 79 
   1 46    2 40    3 81    4 85    5 80    6 15    7 70    8 17    9 80   10 84   11 73   12 17   13 53   14 98   15 50   16  1   17 62   18 87   19 98   20 75 
   1 19    2 47    3 41    4 26    5 29    6 83    7 44    8 43    9 80   10 65   11 36   12  4   13 17   14 50   15 59   16 51   17 72   18 99   19  9   20 42 
   1 63    2 79    3 90    4 90    5 54    6 35    7 85    8 45    9 54   10 79   11 40   12 79   13 21   14  8   15 48   16 33   17 44   18 75   19  5   20 19 
   1 28    2 98    3 62    4  8    5 12    6 73    7 18    8 49    9 72   10  6   11 84   12 74   13 17   14 82   15 35   16 44   17 98   18 41   19 55   20 45 
   1 18    2 56    3 91    4 20    5 65    6 94    7 46    8 95    9 86   10 77   11 59   12 46   13 37   14 97   15 97   16 54   17 49   18 14   19 44   20 94 
   1 25    2  3    3 31    4 50    5 59    6 33    7 17    8 82    9 92   10 86   11 70   12 97   13 75   14 27   15 49   16 44   17 47   18 45   19  4   20 99 
   1 87    2 53    3 53    4 46    5  4    6 59    7 59    8 75    9 60   10  3   11 22   12 56   13 62   14 62   15 83   16 45   17 44   18 57   19 69   20 27 
   1 88    2 90    3 65    4 96    5 96    6 45    7 78    8 28    9 57   10  8   11 12   12 72   13 78   14 38   15 11   16 93   17 97   18 10   19 77   20  3 
   1 20    2 93    3 32    4 76    5 74    6 57    7 48    8 94    9 89   10 37   11 80   12 54   13 63   14 99   15 63   16 91   17 84   18 58   19 68   20 20 
   1 77    2 68    3 96    4 84    5 64    6 24    7 54    8 63    9 56   10 73   11 96   12 89   13 80   14 72   15 27   16 52   17 37   18 21   19 72   20 86 
   1 30    2 65    3 30    4 19    5 78    6 32    7 81    8 35    9 70   10 90   11 40   12  7   13 80   14 53   15 17   16 97   17 85   18 75   19 49   20 98 
   1 49    2 74    3  2    4 78    5 16    6 29    7 20    8 29    9 55   10 25   11 73   12 58   13 53   14 18   15 50   16 62   17  5   18 18   19  7   20 44 
   1 22    2 15    3 69    4 73    5 54    6 78    7 88    8  2    9  1   10 22   11 95   12 40   13 79   14 15   15 23   16 88   17 45   18 21   19 16   20 44 
   1 71    2 54    3 20    4 21    5 20    6 82    7 23    8  8    9 22   10 99   11 72   12 83   13 29   14 26   15 86   16 58   17 86   18  1   19 98   20  8 
   1 36    2 77    3 81    4 20    5 25    6 76    7 39    8 45    9 54   10  4   11 83   12 74   13 16   14 89   15 61   16 90   17 56   18 93   19  2   20 95 
   1 96    2 72    3 68    4 85    5 94    6 49    7  1    8 71    9 48   10 19   11 92   12 50   13 65   14 16   15  7   16 90   17  2   18 64   19 57   20 26 
   1 56    2 67    3 44    4 92    5 95    6 21    7 75    8 54    9 54   10 63   11 37   12 81   13  2   14 73   15 98   16 42   17  3   18 16   19 86   20 16 
   1 50    2 11    3 39    4 18    5  6    6 72    7 12    8 24    9 14   10 86   11 72   12 11   13 42   14 26   15 40   16 49   17 23   18 62   19  4   20 56 
   1 94    2 91    3 86    4 16    5 52    6  9    7 72    8 56    9 72   10 81   11 17   12 12   13 16   14  2   15 65   16 36   17 50   18 14   19 80   20 97 
   1 29    2 69    3 30    4 98    5 95    6 17    7 50    8  5    9 72   10 74   11 66   12 74   13 72   14 31   15 45   16 15   17  6   18 96   19 55   20 67 
   1  8    2 92    3 85    4 53    5 20    6 83    7 15    8  4    9 89   10 32   11 60   12 51   13 11   14 45   15 26   16 15   17 68   18 89   19 90   20 64 
   1 31    2 74    3 89    4 92    5 54    6 58    7 85    8 51    9 31   10 97   11 62   12 35   13 45   14 29   15 72   16 78   17 30   18 83   19 15   20 93 
   1  8    2 96    3 45    4 63    5 25    6 31    7 13    8 55    9 37   10 26   11 55   12 10   13 34   14 98   15 25   16 81   17 45   18 13   19 57   20 28 
   1 43    2 20    3 85    4 56    5 62    6 57    7 17    8 60    9 60   10 95   11 32   12 97   13 43   14 31   15 40   16 52   17 68   18 11   19 56   20 93 
   1 29    2  7    3 96    4 87    5 54    6 38    7 68    8 71    9 39   10 85   11 63   12 32   13 93   14 70   15 96   16 94   17 55   18 20   19 41   20 35 
   1 55    2 12    3 32    4 79    5  1    6 70    7 81    8 58    9 62   10 57   11 88   12 35   13 51   14 51   15 21   16  7   17 70   18 83   19 57   20 32 
   1 27    2 70    3 43    4 81    5 59    6 63    7 18    8 18    9 57   10 91   11 83   12 22   13 89   14 61   15 83   16 81   17 45   18 46   19 79   20 50 
   1 50    2 23    3 57    4 50    5 49    6 28    7 56    8 87    9 27   10 63   11 12   12 83   13  3   14 49   15 14   16 66   17 64   18 37   19  6   20  7 
   1 12    2 41    3 56    4 62    5 94    6 32    7 92    8 97    9 58   10 38   11 99   12 77   13 28   14  6   15 44   16 90   17 67   18 36   19 70   20 14 
   1 18    2 28    3 47    4 13    5 80    6 60    7 35    8  3    9 60   10 29   11 42   12 85   13 40   14 40   15 73   16 89   17  5   18 99   19 59   20 38 
   1 76    2 42    3  3    4 35    5 55    6  9    7 70    8 14    9 16   10 67   11 20   12 57   13 54   14 60   15 59   16 49   17 16   18 67   19 18   20 68 
   1 21    2  5    3 97    4 36    5 11    6 93    7 59    8  7    9 90   10 39   11 44   12 72   13 98   14 46   15 98   16 36   17 62   18  9   19 48   20 68 
   1 35    2 32    3 35    4 97    5 21    6 34    7 81    8 57    9 98   10 38   11 82   12 14   13 74   14 44   15 17   16 98   17 87   18  6   19 98   20 43 
   1 58    2 18    3 47    4 14    5 10    6 81    7 42    8 97    9 53   10 60   11 51   12  4   13  3   14 86   15 92   16 44   17 89   18 80   19 28   20 34 
   1 12    2 92    3  1    4  5    5 47    6 53    7 52    8  8    9 97   10 38   11 48   12 60   13 68   14 19   15 59   16 87   17  1   18 56   19 60   20 45 
   1  8    2 55    3 66    4 68    5 29    6 61    7 91    8 83    9 71   10 68   11 55   12 59   13 56   14 55   15 82   16 60   17 23   18 95   19 89   20 31 
   1 21    2 89    3 12    4 24    5 98    6 19    7 98    8 53    9 34   10 91   11 19   12 54   13 46   14 80   15 70   16 32   17 11   18  7   19 76   20 99 
   1 33    2 62    3  2    4 91    5 29    6 77    7 38    8 64    9 80   10 16   11 84   12 13   13 73   14 60   15 32   16 85   17 27   18  3   19 61   20 56 
   1 70    2 14    3 54    4 84    5 37    6 98    7 44    8 72    9 99   10 37   11 42   12 88   13 23   14 63   15 10   16 28   17 94   18 79   19  5   20 50 
   1 16    2 69    3 86    4 66    5 15    6 40    7  7    8 38    9 68   10 91   11 81   12 23   13 45   14 90   15 61   16 23   17 56   18 71   19 13   20 75 
   1 95    2  6    3 20    4 71    5  6    6 31    7 74    8 55    9 78   10 72   11 80   12 97   13 51   14 77   15 70   16 72   17 65   18 42   19  9   20 12 
   1 53    2 78    3 27    4 64    5  5    6 52    7 59    8  5    9 19   10 16   11 72   12 40   13 27   14 20   15 38   16 38   17 43   18 70   19 65   20  4 
   1 27    2 87    3 85    4 29    5  4    6 87    7  5    8 29    9 52   10 33   11 25   12 27   13  9   14 76   15 55   16 48   17 72   18 81   19 85   20 49 
   1 21    2 39    3 28    4  4    5 56    6 56    7 95    8 79    9 37   10 18   11 35   12 44   13 45   14 58   15 72   16 30   17 56   18  4   19 92   20 30 
   1 15    2  5    3 46    4 18    5 62    6 78    7  3    8 53    9 56   10 23   11 22   12 75   13 55   14 60   15 89   16 42   17 15   18 30   19 80   20 83 
   1 17    2 96    3 52    4 81    5 94    6 44    7 57    8 91    9 98   10 57   11 50   12 53   13 96   14 69   15 74   16 84   17 43   18 53   19 72   20 63 
   1 72    2 51    3 86    4 50    5 96    6 35    7 31    8 75    9 98   10 11   11 69   12 94   13 41   14 26   15 30   16 22   17 78   18 73   19  5   20 59 
   1  4    2 80    3 68    4 89    5 23    6 17    7 61    8  1    9 83   10 49   11 30   12 83   13 27   14 86   15  9   16 50   17 54   18 50   19 99   20 47 
   1 72    2 64    3 66    4 43    5 85    6 26    7 84    8 87    9 58   10 44   11 29   12 84   13 24   14 42   15 64   16 87   17 94   18 45   19 13   20 43 
   1 48    2 73    3 78    4 44    5 42    6 54    7 34    8 94    9 20   10 49   11 94   12 48   13  2   14 27   15 52   16 69   17 21   18 74   19 52   20 91 
   1 50    2 24    3 30    4 71    5 35    6 56    7 67    8 59    9 36   10 94   11 18   12 46   13  1   14 67   15 26   16  8   17 62   18 14   19 62   20 16 
   1 68    2 95    3 98    4 82    5 11    6 69    7 32    8 41    9 89   10 13   11 98   12 80   13 16   14 88   15 64   16 58   17 59   18 38   19 87   20  1 
   1 91    2 35    3 91    4 70    5 48    6 19    7 18    8  8    9 23   10 80   11 81   12 65   13  2   14 67   15 67   16 34   17 27   18 12   19 76   20 24 
   1 86    2 57    3 80    4 73    5 83    6 46    7 89    8 93    9 18   10 10   11 87   12  7   13 16   14 76   15 98   16 89   17  3   18 77   19 68   20 75 
   1 66    2 28    3 30    4 28    5 95    6 79    7 37    8 64    9 76   10 61   11 36   12 84   13 50   14 38   15 44   16  2   17 61   18 26   19 22   20 90 
   1 12    2 69    3 47    4 14    5 45    6 96    7 30    8  6    9 29   10 72   11 51   12 92   13 68   14 42   15 31   16 14   17  7   18 96   19 49   20 73 
   1 56    2 92    3  6    4 13    5 29    6 67    7 42    8 32    9 50   10 43   11 45   12 88   13 56   14 64   15 55   16  6   17 56   18 73   19 90   20 98 
   1 22    2 11    3 37    4 13    5 37    6 81    7  6    8 53    9 84   10 41   11 32   12 15   13 88   14 18   15 35   16 90   17 22   18 23   19  8   20 63 
   1 72    2  4    3 49    4 23    5 39    6 85    7 94    8 77    9 42   10 56   11 74   12 27   13 82   14 73   15 76   16 76   17 86   18 91   19 36   20 86 
   1 13    2 85    3 78    4 59    5 91    6 82    7 46    8 58    9 93   10 80   11 50   12 95   13 46   14  6   15 71   16 91   17 13   18 67   19  5   20 22 
   1 46    2 89    3 40    4 56    5 33    6 15    7 79    8 82    9 16   10 12   11 86   12 50   13 66   14 90   15 40   16 54   17 56   18 91   19 12   20  6 
   1 75    2 81    3 99    4 58    5 85    6 64    7 89    8 31    9  7   10 85   11  1   12 94   13 57   14 15   15 86   16 50   17 21   18 74   19 24   20 46 
   1 79    2 77    3 36    4 56    5 50    6 73    7 83    8 97    9 12   10 40   11 57   12 69   13 58   14 63   15 54   16 76   17  9   18 60   19 91   20  6 
   1 72    2 17    3 79    4 73    5 46    6  2    7 90    8 42    9 79   10 75   11  3   12 31   13 14   14 21   15 92   16 30   17 81   18 54   19 92   20 97 
   1 91    2 44    3 29    4 26    5 96    6 76    7 81    8 56    9 24   10 95   11 68   12 81   13 13   14 13   15 16   16 60   17 65   18 90   19 90   20 47 
   1 36    2 39    3 36    4  5    5 33    6 55    7 18    8 92    9 56   10 89   11 45   12 68   13 38   14 79   15 37   16 95   17 52   18 54   19 27   20 45 
   1 47    2 60    3 20    4  5    5 49    6 81    7 79    8 58    9 99   10 97   11 63   12 45   13 20   14  8   15 29   16 59   17  2   18 46   19 81   20 11 
   1 91    2 59    3  8    4  4    5 40    6 57    7 52    8 36    9 69   10 21   11 18   12 51   13 49   14 34   15 97   16 59   17 30   18 89   19 37   20  3 
   1 78    2 60    3 82    4 53    5 74    6 72    7 51    8 35    9 75   10 88   11 94   12 30   13 32   14 54   15  6   16 93   17 82   18 83   19 61   20 33 
   1 95    2 55    3 14    4 94    5 98    6  8    7  3    8 70    9 20   10 10   11 10   12 92   13 76   14 35   15 88   16 24   17  2   18 65   19 24   20 87 
   1 56    2 75    3 89    4 67    5 40    6  9    7 42    8 84    9 35   10 65   11 59   12 31   13 78   14 73   15 85   16 63   17 67   18 39   19 45   20 10 
   1 68    2 76    3 99    4 31    5 27    6  2    7 89    8 49    9  8   10 63   11 21   12 80   13  9   14 20   15 83   16 79   17 47   18 24   19 74   20 39 
   1 67    2 95    3 80    4 44    5 36    6 34    7 96    8 59    9 26   10 75   11 40   12 60   13 33   14 44   15 71   16 86   17 38   18 75   19  8   20 86 
   1 20    2 53    3 75    4 31    5 75    6 21    7 78    8 24    9 78   10 81   11 81   12 81   13 45   14 87   15  2   16 12   17 36   18 50   19 66   20 97 
   1 66    2  2    3 96    4 18    5 61    6 11    7 38    8 12    9 59   10  6   11 35   12 19   13 47   14  7   15 55   16 98   17 90   18 47   19 28   20 42 
   1 85    2 42    3 11    4 37    5 86    6 41    7 93    8 52    9 40   10 66   11 80   12 94   13 62   14 53   15 57   16 70   17  4   18 59   19 43   20 61 
   1 80    2 48    3 64    4 84    5 89    6 61    7 35    8 20    9 49   10 50   11  9   12 81   13 82   14 26   15 72   16 22   17 40   18 98   19 87   20 26 
   1 99    2 76    3 85    4  5    5 70    6 70    7  1    8  9    9 79   10 28   11 40   12 20   13 60   14 72   15 97   16 14   17  9   18 49   19 41   20 35 
   1 29    2 16    3 37    4 13    5 31    6 20    7 19    8 93    9 99   10 64   11  6   12 87   13 51   14 95   15 72   16 21   17 89   18 17   19 16   20 57 
   1  6    2 70    3 42    4 95    5 53    6 41    7 66    8 45    9 59   10 91   11 40   12 98   13 62   14 87   15 31   16 40   17 79   18 93   19  1   20 67 
   1 34    2 43    3 65    4 88    5 72    6 11    7 11    8 22    9 47   10 28   11 39   12 15   13 88   14 69   15  6   16 14   17  7   18 77   19 73   20 99 
   1 92    2 89    3  5    4 88    5 49    6 72    7 58    8  4    9 94   10 15   11 41   12 46   13 61   14 87   15 75   16 71   17 44   18 55   19 35   20 38 
   1 57    2 69    3  4    4 41    5 92    6  3    7 32    8 27    9 52   10  5   11 36   12 91   13 68   14 82   15 76   16 83   17 19   18 98   19 35   20 84 
   1 12    2 34    3 55    4 23    5 63    6 88    7 50    8 34    9 42   10 75   11 25   12  9   13 78   14 23   15 52   16 73   17 19   18 47   19 28   20 88 
   1 72    2 70    3 98    4 37    5 72    6 32    7 40    8 36    9 26   10 61   11  1   12 10   13 20   14 37   15  1   16 87   17 86   18 70   19 80   20 66 
   1 94    2 96    3  7    4 17    5 89    6 36    7 78    8 66    9 14   10  4   11 61   12 85   13 10   14 98   15 65   16 20   17 47   18 69   19 12   20  2 
   1  6    2 99    3  6    4 30    5 71    6 17    7 65    8 74    9 66   10 10   11  9   12 55   13 73   14 11   15 82   16 61   17 46   18 95   19 56   20 96 
   1 75    2 48    3  2    4 27    5 15    6 92    7 92    8 14    9 70   10 72   11 56   12 13   13 76   14 57   15 36   16 38   17 13   18 10   19 49   20 34 
   1  1    2 60    3 97    4 17    5 29    6 70    7 33    8 55    9 92   10 40   11 44   12 46   13 55   14 42   15 10   16 24   17 29   18 94   19 11   20 81 
   1  9    2 64    3 39    4 36    5 50    6 12    7 79    8 82    9 29   10 58   11 14   12 92   13 23   14 40   15 41   16 22   17  1   18 42   19 67   20 87 
   1 74    2 62    3 62    4 23    5 62    6 22    7 26    8 97    9  2   10 15   11 74   12 88   13 59   14 23   15 98   16 49   17  7   18 59   19 64   20  9 
   1 57    2 31    3 40    4 39    5 96    6  8    7  4    8 24    9 22   10 70   11 48   12 29   13 63   14 69   15 59   16 34   17 99   18 20   19 12   20 62 
   1 97    2 49    3 86    4 61    5 99    6  7    7 73    8 25    9 14   10 50   11 21   12 36   13 51   14 35   15 52   16 78   17 61   18 25   19 72   20 62 
   1 56    2 95    3 99    4 94    5 64    6 40    7 84    8 12    9 48   10 27   11 42   12 59   13 79   14 24   15 55   16 62   17 38   18 10   19 44   20 14 
   1 73    2 23    3 20    4 44    5 75    6  4    7 61    8 36    9 19   10 13   11 63   12 93   13 18   14 93   15 43   16 17   17 31   18 94   19 71   20 91 
   1 37    2 65    3 16    4 20    5 92    6 59    7 60    8 35    9 85   10 83   11 20   12 35   13 96   14 84   15 83   16 47   17 48   18 12   19 38   20  7 
   1 58    2 10    3 91    4 92    5 30    6 16    7 24    8 74    9 61   10 78   11 62   12 88   13 72   14 43   15 78   16 49   17  8   18 93   19 72   20 60 
   1 20    2 51    3 28    4 85    5 98    6 65    7 73    8 24    9 88   10 98   11 22   12 15   13 31   14 21   15 62   16 10   17 19   18 82   19 91   20 68 
   1 62    2 29    3  9    4 14    5 40    6 35    7 73    8 63    9 57   10 93   11 67   12 79   13 96   14 29   15 85   16 76   17  5   18 40   19  4   20 12 
   1 99    2 63    3  5    4 69    5 35    6 40    7 22    8 36    9 53   10  8   11 15   12 15   13 42   14 45   15 67   16 61   17 36   18 81   19 34   20  9 
   1 62    2  7    3 23    4 29    5 94    6 12    7 57    8  7    9 35   10 69   11  2   12 23   13 64   14  4   15 44   16 87   17 79   18 93   19 88   20 93 
   1 71    2 28    3 24    4 19    5  6    6 85    7 21    8 96    9 91   10 43   11 53   12 50   13 22   14 25   15 96   16 17   17 16   18 30   19 65   20 95 
   1 89    2 72    3 34    4  5    5 29    6 30    7  5    8 37    9 55   10 76   11 14   12 22   13 18   14  7   15 11   16 60   17 86   18 86   19 27   20 92 
   1 48    2 63    3 42    4 57    5 56    6 26    7 29    8 38    9 69   10 64   11 49   12 92   13 93   14 52   15 90   16 64   17 89   18  2   19 17   20 54 
   1 69    2 63    3 68    4 13    5 94    6 61    7 72    8 36    9 41   10 56   11 58   12 61   13 42   14 53   15 16   16 72   17 80   18 52   19 63   20 65 
   1 96    2 40    3 76    4 91    5 19    6 33    7  4    8  6    9 86   10 99   11 43   12 42   13 84   14 78   15 62   16 66   17 51   18 95   19 17   20 26 
   1 96    2 39    3  7    4  8    5 70    6 81    7 34    8 98    9  8   10 30   11 51   12 86   13 74   14 91   15  6   16 54   17 19   18 91   19 32   20 77 
   1 55    2 48    3 53    4 82    5  4    6 72    7 71    8  8    9 43   10 15   11 97   12 72   13 36   14 57   15 32   16 79   17 96   18 48   19 59   20 54 
   1 51    2  1    3 27    4 88    5 27    6 17    7 20    8 90    9 39   10 81   11 30   12 41   13 92   14 10   15 15   16 43   17 57   18 54   19 15   20 29 
   1 56    2 67    3  1    4 67    5 73    6  4    7 87    8  1    9 66   10 36   11 61   12 27   13 69   14 27   15 25   16 76   17 79   18  6   19 71   20 38 
   1 32    2 42    3 83    4 26    5 58    6  8    7 43    8 48    9 68   10 95   11  1   12 42   13 53   14 27   15 88   16 42   17 45   18  3   19 12   20 62 
   1 98    2  6    3 61    4 40    5 46    6 27    7 21    8 74    9  6   10 74   11 45   12 28   13 14   14 18   15 43   16 14   17  8   18 10   19 42   20 70 
   1 13    2 75    3 99    4 51    5 73    6  8    7 31    8 15    9 24   10 26   11 43   12 15   13 28   14 45   15  2   16 32   17 77   18 91   19 20   20 57 
   1  8    2 65    3 78    4 56    5 31    6 68    7 44    8 68    9 44   10 85   11 38   12 81   13 28   14 59   15 62   16 28   17 79   18 14   19 18   20 34 
   1 75    2 90    3  7    4 93    5 55    6 62    7 38    8 53    9 36   10 49   11 79   12 51   13  6   14  4   15 97   16 53   17 12   18 18   19 12   20 69 
   1 96    2 90    3 97    4 93    5 11    6  1    7 60    8 22    9  8   10 95   11 33   12 79   13 82   14 20   15 86   16 68   17 42   18 68   19  5   20  6 
   1 92    2  4    3 39    4 83    5 58    6 78    7 64    8 21    9 87   10 14   11 84   12 89   13 23   14 72   15 44   16 23   17 50   18 38   19 41   20 40 
   1  9    2 53    3 19    4 74    5 48    6 95    7 61    8 51    9 66   10 73   11 44   12 76   13 57   14 95   15  4   16 20   17 42   18 22   19 29   20 44 
   1 35    2 39    3 59    4 63    5 23    6 84    7 91    8 59    9 11   10 47   11 62   12 25   13 68   14 66   15 71   16 96   17  8   18 55   19  8   20 19 
   1 81    2 35    3 11    4 38    5 49    6 39    7 80    8 63    9 29   10 83   11 61   12 34   13 81   14 78   15 79   16 20   17 88   18 60   19  5   20 25 
   1  6    2 95    3 52    4 18    5 95    6 35    7 39    8 13    9 49   10 75   11 63   12 84   13 99   14 24   15 80   16 30   17 91   18 28   19  3   20 98 
   1  7    2  6    3 60    4 47    5 12    6 56    7 12    8 38    9  1   10 24   11 39   12 27   13 92   14 23   15 71   16 29   17 53   18 50   19 25   20 85 
   1 81    2 16    3 79    4 10    5 62    6 31    7 77    8 23    9 72   10 97   11 79   12 45   13  9   14 84   15 94   16 32   17 15   18  9   19 48   20 67 
   1 18    2 69    3 13    4  9    5 44    6 83    7 74    8 38    9 39   10  5   11 75   12 71   13 21   14 33   15  2   16 66   17 95   18 27   19 45   20 30 
   1 77    2 92    3 73    4 47    5 34    6  3    7 19    8 68    9 88   10 33   11 57   12 67   13 68   14 18   15 70   16 85   17 23   18 27   19  4   20 50 
   1 15    2 30    3 60    4 92    5 73    6 38    7  8    8 23    9 10   10 37   11 92   12 63   13 25   14 25   15 58   16 82   17 12   18  5   19 55   20 23 
   1 67    2 81    3 39    4 85    5 80    6  1    7 89    8 76    9 86   10 29   11 34   12 72   13 43   14 48   15 50   16 27   17 36   18 44   19 12   20 29 
   1 62    2 20    3 57    4 99    5 50    6 25    7 49    8 26    9 33   10 93   11  7   12  2   13 13   14 11   15 80   16 84   17 84   18 91   19 49   20 91 
   1 54    2 15    3 67    4 35    5 60    6 56    7 43    8 41    9 10   10 18   11 48   12 62   13 80   14 86   15 77   16 91   17 85   18 32   19 56   20 20 
   1 39    2 49    3 51    4 51    5 10    6 95    7 33    8 80    9 24   10 83   11 38   12 93   13 28   14 64   15 12   16 88   17 72   18 10   19 19   20 99 
   1 93    2 50    3 60    4 18    5 54    6  2    7 47    8 86    9 76   10  6   11 69   12 23   13 56   14 11   15 85   16 33   17 88   18  5   19 76   20 39 
   1 58    2 47    3 56    4 68    5 51    6  5    7 77    8  4    9 68   10  7   11 13   12 86   13  2   14 41   15 18   16 73   17 16   18  1   19 70   20 91 
   1 21    2  9    3 85    4 43    5 96    6 86    7 33    8 52    9 21   10 65   11 75   12 21   13 45   14 78   15 79   16 58   17 13   18 78   19 50   20 97 
   1 12    2 97    3 76    4 53    5 36    6 48    7  6    8  9    9 37   10 31   11 28   12 60   13 80   14 73   15 34   16 23   17 41   18 18   19 91   20 35 
   1  5    2 92    3 53    4 40    5 15    6 28    7 98    8 60    9 97   10 76   11 65   12 18   13 21   14 45   15 46   16 70   17 85   18 90   19 15   20 80 
   1 51    2 22    3 75    4 16    5 72    6  8    7 83    8 30    9 16   10 28   11 72   12 27   13 89   14 85   15 79   16 92   17 50   18 51   19 96   20 82 
   1 73    2 76    3 44    4 89    5  1    6 11    7 57    8 35    9 50   10 78   11 95   12 47   13 60   14  5   15 37   16 59   17 31   18 14   19 80   20 36 
   1 97    2 91    3 95    4 91    5 58    6 53    7 61    8 65    9 96   10 14   11 63   12 47   13  9   14 39   15 68   16 53   17 49   18  1   19 38   20 27 
   1 17    2 55    3 81    4 92    5 44    6 82    7 71    8  7    9 75   10 39   11 35   12 92   13 44   14 57   15  2   16 19   17 71   18 26   19 85   20 96 
   1 47    2 50    3 56    4 94    5 98    6 77    7 59    8 77    9 97   10 95   11 82   12 56   13 92   14 16   15 98   16 63   17 19   18 66   19 86   20 52 
   1 95    2 57    3 57    4  4    5 60    6 66    7 69    8  1    9 25   10 18   11 61   12 29   13 63   14  5   15  3   16 68   17 23   18 81   19 41   20 19 
   1 75    2 58    3 31    4 71    5 66    6 68    7 76    8 39    9 28   10 88   11 83   12 54   13 28   14 86   15 80   16 53   17 14   18 82   19 35   20 84 
   1 22    2 62    3 24    4 82    5 53    6  4    7 22    8 41    9 43   10 65   11 68   12 85   13 78   14 77   15 25   16 52   17 75   18 67   19 89   20  8 
   1 56    2 82    3 51    4 70    5 26    6 67    7 11    8  9    9 49   10  3   11 49   12 94   13 38   14 85   15 79   16  8   17 26   18 51   19 61   20 32 
   1 97    2 84    3 24    4 81    5 25    6 48    7 80    8 36    9  4   10  8   11 82   12 20   13 44   14 94   15 48   16 22   17 53   18 45   19 72   20 68 
   1 52    2 44    3 15    4 24    5 20    6 88    7 46    8 44    9  9   10 51   11 44   12 26   13  8   14 54   15 86   16  5   17  1   18  3   19 57   20 91 
   1 68    2 92    3 11    4 38    5 51    6 22    7 81    8 69    9 14   10 80   11 28   12 74   13 11   14 32   15 73   16 29   17 62   18 52   19 52   20 96 
   1 12    2  4    3 11    4 49    5 51    6 39    7 94    8 45    9 66   10 90   11 76   12 80   13 14   14 75   15 26   16 81   17 41   18 59   19 83   20 84 
   1 67    2 94    3 36    4 82    5 86    6 82    7  6    8 67    9 64   10 73   11 83   12 88   13 73   14 71   15 65   16 72   17 92   18 52   19 15   20 74 
   1 81    2  6    3 20    4 61    5 53    6 65    7 84    8 38    9 88   10 67   11 19   12 55   13 47   14 87   15 25   16 97   17 44   18 46   19 74   20 94 
   1  7    2 74    3 22    4 19    5 77    6 37    7 32    8 16    9 20   10 82   11 80   12 88   13 14   14 51   15  1   16 89   17 92   18 77   19 49   20 93 
   1 41    2 12    3 17    4 86    5 35    6 45    7  4    8 50    9  3   10 42   11 74   12 16   13 35   14 58   15 95   16 53   17 33   18 14   19 60   20  9 
   1 59    2  3    3 68    4 60    5 83    6 94    7 59    8 42    9 28   10 22   11  4   12 38   13 31   14 20   15 32   16 39   17  6   18 81   19  3   20 32 
   1 30    2 73    3 82    4 34    5 25    6 44    7 69    8 84    9 35   10 85   11 60   12 63   13 37   14 41   15 73   16 41   17 59   18 24   19 95   20 56 
   1 46    2 16    3 42    4 31    5 22    6 89    7 85    8 22    9 26   10 87   11 40   12 82   13 69   14 22   15  5   16 42   17 64   18 16   19 61   20 32 
   1 90    2 32    3 41    4 51    5 68    6 12    7 97    8  8    9 46   10 80   11 89   12 79   13 61   14 72   15 96   16 89   17 65   18 96   19 52   20 83 
   1 57    2 99    3 25    4 92    5 34    6 43    7 48    8 57    9 44   10 56   11 45   12 31   13 85   14 31   15 67   16 88   17 56   18 34   19 96   20 24 
   1 61    2 45    3 88    4 28    5 65    6 36    7 82    8 62    9 49   10 14   11 12   12 11   13 50   14  9   15 46   16 70   17 82   18 62   19 75   20 32 
   1 51    2  7    3  8    4 54    5 58    6 62    7 24    8 46    9 42   10 89   11 52   12 91   13 85   14 36   15 60   16 57   17 32   18 94   19 88   20 16 
   1 53    2 36    3 58    4 74    5 28    6 96    7 75    8 97    9 57   10 11   11 39   12 29   13 87   14 89   15 34   16 36   17 27   18 64   19 40   20 78 
   1 61    2 21    3 67    4 22    5 61    6 65    7 57    8 36    9 48   10 11   11  2   12  1   13 85   14  6   15 79   16 43   17 61   18 72   19 10   20  6 
   1 43    2 88    3  1    4 44    5 26    6 82    7  1    8 19    9  5   10 76   11 82   12 31   13 57   14 69   15 51   16 25   17 17   18 73   19  2   20 33 
   1 32    2 74    3 12    4 27    5 63    6 79    7 26    8 86    9 55   10 21   11 64   12  5   13 21   14 91   15 46   16 13   17  1   18 94   19 96   20 76 
   1 72    2 69    3 36    4 54    5 97    6 52    7 65    8 86    9 69   10 13   11 32   12 96   13 15   14 33   15 12   16 34   17 12   18  7   19  3   20 75 
   1 69    2 73    3 14    4 77    5 98    6 17    7 79    8 32    9 67   10 86   11 76   12 40   13 65   14 87   15 19   16 41   17 69   18  6   19 18   20 68 
   1 24    2 87    3 83    4 39    5 37    6 47    7 72    8 43    9 34   10 29   11  8   12 50   13 62   14 72   15 84   16 78   17 42   18 70   19 48   20 47 
   1 48    2 19    3  1    4 48    5 56    6 88    7 65    8 94    9 87   10 56   11 13   12  9   13 67   14 25   15 19   16 81   17 42   18 74   19 65   20 53 
   1 61    2 39    3  9    4 86    5 72    6 36    7 29    8 32    9 29   10 18   11  2   12 61   13 29   14 58   15 63   16 17   17  6   18 77   19 44   20 72 
   1 45    2 58    3 68    4 94    5 92    6 92    7 20    8 33    9 72   10 59   11 75   12 84   13 45   14 72   15 93   16 24   17 44   18 51   19 58   20 36 
   1 61    2 27    3 25    4 29    5 17    6 71    7  8    8 25    9 20   10 66   11 52   12 83   13 35   14 75   15 88   16 55   17 76   18 19   19 49   20 99 
   1 93    2 81    3 76    4 49    5 47    6 49    7 47    8 49    9 63   10 99   11  7   12 84   13 86   14 16   15 16   16 90   17 40   18 71   19 72   20 89 
   1 24    2 42    3 57    4 86    5 22    6 81    7 45    8 96    9 33   10  8   11 69   12 42   13 10   14 55   15 83   16 52   17 93   18  2   19 48   20 23 
   1 20    2 90    3 26    4 27    5  2    6 36    7 66    8 44    9 61   10 67   11 82   12 22   13 67   14  7   15 18   16 22   17 85   18  3   19 88   20 20 
   1 86    2 70    3 72    4 64    5 92    6 20    7 62    8 60    9 69   10 28   11 73   12 43   13 68   14 87   15 80   16 53   17 47   18 99   19 78   20 78 
   1  8    2 63    3 60    4 61    5 44    6 36    7 84    8 72    9 33   10 30   11 53   12 59   13 73   14 31   15 41   16 72   17 64   18 90   19 21   20 92 
   1 92    2 13    3 57    4 80    5 53    6 66    7 14    8 61    9 26   10 18   11 65   12 60   13  5   14 82   15 12   16 41   17 60   18 80   19 21   20  2 
   1 19    2 48    3  3    4 15    5 97    6 99    7 80    8 83    9 98   10  8   11 65   12  8   13  8   14 60   15 30   16 96   17 28   18 97   19 82   20 83 
   1 22    2  7    3  1    4 65    5 76    6  7    7 33    8 72    9 10   10 30   11 20   12 99   13 24   14  4   15  5   16 91   17 70   18 49   19 51   20 81 
   1 89    2 13    3 80    4 51    5 28    6 96    7 92    8 23    9 18   10 30   11 58   12 97   13 49   14  9   15  5   16 57   17 86   18 34   19 80   20 43 
   1 14    2 20    3 29    4 68    5 87    6  5    7 37    8 61    9 53   10 98   11 89   12 32   13 95   14 73   15 54   16 68   17 59   18 10   19 81   20 24 

