ta115
500 20
   1 11    2 26    3  2    4 69    5 98    6 86    7 38    8  4    9 23   10 27   11 37   12 78   13 84   14  7   15 32   16 10   17 58   18 45   19 81   20 42 
   1 61    2 10    3 71    4 45    5 21    6 70    7 80    8 65    9 50   10  8   11  5   12 47   13 17   14  4   15 71   16 97   17 55   18 78   19 36   20 73 
   1 11    2 66    3 33    4 31    5 73    6 78    7  5    8 69    9 13   10  2   11 60   12 54   13 26   14 44   15 78   16 18   17 59   18 49   19 34   20 87 
   1 87    2 69    3  2    4  1    5 27    6 11    7 91    8 73    9 27   10 91   11 21   12 43   13 37   14  9   15 77   16 14   17 28   18 65   19 46   20 61 
   1 28    2 39    3 50    4  8    5 48    6 48    7 38    8 85    9 77   10 88   11 53   12  1   13 74   14 46   15 81   16 30   17 29   18 85   19 26   20 99 
   1 90    2 91    3 71    4 28    5  1    6 16    7 30    8 51    9 62   10 77   11 12   12 44   13 90   14 46   15 37   16 65   17  4   18 11   19 99   20 13 
   1 63    2 23    3 25    4 88    5 30    6 83    7 93    8 36    9 24   10 68   11 59   12 93   13 46   14 26   15 87   16 88   17  1   18 45   19 79   20 34 
   1 18    2 49    3 34    4 39    5 79    6 45    7 60    8  1    9 46   10 64   11 46   12 25   13 31   14 64   15 63   16 24   17 91   18 32   19 49   20 70 
   1 26    2 95    3 97    4 27    5 96    6 61    7 90    8 42    9 21   10 32   11 52   12 84   13 97   14 21   15 54   16 16   17 12   18 25   19 47   20 73 
   1 81    2 33    3 50    4 23    5 92    6 68    7 46    8 81    9 80   10 91   11 55   12 99   13 82   14 79   15 30   16 79   17 41   18 54   19 83   20 13 
   1 99    2 88    3 53    4 39    5 74    6 53    7 23    8 28    9 61   10 18   11 10   12 30   13 26   14 67   15 75   16 62   17  3   18 36   19 35   20 17 
   1 57    2 11    3 52    4 66    5 53    6 95    7 40    8 53    9 49   10  2   11 15   12 54   13 50   14 26   15 65   16  9   17 47   18 79   19 30   20 21 
   1 62    2 14    3 34    4 88    5 45    6  2    7 36    8 39    9 73   10 94   11 16   12 87   13 96   14 12   15 53   16 81   17 55   18 87   19 25   20 10 
   1 39    2 98    3 46    4 29    5 59    6 68    7 45    8 18    9 25   10 38   11 16   12 54   13 98   14 48   15 50   16 44   17 74   18 12   19 68   20 76 
   1 81    2 76    3 95    4 94    5 22    6 71    7 42    8 57    9 93   10 83   11 42   12 11   13 19   14 36   15  8   16 23   17 43   18  2   19  2   20  9 
   1 34    2 76    3 93    4 40    5  9    6 28    7 80    8 59    9 74   10 44   11 53   12 80   13 45   14 30   15 69   16 15   17 72   18 15   19 86   20 17 
   1 64    2 43    3 59    4  7    5  6    6 46    7 96    8 13    9  4   10 67   11 27   12 10   13 37   14 53   15 45   16 40   17 21   18 89   19  3   20 74 
   1 41    2 24    3 29    4 27    5 71    6 27    7 59    8 39    9 82   10 16   11 65   12 69   13 60   14 27   15 68   16 25   17 24   18 16   19 94   20 62 
   1 64    2 77    3  8    4 32    5 17    6 94    7 87    8 94    9 58   10 55   11 76   12  1   13 16   14 99   15 62   16 28   17 46   18 34   19  2   20 70 
   1 86    2  1    3 36    4 60    5 66    6 50    7 66    8  4    9 52   10 29   11 14   12 56   13 92   14 13   15 25   16 88   17 12   18 94   19 72   20 69 
   1 84    2 41    3 94    4 33    5 74    6 98    7 28    8 18    9 42   10 57   11 98   12 56   13 48   14 34   15 72   16  9   17 84   18 81   19 99   20 80 
   1 23    2 16    3 70    4 87    5 61    6 74    7 52    8 81    9 21   10 30   11 92   12 89   13 50   14 74   15 71   16 67   17 10   18 52   19 66   20 79 
   1 41    2 64    3 96    4 72    5 28    6  9    7 38    8 63    9 14   10 38   11 32   12 29   13 83   14  1   15 43   16 38   17  6   18  8   19 92   20 24 
   1 69    2 23    3 72    4 85    5 90    6 18    7 18    8 60    9 79   10 94   11 75   12  4   13 25   14 27   15 24   16 70   17 50   18 59   19 55   20 40 
   1 81    2 45    3 47    4 55    5 99    6 89    7 99    8 43    9 77   10 80   11 77   12 85   13 73   14 10   15 33   16 59   17 57   18 98   19 64   20 60 
   1 88    2 66    3 61    4 14    5 83    6 41    7 89    8 66    9  1   10 50   11 12   12 43   13 88   14 50   15 92   16 48   17  2   18 21   19  1   20 59 
   1 85    2 70    3 78    4  8    5 25    6 14    7 74    8 67    9 90   10 50   11 94   12  1   13 40   14 35   15 76   16 77   17 78   18 60   19 60   20 12 
   1 99    2 15    3  1    4 65    5 47    6 76    7 18    8 51    9 73   10 41   11 85   12 17   13 36   14 33   15 41   16 92   17 50   18 25   19 96   20 42 
   1 40    2 15    3 72    4 51    5 32    6  6    7 68    8 92    9  8   10 15   11 40   12 22   13  2   14 23   15 56   16  6   17 16   18 14   19 14   20 40 
   1 82    2  7    3 45    4 20    5 48    6 80    7 75    8 67    9 14   10 77   11 20   12 46   13  1   14 86   15 82   16 48   17 69   18 48   19 79   20 85 
   1 20    2 35    3 24    4 76    5 96    6 91    7 36    8 63    9  4   10  4   11 10   12 20   13 86   14 14   15 67   16 10   17 14   18 36   19 60   20 63 
   1 38    2 50    3 72    4 29    5  2    6 19    7  4    8 18    9 91   10 13   11 88   12 23   13 12   14 53   15 89   16 58   17 66   18 20   19 64   20 23 
   1 41    2 78    3 35    4 43    5 30    6 43    7 90    8 57    9 49   10 75   11 27   12 47   13 80   14 55   15 12   16 85   17 13   18 73   19 41   20 15 
   1  7    2 22    3 58    4 99    5 18    6 99    7 93    8 44    9 36   10 87   11 59   12 24   13 65   14 34   15 29   16  2   17 55   18 34   19 32   20 78 
   1 78    2 83    3 86    4 20    5  2    6 13    7 54    8 67    9 43   10 76   11 86   12 78   13  3   14 81   15 41   16 85   17 90   18  9   19  5   20 54 
   1  3    2 62    3 66    4 28    5  7    6  3    7 23    8 30    9 17   10 24   11 94   12 47   13 62   14 59   15 34   16 56   17 93   18 93   19 44   20 92 
   1 73    2 61    3 32    4 66    5  8    6 65    7 16    8 47    9 73   10 64   11 91   12 49   13 25   14 55   15 66   16 32   17 54   18 68   19  2   20 87 
   1 72    2 13    3 83    4 78    5 57    6 49    7 54    8 99    9 24   10 58   11 17   12 55   13 26   14 92   15 60   16 55   17 64   18 55   19 36   20 10 
   1 38    2 64    3 53    4  6    5 97    6 35    7 88    8 50    9 46   10 28   11 14   12 97   13 12   14 58   15 28   16 38   17 37   18 13   19 50   20 75 
   1 71    2 90    3 82    4 94    5 23    6 27    7 17    8 38    9 87   10  8   11 43   12 66   13 37   14 82   15 17   16 17   17 45   18 72   19 45   20 99 
   1 25    2 40    3 33    4 93    5 40    6 94    7 16    8 29    9 69   10 55   11 20   12 53   13 85   14 51   15 91   16 59   17 82   18 24   19 15   20 47 
   1 15    2 66    3 58    4 33    5 17    6 65    7 73    8 95    9 62   10 75   11 35   12 27   13  9   14 85   15  7   16 10   17 10   18 38   19 88   20 25 
   1 26    2 28    3 15    4 92    5  3    6 98    7 16    8 12    9 20   10 92   11 53   12 76   13 83   14 20   15 24   16 16   17 20   18 50   19 47   20 33 
   1 28    2 96    3 84    4 31    5 86    6 45    7 16    8 22    9 30   10 78   11 58   12 72   13 64   14 24   15 59   16 10   17 82   18 74   19 76   20 49 
   1 41    2 13    3 99    4 97    5 87    6 46    7 43    8 25    9 42   10 43   11 61   12 24   13 47   14 40   15 66   16 45   17 69   18  5   19 22   20  1 
   1 93    2 32    3 48    4 28    5 41    6 98    7  7    8 33    9 29   10 22   11 15   12 13   13 50   14 95   15  3   16 68   17 98   18 17   19 86   20 95 
   1 88    2 87    3 80    4 76    5 58    6 46    7 26    8 15    9 52   10 86   11 92   12 14   13 62   14 94   15 98   16 13   17 13   18 80   19 73   20 40 
   1 89    2 93    3 98    4  4    5 99    6 14    7 92    8 47    9 84   10 47   11 83   12  9   13 78   14 27   15  6   16 53   17 19   18 56   19 40   20 41 
   1 77    2 28    3  3    4 77    5 59    6 77    7  7    8 77    9 38   10  6   11 69   12 96   13 34   14 82   15 19   16 20   17 77   18 59   19 80   20 61 
   1 97    2 18    3 82    4 84    5 97    6 67    7  6    8 14    9 25   10 47   11 20   12 49   13 25   14 81   15 33   16 78   17 67   18 51   19 66   20 45 
   1 86    2 25    3 36    4 88    5 57    6 16    7 33    8 41    9 89   10 54   11  8   12 61   13 46   14 43   15 25   16 86   17 32   18 22   19 51   20 87 
   1 77    2 60    3 21    4 23    5 21    6 82    7 23    8 64    9 58   10 17   11 65   12 36   13  7   14 23   15  1   16 75   17 38   18  3   19 92   20 21 
   1 77    2 38    3 52    4 42    5 43    6 94    7 42    8  7    9 41   10 40   11 92   12 98   13 60   14 66   15 52   16 89   17 20   18 72   19 21   20 34 
   1 34    2 93    3 94    4 34    5 82    6 83    7 59    8 44    9 63   10 42   11  3   12 21   13 71   14 28   15 28   16 42   17 34   18  5   19 94   20 31 
   1 94    2  6    3 66    4 37    5 74    6 78    7 63    8 66    9 18   10 74   11 61   12 65   13 99   14 17   15  8   16 93   17 98   18 83   19 94   20 20 
   1 80    2 52    3 78    4 25    5  5    6 45    7 84    8  2    9 78   10 34   11  6   12 43   13 79   14 88   15 62   16 79   17 80   18 30   19 79   20 14 
   1 27    2 47    3  1    4 40    5 48    6 24    7 34    8 70    9 10   10 23   11 54   12 12   13 77   14 15   15 97   16 66   17 76   18  1   19 28   20 46 
   1 12    2  8    3 19    4 92    5 99    6 98    7 73    8 79    9 59   10 47   11 45   12 70   13 51   14 97   15 95   16 11   17 70   18 78   19 15   20 63 
   1 34    2 23    3 25    4 20    5 57    6  5    7 62    8 61    9 90   10 52   11 85   12 20   13 53   14 95   15 20   16 19   17 53   18 66   19 99   20 94 
   1 80    2 33    3 87    4 46    5 20    6 59    7 72    8 27    9 68   10 41   11 48   12 21   13 99   14 28   15 10   16 15   17  8   18 78   19 22   20 40 
   1 73    2 37    3 57    4 37    5 23    6 17    7 61    8 99    9 46   10 73   11 93   12 28   13 82   14 86   15 12   16 83   17 33   18 82   19 85   20 62 
   1  3    2 92    3 36    4 57    5 63    6 30    7 19    8 52    9 66   10 83   11 94   12 40   13 45   14 33   15 20   16 75   17 48   18 74   19 23   20 36 
   1 45    2 16    3 36    4  5    5 38    6 14    7 16    8 26    9 26   10 68   11 58   12 66   13  4   14  6   15 76   16  1   17 93   18 64   19 97   20 92 
   1 59    2 50    3 10    4 76    5 52    6 37    7 85    8 30    9 34   10 90   11 57   12 66   13 99   14  6   15 22   16 28   17 68   18 45   19 39   20 59 
   1 59    2 62    3 73    4 56    5 28    6 17    7 44    8 31    9 37   10  5   11  9   12 31   13 48   14 11   15 75   16 49   17 93   18 41   19  5   20 59 
   1 25    2 57    3  6    4 77    5 32    6 57    7 56    8 21    9 27   10  4   11 49   12 24   13  5   14 62   15 62   16 57   17 72   18 61   19 11   20  8 
   1 40    2 10    3 95    4 32    5 62    6 54    7 19    8 77    9 51   10 37   11 83   12 98   13  9   14 39   15 71   16 93   17 65   18 93   19  5   20 77 
   1 46    2 46    3 79    4 30    5 49    6 52    7 18    8 89    9 64   10 37   11 73   12 38   13 52   14 42   15 34   16 19   17 15   18 69   19 58   20 49 
   1 79    2 33    3 82    4 45    5 92    6 87    7 63    8 76    9 72   10 25   11 45   12  8   13  1   14 11   15 59   16 37   17 75   18 34   19 11   20 15 
   1 56    2 92    3 81    4 77    5 13    6 20    7 77    8 28    9 86   10 69   11 32   12 25   13 37   14 19   15 41   16 17   17 17   18 95   19 95   20 77 
   1 63    2 76    3 29    4 20    5 58    6 40    7 34    8 10    9 12   10 53   11 75   12 11   13  1   14 30   15  5   16 54   17 95   18 13   19  8   20 11 
   1 92    2 91    3 47    4 61    5 67    6 33    7  1    8 81    9  2   10 92   11 76   12 23   13 87   14 12   15 41   16 35   17 20   18 89   19 58   20 54 
   1 96    2 79    3 61    4  1    5 34    6 29    7 70    8 19    9 93   10 35   11 15   12 25   13 70   14 15   15 95   16 45   17 66   18 88   19 93   20 26 
   1 65    2 62    3 51    4 66    5 73    6 84    7 20    8 17    9 46   10 15   11 33   12 38   13 78   14 46   15 43   16 40   17 70   18 82   19 31   20 55 
   1 83    2 40    3 90    4  3    5 19    6 18    7 52    8 88    9 62   10 35   11 18   12 61   13 70   14 14   15 63   16 20   17 95   18 88   19 73   20 39 
   1 40    2 38    3 56    4 74    5 65    6 99    7 51    8 53    9 33   10 73   11 39   12 59   13 19   14  9   15 84   16 50   17 52   18  8   19 53   20 12 
   1 40    2 71    3 66    4 83    5 58    6 92    7 72    8 17    9 17   10 41   11 24   12 85   13 37   14 84   15 77   16 36   17 18   18 66   19 63   20 11 
   1 79    2 58    3  5    4 13    5 98    6 33    7 84    8 46    9 70   10 80   11 26   12 18   13 45   14 63   15 38   16 50   17 81   18 89   19 40   20 22 
   1 45    2 72    3 62    4  6    5 82    6 16    7 98    8 59    9 90   10 24   11 55   12 80   13 26   14 13   15 68   16 28   17 57   18 35   19 68   20 93 
   1 35    2 18    3 57    4 73    5 16    6 93    7 67    8 55    9 41   10 95   11  7   12 19   13 86   14 59   15 97   16 54   17 10   18 33   19 99   20 95 
   1 16    2  1    3 59    4  4    5 56    6 14    7 27    8 18    9 33   10 55   11 59   12 47   13 77   14 50   15 47   16 94   17 81   18 58   19 18   20  2 
   1 86    2 51    3 70    4 10    5 34    6 15    7 25    8 70    9  1   10 53   11 68   12 35   13 26   14 85   15  8   16 78   17 10   18 34   19 93   20 89 
   1 54    2 69    3 75    4 78    5 74    6 22    7 72    8 90    9 94   10 54   11 18   12  8   13 23   14 93   15 11   16 91   17 60   18 36   19 32   20 66 
   1 57    2 15    3 26    4  5    5 13    6 19    7 17    8 22    9 44   10 14   11 52   12 87   13 54   14 80   15  3   16 36   17 68   18 63   19 44   20 90 
   1 39    2 65    3 71    4 11    5  8    6 51    7 95    8 66    9 12   10 30   11 89   12 67   13 66   14  1   15 81   16 47   17 64   18 24   19 25   20 61 
   1 65    2 58    3 48    4 99    5 43    6  9    7 36    8 76    9 51   10 62   11 37   12 40   13 34   14 19   15 17   16 39   17 28   18 71   19 89   20 70 
   1  5    2 63    3  3    4 48    5 75    6 13    7 67    8 83    9 77   10 94   11 82   12 53   13 88   14 66   15 99   16 79   17 39   18 97   19 94   20 29 
   1 53    2 89    3 92    4 40    5  2    6 41    7 80    8 72    9 58   10 85   11 87   12 91   13 87   14 14   15  8   16 96   17  8   18  3   19 42   20 29 
   1 14    2  9    3 41    4 83    5 68    6 12    7 48    8 84    9 50   10 33   11 91   12 59   13 29   14 57   15  3   16  2   17 84   18 49   19 92   20 76 
   1  4    2 55    3 66    4 50    5 46    6 94    7 63    8 18    9 87   10 77   11 53   12 50   13 70   14 55   15 83   16 25   17 25   18 33   19 99   20  4 
   1 88    2 33    3 34    4 77    5 11    6 64    7 12    8  4    9 40   10 83   11 76   12  8   13 59   14  1   15 78   16 75   17 60   18  1   19 63   20 71 
   1 63    2 95    3 87    4 42    5  3    6 81    7 50    8 75    9 92   10 83   11 24   12 75   13 81   14 91   15 65   16 21   17 12   18 43   19 67   20 29 
   1 68    2 16    3 76    4 12    5  5    6 37    7 38    8 10    9 91   10 22   11 72   12 64   13 77   14 93   15 21   16 93   17 15   18 60   19 75   20 50 
   1 55    2 67    3 61    4 25    5 59    6  7    7 17    8 33    9  5   10 32   11 63   12 40   13 54   14 80   15 48   16  1   17 78   18 63   19  8   20 87 
   1 56    2 10    3 55    4 19    5 33    6 39    7 14    8 48    9  8   10  5   11 70   12  1   13 13   14 10   15 86   16 78   17 20   18 53   19 39   20 54 
   1 78    2  6    3 62    4 89    5 73    6 30    7 38    8  3    9 60   10 87   11 19   12 95   13 85   14  4   15 14   16 23   17 39   18 80   19 49   20 30 
   1 77    2 65    3 40    4 62    5 59    6 17    7 11    8 49    9 58   10 78   11 65   12 73   13 30   14 60   15 63   16 70   17 27   18 91   19 61   20 13 
   1 65    2  5    3 49    4 80    5 58    6 45    7  5    8 42    9 60   10 82   11 33   12 92   13 89   14 46   15 55   16 96   17 94   18 68   19 23   20 24 
   1 19    2 99    3 60    4 32    5 74    6 75    7  9    8 54    9 28   10 85   11 19   12 22   13  4   14 17   15 53   16 22   17 26   18  2   19 37   20 16 
   1  3    2 23    3 87    4 34    5 11    6 23    7 37    8 80    9 20   10 52   11 17   12 87   13 79   14  3   15 62   16 86   17 19   18 35   19 48   20 99 
   1 80    2 77    3 13    4 33    5 69    6 85    7 36    8 93    9 47   10 47   11 93   12 55   13 51   14 81   15 64   16  1   17 87   18 60   19 62   20 61 
   1  3    2 51    3 63    4 20    5 15    6 28    7 11    8  4    9 44   10 20   11 18   12 62   13 99   14 96   15  6   16 81   17 96   18 75   19 32   20 76 
   1  3    2 63    3 89    4 62    5 24    6 55    7 39    8 28    9 17   10 40   11 33   12 66   13 80   14 99   15 77   16  6   17 63   18 62   19 78   20 23 
   1 48    2 92    3 77    4 92    5 14    6 69    7 94    8 26    9 88   10 53   11 52   12 42   13 23   14  2   15 37   16 63   17 43   18 60   19 86   20 41 
   1 84    2 85    3 43    4 54    5  8    6 15    7 15    8 63    9  8   10 28   11 73   12 94   13 14   14 25   15 66   16 79   17 37   18 13   19 24   20 72 
   1 29    2 82    3 15    4 73    5 82    6 77    7 23    8  9    9 22   10 96   11 45   12 53   13 36   14 63   15 97   16 46   17 40   18 89   19 13   20 78 
   1 77    2 29    3 63    4 44    5 54    6  5    7 13    8 10    9 42   10 36   11 53   12 71   13 85   14 28   15 88   16 23   17 93   18 26   19 18   20 85 
   1 89    2 79    3 22    4 36    5  8    6  4    7  8    8 43    9 54   10 12   11 19   12 47   13 53   14 59   15 34   16  1   17 52   18 37   19  1   20 16 
   1 65    2 52    3 90    4 42    5 48    6 37    7 81    8 57    9 30   10 78   11 79   12 64   13  3   14 91   15 99   16  9   17 90   18  8   19 56   20 57 
   1 33    2  8    3 87    4 75    5 22    6 23    7  5    8 61    9 87   10 41   11 63   12 90   13 67   14 57   15 91   16 77   17 27   18 58   19 37   20 98 
   1 19    2 56    3 92    4 28    5 32    6 21    7 77    8 48    9 93   10 89   11 56   12 18   13 97   14 29   15 48   16 89   17 40   18 65   19 62   20  5 
   1 67    2 88    3 41    4  3    5  2    6 58    7 60    8 51    9 49   10 15   11 84   12 32   13 71   14 19   15 24   16 25   17 79   18  4   19 73   20 19 
   1 72    2 49    3 78    4 59    5 71    6 16    7 11    8 82    9 39   10 99   11  7   12 12   13 83   14 69   15 47   16  5   17  9   18 75   19 68   20  8 
   1  3    2  4    3 20    4 31    5 77    6 17    7 29    8 27    9 96   10 16   11 41   12 89   13 40   14 75   15 47   16 60   17 58   18 61   19 41   20 62 
   1 84    2 60    3  5    4 22    5 98    6 60    7 23    8 27    9 60   10 17   11 53   12 66   13 63   14 62   15 84   16 92   17 86   18 84   19 36   20 91 
   1 27    2 42    3  6    4 12    5 75    6 27    7 76    8  9    9 33   10 50   11 57   12 35   13 69   14 35   15 92   16  3   17  2   18  3   19  9   20 38 
   1  5    2 76    3 54    4 55    5 40    6 32    7 20    8 77    9 10   10 48   11 98   12 17   13 69   14 80   15 58   16 20   17 29   18 86   19 95   20 85 
   1 24    2 31    3  5    4 20    5 48    6 54    7 48    8 99    9 76   10 64   11 30   12  1   13 22   14 91   15 32   16 20   17 60   18 15   19 78   20 18 
   1 98    2 31    3 83    4 14    5 50    6 37    7 12    8 72    9 63   10 30   11 72   12  6   13 83   14 88   15  5   16  3   17 63   18 62   19 24   20 91 
   1 46    2 39    3 16    4 52    5 81    6 30    7 31    8 23    9 88   10 46   11 89   12  1   13 14   14 41   15 59   16 96   17 51   18 30   19 88   20 81 
   1 65    2 75    3 19    4  5    5 44    6 31    7 30    8 70    9 94   10 15   11 66   12  6   13 42   14 57   15 18   16 50   17 21   18 69   19 83   20 93 
   1 14    2 47    3 63    4 94    5 52    6 82    7 62    8 61    9 48   10 49   11 58   12 61   13 83   14 75   15 98   16 27   17 29   18 87   19 58   20 12 
   1 72    2 85    3 62    4 94    5 51    6 21    7 92    8 70    9 93   10 17   11 15   12 59   13  8   14 17   15 69   16 71   17 13   18 89   19 71   20 47 
   1 22    2 74    3 21    4 44    5 23    6 45    7 10    8 51    9 87   10 10   11 72   12 57   13 56   14 29   15 63   16 13   17 67   18 77   19 71   20 59 
   1  8    2 77    3 84    4 51    5  9    6 75    7 85    8 83    9 16   10 64   11 98   12 56   13 37   14 13   15 84   16 26   17 40   18 38   19 61   20 13 
   1 25    2 87    3 11    4 20    5  8    6  7    7 95    8 37    9 48   10 97   11 34   12 62   13 67   14  1   15 44   16  3   17 29   18 65   19 49   20 50 
   1 93    2 77    3  5    4 66    5 14    6 82    7 34    8 60    9 18   10 61   11 96   12 37   13 67   14 68   15  6   16 98   17 25   18 23   19 16   20 91 
   1 13    2  7    3 66    4 84    5 94    6 86    7 51    8 82    9 82   10 32   11 26   12 25   13 19   14 64   15 94   16 89   17 90   18 79   19 79   20 69 
   1 74    2 89    3 18    4 40    5 24    6 90    7 51    8 84    9 67   10 90   11 25   12 80   13 33   14 41   15 40   16 36   17 73   18 40   19 81   20  3 
   1 34    2 37    3 18    4 28    5 70    6  4    7 87    8 88    9 46   10  4   11 93   12 53   13 43   14 50   15 31   16 82   17 28   18 80   19 67   20 80 
   1 28    2 71    3 42    4 40    5 67    6 17    7 57    8 50    9 56   10 16   11 45   12 39   13 98   14 60   15  1   16 61   17 57   18 43   19 99   20 85 
   1 48    2 80    3 46    4 24    5 95    6 25    7 88    8 62    9 26   10 45   11 90   12 91   13 47   14 40   15 46   16 97   17 37   18 73   19 55   20 85 
   1 43    2 91    3 42    4  4    5 76    6 64    7 29    8 15    9 55   10 32   11 51   12 68   13  7   14 35   15 47   16 87   17 77   18 32   19  2   20 37 
   1 52    2 97    3 56    4 49    5 12    6 44    7  5    8 85    9 56   10 23   11 93   12 28   13 83   14 88   15 32   16 49   17 70   18 13   19  1   20 42 
   1 91    2 59    3 81    4 94    5 89    6 13    7 23    8 87    9 21   10 89   11 51   12 88   13 18   14 44   15 95   16 79   17 72   18  5   19 58   20 94 
   1 23    2 15    3 82    4 17    5 57    6 10    7 50    8 35    9 32   10 89   11 87   12 56   13 49   14 12   15 58   16 95   17 26   18 63   19 66   20 22 
   1  7    2 28    3 11    4 49    5 38    6 69    7 12    8 28    9 32   10 51   11 26   12 63   13 65   14 28   15 99   16 95   17 12   18 26   19 39   20 37 
   1 79    2 16    3 15    4 92    5 50    6 86    7 62    8 57    9 35   10 16   11 31   12 54   13 62   14 95   15 53   16 94   17 23   18 16   19 97   20 74 
   1 30    2 45    3 22    4 60    5  9    6 23    7 60    8 75    9 29   10 54   11 83   12 93   13 45   14 87   15 31   16 13   17 18   18 11   19 75   20 22 
   1 38    2  5    3 87    4 53    5 34    6 81    7 46    8 67    9 48   10 19   11 59   12 49   13 16   14  7   15 30   16 60   17 98   18 37   19 77   20 56 
   1 87    2 13    3 67    4 66    5 53    6 20    7 60    8 66    9 63   10 62   11 58   12  7   13  6   14 64   15 92   16 43   17 27   18 95   19 67   20 25 
   1 92    2  3    3 83    4 60    5 74    6 64    7 98    8 50    9 72   10 31   11 97   12 15   13 50   14 15   15 88   16 98   17  4   18 95   19 62   20 30 
   1  3    2 40    3 26    4 83    5 22    6 32    7 40    8 40    9 91   10 63   11 42   12 14   13 50   14 58   15 35   16 42   17 93   18 75   19 56   20 83 
   1 49    2 46    3 20    4 10    5 81    6 34    7 39    8  3    9 25   10 55   11 18   12 55   13 14   14 50   15 38   16 88   17 32   18  3   19 95   20 77 
   1 51    2 54    3 40    4 52    5 17    6 22    7  5    8 39    9 40   10 98   11 88   12 84   13 27   14 70   15 30   16 50   17 64   18 68   19  8   20 29 
   1 87    2 62    3 80    4 33    5 32    6 82    7 33    8  4    9 96   10 94   11 32   12 81   13 95   14  2   15 28   16 44   17  6   18 19   19 23   20 13 
   1 79    2 53    3 46    4 45    5 68    6 73    7 37    8 17    9 44   10 58   11  7   12 83   13 99   14 22   15 30   16 77   17 82   18 13   19 39   20 14 
   1 45    2  4    3 92    4 50    5 33    6 67    7 81    8 82    9 51   10  8   11 18   12 14   13 59   14 17   15 18   16 14   17 31   18 95   19 67   20 37 
   1 34    2 79    3 21    4 94    5 88    6 32    7 78    8 39    9 49   10 13   11  7   12 46   13 39   14 57   15 50   16 28   17 17   18 23   19  8   20  6 
   1 33    2 55    3 58    4 75    5 87    6 71    7 87    8 24    9 19   10 94   11 76   12 99   13  6   14 33   15 38   16 80   17 70   18 52   19 15   20  7 
   1 25    2 36    3 55    4 72    5 45    6  4    7 78    8 88    9 43   10 89   11 85   12 52   13 20   14 33   15 19   16 89   17 77   18 20   19  8   20 32 
   1 44    2 10    3 95    4 80    5 63    6 29    7 98    8 46    9  7   10 61   11 70   12 48   13 67   14 28   15  9   16 10   17 91   18 32   19 66   20 33 
   1 68    2 55    3 63    4 73    5 91    6 35    7  4    8 28    9 38   10 40   11  2   12 15   13 10   14 49   15 29   16 49   17 45   18 44   19 89   20 94 
   1 37    2 98    3 83    4 96    5 48    6 69    7 24    8 23    9 74   10 81   11 13   12 93   13 46   14 68   15 27   16 55   17 99   18 48   19 37   20 79 
   1 79    2 35    3 95    4 78    5 78    6 31    7 16    8 87    9 83   10 24   11  3   12 93   13 33   14 94   15 89   16 22   17 89   18 63   19 19   20 66 
   1 58    2 96    3 48    4 47    5 49    6 94    7 53    8  9    9 11   10 70   11 26   12 94   13 86   14 87   15 92   16 87   17 10   18 83   19 22   20 57 
   1 22    2 27    3 63    4 96    5 10    6 37    7 18    8 48    9 90   10 24   11 30   12 25   13 87   14 44   15 32   16 71   17 48   18 52   19 50   20 54 
   1 86    2 88    3 78    4 77    5 90    6 88    7 53    8 31    9 25   10 89   11  4   12 69   13 52   14 74   15 73   16 95   17 87   18  3   19 53   20 22 
   1 71    2 88    3 94    4 17    5 34    6 39    7 42    8 21    9 50   10 20   11 19   12 43   13 86   14 96   15 55   16 22   17 15   18 40   19 44   20 58 
   1 46    2 40    3 54    4 53    5 89    6 25    7 85    8 86    9 58   10 34   11 92   12 73   13 11   14 79   15 66   16 67   17 91   18 40   19 86   20 85 
   1 51    2 26    3 97    4 22    5 80    6 92    7 81    8 39    9 48   10 32   11  6   12 75   13 67   14  9   15 34   16 37   17 43   18 50   19 31   20 86 
   1  5    2 96    3 95    4 64    5 85    6 58    7 89    8 43    9 54   10 53   11 98   12 30   13 58   14 40   15  4   16 60   17 27   18 32   19 32   20 49 
   1 41    2 88    3  1    4 12    5 91    6 44    7 63    8 72    9 22   10 48   11 70   12 64   13 80   14 64   15 77   16 89   17 92   18 32   19 78   20 36 
   1 79    2 75    3 68    4  2    5 39    6 93    7 88    8  1    9 56   10 15   11 58   12 14   13  6   14 59   15 13   16 85   17 55   18 81   19 47   20 83 
   1 16    2 64    3 32    4 73    5  1    6 89    7 10    8 79    9 29   10 94   11 20   12 41   13 97   14 52   15 83   16 19   17 29   18 99   19 68   20 18 
   1 12    2 26    3 63    4 89    5 82    6 86    7 50    8 97    9 39   10 50   11 21   12 38   13 84   14 60   15 69   16 12   17 52   18 48   19  1   20 43 
   1 64    2 40    3 61    4 59    5 87    6 20    7 75    8 51    9 31   10 19   11 95   12 16   13 86   14 76   15  7   16 86   17 38   18 47   19 14   20 52 
   1 35    2  1    3 60    4  2    5 50    6  8    7 81    8 98    9 90   10 69   11 65   12 70   13 72   14 78   15 37   16 68   17 86   18 88   19 64   20 61 
   1  7    2 97    3 22    4 39    5 96    6 32    7 84    8 34    9 52   10 22   11 92   12  6   13 31   14 50   15 16   16 29   17 45   18 27   19  2   20 28 
   1 65    2 36    3 98    4 45    5 88    6 88    7 38    8 45    9 57   10  3   11  5   12 88   13 52   14 91   15 54   16 86   17 42   18 25   19  5   20 52 
   1 55    2 10    3 87    4 94    5  7    6 81    7 41    8 29    9 27   10 92   11  1   12 69   13 78   14 95   15 13   16 98   17 44   18  9   19 24   20 42 
   1 14    2 42    3 86    4 21    5 26    6  3    7 48    8 60    9  6   10 58   11 51   12 83   13 99   14 44   15 17   16 74   17 21   18 15   19 80   20 63 
   1 57    2 75    3 24    4 48    5 40    6 42    7 31    8 33    9 59   10 70   11 67   12 98   13 19   14 73   15 60   16 14   17 48   18 87   19 41   20 82 
   1 66    2 99    3 43    4 26    5 12    6 63    7 96    8 58    9 31   10 25   11 15   12 87   13 32   14 35   15 86   16 35   17 91   18 39   19 50   20 49 
   1 46    2 70    3 86    4 40    5 55    6 10    7 45    8 34    9 38   10 90   11 44   12 68   13 68   14 22   15 13   16 60   17 62   18 19   19 34   20 46 
   1 86    2 24    3 29    4 71    5 32    6 62    7 36    8 54    9 38   10 41   11 25   12 64   13 50   14 34   15 39   16 20   17 83   18 42   19 20   20 75 
   1 18    2 19    3 20    4 85    5 18    6 42    7 57    8 13    9 63   10 93   11 89   12 46   13 29   14 30   15 14   16 39   17 92   18  3   19 23   20 31 
   1 96    2 39    3 31    4  5    5 14    6 41    7 24    8 70    9 51   10 65   11 81   12 99   13 55   14 42   15 90   16 86   17 58   18  9   19 89   20 61 
   1 54    2 93    3 85    4 28    5 78    6 51    7 91    8 23    9  8   10 43   11 23   12 66   13 11   14  5   15 35   16 76   17 18   18 60   19 13   20 52 
   1 59    2 90    3  4    4 82    5 83    6 84    7 16    8 35    9  1   10 63   11 63   12 27   13 91   14 62   15 93   16 98   17 88   18  9   19 29   20 63 
   1 99    2 29    3 47    4 76    5 12    6 19    7 18    8 84    9 86   10 31   11 37   12 62   13 74   14 56   15 36   16 44   17 63   18 52   19 38   20 12 
   1 24    2 99    3 72    4  1    5 60    6 39    7 48    8 55    9 52   10 99   11 50   12 25   13 82   14 69   15 27   16 93   17 16   18  5   19 53   20 30 
   1 53    2 30    3 16    4 13    5 29    6 83    7 42    8 23    9 14   10 83   11 77   12 68   13 93   14 55   15 12   16 85   17 41   18 94   19 60   20 37 
   1 88    2 15    3 10    4 24    5 86    6 83    7 52    8 58    9 20   10 49   11 24   12 29   13  4   14 31   15  4   16 34   17 68   18  7   19 41   20  1 
   1 72    2 42    3 53    4 54    5 85    6 91    7 25    8 55    9 91   10 37   11 69   12 27   13 90   14 50   15 65   16 51   17 45   18 56   19 83   20 29 
   1 80    2 63    3 19    4 82    5 96    6  4    7  9    8 75    9 62   10  1   11  2   12 20   13 53   14 82   15 66   16 45   17 92   18 96   19 22   20  8 
   1 93    2 86    3 39    4 10    5 96    6 12    7 13    8 27    9 68   10 13   11 37   12  3   13 53   14 43   15 68   16 63   17 54   18 86   19 95   20  8 
   1 50    2 39    3  2    4 77    5 83    6 73    7 81    8 79    9 13   10 78   11  2   12 61   13 21   14 82   15 91   16 20   17  3   18 55   19 32   20 40 
   1 18    2 57    3 96    4 47    5 29    6 15    7 17    8 40    9 36   10 65   11 47   12 11   13 34   14 45   15 96   16 81   17 34   18 89   19 19   20 29 
   1 74    2 73    3 71    4 18    5 22    6 85    7 49    8  9    9  7   10 63   11 16   12 10   13 12   14 84   15 42   16 82   17  4   18 60   19 45   20  3 
   1 22    2 16    3 39    4 55    5 33    6 94    7 17    8 86    9 50   10 72   11 41   12 75   13 71   14 59   15 73   16 28   17 43   18 78   19  8   20 89 
   1 51    2 60    3 15    4 56    5 72    6 35    7 40    8 67    9 98   10  1   11 62   12 48   13 75   14 48   15 80   16 30   17 44   18 82   19 63   20 29 
   1 31    2 93    3 22    4 73    5 52    6 27    7 24    8 59    9 38   10 53   11 65   12 73   13 83   14 44   15 23   16 59   17 28   18 76   19 39   20 39 
   1 68    2 97    3 11    4 72    5 44    6 58    7 94    8 55    9 60   10 31   11 60   12 19   13 18   14 95   15 27   16 28   17 35   18 88   19 70   20  4 
   1 63    2 47    3 32    4 80    5 65    6 14    7 89    8 38    9 76   10 71   11 43   12 10   13 32   14 31   15 29   16 96   17 25   18 77   19 31   20 44 
   1  7    2 78    3 73    4 24    5 58    6 29    7 73    8  5    9 51   10 32   11 75   12 85   13 84   14  4   15 76   16 51   17  4   18 49   19 69   20 40 
   1 48    2  9    3 33    4 26    5 55    6 16    7 64    8  7    9 70   10 66   11 64   12 78   13  3   14 13   15 99   16 74   17 38   18 89   19 68   20 23 
   1 35    2 67    3 87    4 24    5 49    6 86    7 89    8 15    9 60   10 48   11 14   12 24   13  4   14 58   15 50   16 65   17 85   18 42   19 54   20  2 
   1 63    2 67    3 74    4 50    5 18    6 73    7 69    8 30    9 82   10 82   11 13   12 58   13 26   14 91   15 27   16 83   17 22   18 35   19 89   20 95 
   1 92    2 62    3 64    4 44    5 96    6 61    7 37    8 60    9 35   10 49   11 95   12 92   13 66   14 80   15 70   16 76   17 24   18 53   19 44   20 50 
   1 90    2 54    3 36    4 35    5 91    6 53    7 26    8 91    9 61   10 73   11 96   12 54   13 35   14 33   15 44   16  2   17  9   18 41   19  4   20 45 
   1 79    2 70    3  2    4  8    5 22    6 11    7 45    8 39    9 88   10 66   11 65   12 38   13 32   14 92   15 52   16 18   17 70   18 20   19 32   20 68 
   1 63    2 40    3 48    4  4    5 87    6 11    7 85    8 68    9 82   10 13   11 75   12 73   13 25   14 79   15 89   16 10   17 74   18 41   19 53   20 40 
   1 47    2 50    3 80    4  3    5  2    6 77    7 42    8 51    9 64   10 93   11 88   12 55   13 18   14 43   15 10   16 46   17 52   18  6   19 24   20 86 
   1 10    2 30    3 99    4 52    5 46    6 84    7 12    8  3    9 80   10 27   11 19   12 40   13 42   14 76   15 52   16 21   17 46   18 36   19 93   20 70 
   1 62    2 33    3 14    4 62    5 66    6 40    7 43    8 69    9 21   10 42   11 71   12 65   13 56   14 90   15 70   16 69   17 43   18 90   19 96   20 91 
   1 63    2 82    3 13    4 66    5 74    6 14    7  1    8  2    9  7   10 18   11 58   12 43   13  8   14 98   15  5   16 81   17 45   18 10   19 80   20 24 
   1 37    2 34    3 82    4 23    5 64    6 26    7 74    8 17    9 96   10 66   11 76   12 87   13 97   14 33   15 25   16 89   17 92   18 20   19 47   20 92 
   1 53    2 95    3 89    4 74    5 66    6 52    7 89    8 43    9  9   10 80   11 64   12 68   13 81   14 66   15 74   16 65   17 87   18 49   19 36   20 46 
   1 86    2 21    3  6    4 78    5 33    6 83    7 16    8 94    9 20   10 10   11 91   12 97   13 54   14  5   15 52   16 45   17 77   18 71   19 26   20 25 
   1 15    2 37    3 78    4 10    5 91    6 66    7 55    8 53    9 31   10 66   11 52   12 25   13 71   14 66   15 58   16 58   17 98   18 58   19  1   20 76 
   1 62    2  4    3 49    4 78    5 51    6 86    7 93    8 75    9 45   10 48   11 16   12 26   13 50   14 79   15 88   16 18   17 86   18 59   19 54   20 33 
   1 17    2 65    3 50    4 44    5 51    6 34    7 93    8 25    9 18   10 72   11  7   12 98   13 95   14 29   15 15   16 51   17 39   18 21   19  1   20 42 
   1 47    2 21    3 40    4 94    5 74    6 34    7 70    8 66    9 62   10 29   11 71   12 73   13 73   14 36   15  6   16  1   17 14   18 26   19  2   20 56 
   1 99    2 51    3 66    4 94    5  8    6 93    7 19    8 61    9 18   10 14   11 90   12  6   13 27   14 74   15 16   16 57   17 44   18  9   19 32   20 36 
   1 89    2 34    3 92    4 39    5 43    6 22    7 44    8 62    9 88   10 36   11 82   12  3   13 40   14 11   15 73   16 56   17 39   18 54   19 58   20 49 
   1 66    2 16    3 74    4 33    5  9    6 46    7  6    8 42    9  5   10 61   11 86   12 11   13 97   14 48   15 77   16 65   17 82   18 57   19 86   20 51 
   1 84    2 75    3 98    4  8    5 90    6 12    7 94    8 58    9 18   10 48   11 87   12 80   13  3   14 87   15 67   16 45   17 13   18 29   19 68   20 49 
   1 52    2  7    3 75    4 79    5 55    6 11    7 81    8 77    9 87   10  1   11 29   12 89   13 78   14 50   15 85   16 85   17 56   18 45   19 43   20 45 
   1 55    2 91    3 48    4 92    5 72    6 32    7 12    8 76    9 36   10 48   11 52   12 54   13 99   14 48   15  2   16 61   17 17   18 32   19 12   20 74 
   1  4    2 93    3 88    4 15    5 23    6 77    7 15    8 30    9 59   10 17   11 79   12 96   13 50   14 84   15 53   16 13   17 92   18 44   19 16   20 80 
   1 80    2 45    3 77    4 30    5 96    6 55    7 43    8 60    9 61   10 41   11 48   12 74   13 74   14 62   15 54   16 45   17 96   18  9   19 73   20  3 
   1 82    2  5    3 26    4 18    5 13    6 33    7 67    8  1    9 75   10 91   11 12   12 26   13 18   14 43   15  2   16  7   17 87   18 91   19 25   20 53 
   1 97    2 14    3 21    4 38    5 25    6 68    7 17    8 67    9 73   10 10   11 77   12 23   13 81   14 93   15 99   16 52   17 21   18 21   19 82   20 56 
   1 31    2 62    3 51    4 12    5 84    6 46    7 29    8 36    9 39   10 56   11 44   12 45   13 50   14 46   15 81   16 26   17 86   18 97   19 19   20 92 
   1 26    2 11    3  8    4 38    5 27    6 43    7 51    8 36    9  1   10  5   11 37   12 55   13 79   14  4   15 78   16 39   17 49   18 91   19 38   20 72 
   1 70    2 31    3 22    4 79    5 68    6 77    7 15    8 14    9 83   10 23   11 77   12 55   13 26   14 21   15  5   16 62   17 21   18 51   19 31   20 28 
   1 42    2 92    3 80    4 23    5 43    6 21    7 97    8 63    9 14   10 24   11  9   12 92   13 41   14 81   15 93   16 51   17 31   18 97   19  1   20  5 
   1 18    2 73    3 82    4 63    5 42    6 56    7 23    8 97    9 31   10 10   11 54   12 23   13 55   14 44   15 99   16 62   17 18   18 89   19 51   20 82 
   1 19    2 88    3 81    4 18    5 48    6 47    7  9    8 40    9 66   10 35   11 22   12 64   13 15   14 60   15 21   16 81   17 60   18 29   19 45   20 11 
   1 52    2 70    3  8    4 51    5 47    6 22    7 42    8 72    9 57   10 15   11 24   12  9   13 61   14 16   15 83   16 31   17 61   18 19   19 77   20 72 
   1 50    2 77    3 41    4 26    5 88    6 56    7 99    8  6    9 46   10 95   11 69   12 91   13 35   14 23   15 93   16 97   17 75   18 74   19 39   20 67 
   1  5    2 37    3 90    4 26    5 71    6 71    7 14    8 32    9 76   10 68   11 80   12 13   13 43   14  8   15 60   16 73   17 14   18  7   19 73   20 75 
   1 51    2 66    3 58    4 85    5 51    6 94    7 61    8 71    9 15   10 68   11 97   12 35   13 97   14 95   15 89   16 82   17  2   18 28   19 27   20  2 
   1 71    2 99    3  1    4 13    5 10    6 29    7 52    8 35    9 56   10 24   11 15   12 18   13 40   14 78   15 52   16 79   17 36   18 98   19 36   20 71 
   1 32    2 12    3 50    4 69    5 32    6 91    7 48    8 90    9 81   10 62   11 18   12 56   13 37   14 31   15 17   16 69   17 21   18 27   19 52   20 77 
   1 76    2 52    3 39    4  6    5 53    6 57    7 62    8 11    9 12   10  8   11 10   12 97   13 61   14 35   15 33   16 97   17 98   18 87   19 74   20 75 
   1 13    2 98    3 13    4 99    5 85    6 80    7 57    8 23    9 80   10 90   11 99   12 44   13  7   14 87   15  2   16 68   17 71   18 91   19  4   20 24 
   1 80    2 54    3 96    4 99    5 40    6 28    7  3    8 27    9 50   10 58   11 38   12  1   13 98   14 65   15 71   16 92   17 74   18 74   19 52   20 92 
   1 59    2 74    3 14    4 22    5 35    6  5    7  3    8 54    9 16   10 56   11 11   12  5   13 29   14 46   15 73   16 49   17 66   18 15   19 79   20 92 
   1 95    2 43    3 76    4 60    5 84    6 19    7 53    8 63    9 85   10 41   11 89   12  3   13 49   14 43   15 11   16 25   17 35   18 77   19 15   20 31 
   1 44    2 12    3 31    4 66    5  5    6 65    7 86    8 77    9  6   10 82   11 39   12 67   13 28   14 53   15 54   16 24   17 92   18 21   19 10   20 49 
   1 28    2 56    3 60    4 97    5 29    6 49    7 41    8 44    9 18   10 61   11 47   12 56   13 17   14  4   15 13   16 33   17 66   18 67   19 39   20 40 
   1 81    2 60    3  7    4 70    5 49    6 63    7 38    8  3    9 21   10 57   11 93   12 45   13 69   14 17   15 23   16 21   17  5   18 87   19 36   20 78 
   1 97    2 81    3 71    4  1    5 74    6 72    7 11    8 28    9 79   10 70   11 95   12 87   13 36   14 25   15 64   16 72   17 65   18 42   19 35   20 73 
   1 28    2  4    3 22    4 25    5 72    6  8    7 54    8 65    9 15   10 60   11 67   12 92   13 97   14  6   15 70   16 30   17 39   18 37   19 94   20 46 
   1 71    2 44    3 18    4 32    5 25    6 39    7 98    8 45    9 26   10 78   11 69   12 41   13 13   14  2   15 22   16 30   17 14   18 55   19 51   20 77 
   1 24    2 67    3 57    4 32    5  3    6 95    7 56    8 56    9 63   10 50   11 89   12  2   13 89   14 72   15 98   16 53   17 38   18 91   19 84   20 25 
   1 69    2 18    3 72    4  9    5 41    6 26    7 10    8 21    9 99   10 56   11 45   12 33   13 48   14 32   15 83   16 62   17 26   18 37   19 21   20 29 
   1 78    2 53    3 73    4 43    5 23    6 31    7 21    8 78    9 29   10 98   11 55   12 70   13 47   14 49   15  5   16 46   17 65   18 45   19  1   20 58 
   1 78    2 67    3 41    4 17    5 19    6 77    7 63    8 57    9 97   10 45   11  8   12  3   13 88   14 36   15 20   16 89   17 77   18 75   19 24   20 58 
   1 75    2 45    3 99    4 35    5 94    6 75    7 61    8 98    9 42   10 42   11 10   12 78   13 95   14 44   15 45   16 86   17 20   18 46   19 12   20 19 
   1 21    2 13    3 64    4 25    5 56    6 52    7 60    8 88    9 17   10 39   11 54   12 48   13 45   14 87   15 96   16 98   17 22   18 65   19 72   20 46 
   1 17    2 29    3 46    4 51    5 70    6 93    7 71    8  7    9 92   10 33   11 51   12  1   13 21   14 36   15 72   16 41   17  8   18 89   19  2   20 54 
   1 17    2 10    3 32    4 52    5 72    6 69    7 46    8 39    9 98   10 77   11 66   12 47   13 20   14 53   15 92   16 23   17 16   18 71   19 30   20 96 
   1 29    2 83    3 60    4 46    5 13    6 76    7 25    8 26    9 29   10 15   11  9   12 24   13 94   14 76   15 29   16 96   17 36   18 18   19 90   20 24 
   1 92    2 12    3 50    4 58    5 53    6 65    7 81    8 33    9 59   10 79   11 40   12 57   13 99   14 25   15 21   16 81   17 65   18 62   19 85   20 93 
   1 68    2 51    3 35    4 56    5 31    6 66    7 14    8 85    9 87   10 48   11 95   12  8   13 45   14 92   15 86   16  7   17 15   18 66   19 28   20 78 
   1 73    2 27    3 29    4 54    5 87    6 89    7 24    8 44    9  4   10 53   11 86   12 15   13 99   14  5   15 63   16  7   17 21   18 28   19 50   20 18 
   1 54    2 78    3  2    4 20    5 43    6  8    7 78    8 31    9 93   10 86   11  1   12 78   13 35   14 30   15 88   16  3   17 76   18 25   19 64   20 57 
   1 91    2 35    3 34    4 21    5 65    6 97    7 33    8 60    9 48   10  1   11 79   12 45   13 51   14 34   15 39   16 14   17 92   18 55   19 71   20 47 
   1 83    2 43    3 64    4 94    5 10    6 48    7 97    8  6    9 99   10 75   11 20   12 68   13 54   14 71   15  6   16 96   17 51   18 66   19 60   20 85 
   1 66    2 28    3 50    4 37    5 19    6 84    7 38    8 23    9 54   10 71   11  2   12 24   13 27   14 33   15 73   16 39   17 79   18 39   19 24   20 57 
   1 45    2 89    3 70    4 74    5 32    6  2    7 38    8  4    9 96   10 45   11 13   12 20   13 34   14 44   15 94   16  8   17 27   18 25   19 19   20 65 
   1 84    2 37    3 16    4 38    5 56    6 83    7 71    8  2    9 58   10 70   11 58   12  6   13 19   14 15   15 76   16  8   17 50   18 14   19  4   20 50 
   1 28    2 19    3  8    4 80    5 93    6  7    7 21    8 16    9 38   10  1   11 31   12 65   13 78   14 69   15 88   16 92   17 95   18 28   19 39   20 60 
   1 83    2 47    3 32    4 82    5 21    6 60    7 36    8 16    9 30   10 18   11 49   12 31   13 65   14 31   15 78   16 80   17 81   18 32   19 67   20 28 
   1 98    2 25    3 11    4 48    5 49    6 76    7 48    8  8    9  2   10 89   11 52   12 87   13 10   14 76   15 49   16 58   17 13   18 74   19 49   20 73 
   1 49    2 87    3  7    4 49    5 51    6  2    7 16    8 74    9 52   10 41   11 20   12  6   13 22   14 22   15 91   16  2   17 59   18 66   19 16   20  4 
   1 98    2  9    3 36    4 59    5 81    6 35    7 21    8 53    9 37   10 55   11  9   12 53   13 71   14 10   15 10   16 71   17 59   18 90   19 62   20 40 
   1 41    2 17    3 26    4 11    5  5    6 18    7 25    8 37    9 45   10 26   11 83   12 28   13 48   14 44   15 82   16  7   17 57   18 85   19 95   20 54 
   1 56    2 43    3 57    4 65    5 30    6 63    7 63    8 89    9 22   10 40   11 20   12 51   13 53   14 93   15 73   16 21   17 12   18 11   19 50   20 65 
   1 88    2  7    3 39    4 42    5 43    6 10    7 64    8 34    9 54   10 34   11 25   12 33   13 53   14 16   15 59   16 62   17 40   18 18   19 79   20 24 
   1 27    2 23    3 46    4  2    5 35    6 51    7 40    8 66    9 18   10 74   11 31   12 12   13 63   14 38   15 42   16 71   17 36   18 50   19 11   20 53 
   1 70    2 49    3 86    4 10    5 73    6 93    7 95    8 48    9  2   10  8   11 17   12  1   13 90   14 89   15 37   16  7   17 67   18 18   19  9   20 38 
   1 16    2 43    3 84    4 76    5 20    6 83    7 17    8 25    9 67   10 41   11 68   12 84   13 29   14 74   15 44   16 35   17 90   18 88   19 26   20 70 
   1 59    2 75    3 74    4  5    5 98    6 71    7 39    8 66    9 92   10 58   11 58   12  8   13 18   14 30   15 59   16  4   17 28   18 91   19 75   20 47 
   1 82    2 11    3 55    4 35    5  7    6 45    7 41    8 30    9 64   10 92   11 93   12 50   13 88   14 65   15  9   16 32   17 24   18 92   19 65   20  7 
   1 91    2 75    3 64    4 60    5 87    6 11    7 74    8 99    9 44   10 90   11 74   12 48   13 63   14 25   15 35   16 36   17 55   18 26   19 12   20 27 
   1 30    2 40    3 43    4 71    5 63    6 14    7 53    8 49    9 61   10 13   11 33   12 47   13 81   14  2   15  3   16 48   17 78   18 25   19 69   20 85 
   1  9    2 48    3 19    4 16    5 98    6 42    7  9    8  9    9 14   10 47   11 66   12  3   13 79   14 31   15 37   16 84   17 47   18 85   19  2   20 84 
   1 54    2 24    3 25    4  4    5 75    6 41    7 91    8  4    9 32   10 34   11 30   12  8   13 24   14 81   15 20   16  6   17 22   18  4   19 47   20 34 
   1 46    2 43    3 18    4 93    5 20    6 18    7  8    8 49    9 33   10 38   11  9   12 76   13  1   14 21   15 93   16 53   17 42   18 24   19 63   20 56 
   1 69    2 48    3 79    4 82    5 81    6 58    7 15    8 53    9 36   10 41   11  5   12 36   13 66   14 36   15 69   16 39   17 60   18 50   19 91   20 18 
   1 94    2  3    3 72    4 64    5 30    6 33    7 43    8 25    9 47   10 66   11 12   12 83   13  9   14 12   15  9   16 98   17 23   18 76   19 77   20 76 
   1 22    2 53    3 77    4 93    5 77    6 17    7 33    8 93    9 37   10  4   11 81   12 88   13 30   14 69   15 86   16 55   17 37   18 19   19 51   20 60 
   1 42    2 50    3 91    4 11    5 62    6 87    7 48    8 21    9 97   10 86   11 15   12 40   13 40   14 73   15 25   16 57   17 31   18 80   19 27   20 44 
   1 80    2 63    3 43    4 11    5 14    6 37    7 80    8  8    9 53   10 24   11 51   12  6   13 35   14 74   15 34   16 12   17 90   18 23   19 67   20 64 
   1 22    2 57    3 44    4 53    5 50    6 91    7 21    8 23    9 14   10 31   11 27   12 52   13 14   14 77   15 11   16 85   17 22   18 40   19 95   20 56 
   1 79    2 93    3 93    4 41    5 47    6 63    7 47    8 22    9  4   10 52   11 63   12 51   13 29   14 24   15 95   16 55   17 92   18 37   19 91   20  1 
   1 33    2 46    3 90    4 10    5 99    6 82    7 21    8 62    9 98   10 10   11 64   12  8   13 43   14 87   15 89   16  8   17 92   18 41   19 14   20 46 
   1 34    2 97    3 38    4 24    5 69    6 20    7 37    8 13    9 98   10 26   11 88   12 42   13 47   14 11   15 96   16 26   17 34   18 78   19 44   20 72 
   1 69    2 11    3 86    4 89    5 79    6  2    7 91    8 40    9 58   10 69   11 89   12 59   13 85   14  5   15  5   16 43   17 84   18 90   19 89   20 41 
   1 60    2 18    3 73    4 23    5 30    6 85    7 57    8 53    9 91   10 56   11 80   12 39   13 12   14  7   15 24   16 23   17 41   18 27   19 40   20 97 
   1 47    2  6    3 77    4 11    5 38    6 28    7 46    8 27    9 75   10 83   11 29   12 74   13 44   14 81   15 74   16 51   17 57   18 21   19 11   20 78 
   1 20    2 31    3 88    4 89    5  7    6 69    7 88    8 15    9  3   10 64   11 47   12 95   13 47   14 91   15 65   16  7   17 41   18 69   19 63   20 83 
   1  9    2 49    3 22    4 37    5 10    6 52    7 87    8 86    9 50   10 99   11 27   12 96   13 35   14 62   15 72   16 81   17 38   18 87   19 88   20 65 
   1  1    2 97    3 69    4 19    5 16    6 57    7 23    8 13    9 33   10 87   11 22   12 55   13 90   14 88   15 17   16 48   17 68   18 24   19 56   20 72 
   1  9    2 11    3 22    4 73    5 38    6  3    7  2    8 94    9 48   10 16   11 53   12 90   13 29   14 76   15 22   16 76   17  1   18  4   19 24   20 58 
   1 64    2 53    3 59    4 60    5 38    6 10    7 97    8 85    9 50   10 79   11  9   12 95   13 70   14 52   15 49   16  8   17 91   18 40   19 35   20 82 
   1 64    2 42    3 53    4 99    5 99    6 65    7 79    8 27    9 34   10 98   11 35   12 40   13 81   14 78   15 18   16 65   17 26   18 84   19 16   20 72 
   1 88    2 90    3 81    4 80    5  3    6 12    7 84    8 18    9 36   10 92   11 75   12 77   13 66   14 14   15 20   16  3   17 64   18 49   19 28   20 45 
   1 34    2 76    3 82    4 53    5 92    6 52    7  4    8 48    9 88   10 12   11 42   12 18   13 46   14  1   15 23   16 62   17 10   18 99   19 42   20 52 
   1 52    2 12    3 70    4 56    5 57    6 49    7 81    8 28    9 18   10 43   11 50   12 50   13 34   14 49   15 63   16 37   17 93   18 10   19 45   20 24 
   1 32    2 20    3 29    4 73    5 29    6 86    7 38    8 32    9 34   10 45   11 34   12 54   13 21   14 58   15 23   16 38   17 74   18 19   19 21   20 66 
   1 69    2 93    3  9    4 55    5 31    6 52    7 24    8 77    9 69   10 28   11 54   12 43   13 10   14 62   15 94   16  3   17 83   18 24   19 76   20 35 
   1 86    2 25    3 22    4 62    5 52    6 72    7 26    8 50    9 85   10 45   11 89   12 85   13 56   14 84   15  1   16 37   17 18   18 40   19 26   20 54 
   1 26    2 53    3 90    4 96    5 55    6 67    7 44    8 21    9 58   10 41   11 10   12  3   13  3   14 20   15 18   16 67   17 88   18 94   19 34   20 22 
   1 67    2 26    3 56    4  5    5 14    6 29    7 64    8 24    9 78   10 93   11 19   12 60   13 41   14 15   15 19   16 59   17 77   18 70   19 30   20 80 
   1 53    2 55    3 92    4 29    5 93    6 36    7 46    8 14    9 63   10 48   11 54   12 43   13 74   14 23   15 90   16  8   17 48   18 99   19 50   20 49 
   1 30    2 71    3 25    4 60    5 33    6  2    7 53    8 64    9 86   10 36   11 56   12  8   13 81   14 39   15 49   16 56   17 93   18 24   19 76   20 97 
   1 81    2  3    3 49    4 47    5 51    6 91    7 15    8 76    9 89   10 11   11 61   12 42   13 75   14  6   15 34   16 34   17 16   18  2   19 41   20 14 
   1 27    2 42    3 97    4 18    5 92    6 30    7 47    8 58    9  1   10  2   11 10   12 81   13 11   14  4   15 32   16 99   17 81   18 45   19 12   20  9 
   1 30    2 11    3 19    4 13    5 88    6 80    7 96    8 71    9 21   10 88   11 39   12 71   13 90   14 96   15 10   16 34   17 63   18 94   19 91   20 96 
   1 36    2 84    3 19    4 16    5 16    6 77    7 93    8 12    9 80   10 36   11 82   12 68   13 41   14 98   15 96   16 68   17 20   18  3   19 71   20 97 
   1 11    2  6    3 63    4 33    5 70    6 58    7 15    8 77    9 15   10 11   11 93   12 99   13 79   14 88   15 13   16 58   17  7   18 31   19 97   20 43 
   1  9    2 72    3 57    4 70    5 15    6 46    7  7    8 29    9 40   10 83   11  2   12 73   13 37   14 15   15 81   16 64   17 72   18 93   19  6   20 65 
   1 57    2  5    3 74    4 15    5 29    6 82    7 80    8 11    9 52   10 51   11 75   12 96   13 93   14 46   15  1   16 89   17 31   18 61   19 65   20 93 
   1 58    2 60    3 64    4 94    5 91    6 86    7 85    8 16    9 82   10 92   11 15   12 78   13 39   14  1   15  7   16 18   17 69   18 28   19 73   20 57 
   1  4    2 71    3 69    4 41    5 39    6 96    7 34    8 68    9 83   10 61   11 93   12 45   13 12   14  6   15 48   16 91   17 33   18 16   19  3   20 79 
   1 28    2 82    3 75    4 37    5  3    6 75    7 30    8  6    9 20   10 78   11 33   12 87   13 37   14 80   15 92   16 44   17  1   18  4   19 60   20 78 
   1 49    2 96    3 14    4 34    5 30    6 17    7 11    8 16    9 63   10 35   11 14   12 25   13 40   14 94   15 67   16 86   17 45   18 93   19 40   20 87 
   1 23    2 54    3 67    4 36    5 99    6 59    7 96    8 30    9 30   10 43   11 20   12 25   13 60   14 51   15 51   16 74   17 29   18 52   19 99   20 21 
   1 56    2 83    3 44    4 98    5 86    6 57    7 43    8 16    9 41   10 99   11 78   12 15   13 37   14 61   15 81   16 61   17  9   18 13   19 87   20 90 
   1 22    2 17    3 83    4 24    5 63    6 98    7 76    8 80    9 43   10 54   11 28   12 38   13 88   14 86   15 30   16 55   17 51   18 11   19 22   20 19 
   1 69    2 45    3 14    4 74    5 17    6 61    7  3    8 16    9  5   10 30   11 94   12 61   13 76   14  7   15 77   16 16   17 85   18 40   19 85   20 20 
   1  2    2 39    3 37    4  5    5 79    6 25    7 79    8 28    9 69   10 72   11 83   12 76   13 37   14 92   15 96   16 91   17 87   18 43   19 64   20 72 
   1 13    2 54    3 33    4 75    5 78    6 56    7 66    8 30    9 78   10  9   11 43   12 12   13 75   14 59   15 30   16 26   17 92   18 85   19 78   20 11 
   1 11    2 86    3 10    4 71    5 37    6 50    7 81    8 38    9  3   10 39   11  6   12 47   13 26   14 82   15 36   16  8   17 21   18 17   19 15   20 43 
   1 33    2 53    3 14    4 81    5 39    6 65    7 14    8 92    9 14   10 37   11 74   12 47   13 67   14 71   15 93   16 40   17  4   18 36   19 10   20 76 
   1 12    2 18    3 95    4 33    5 24    6 20    7 86    8 12    9 76   10 96   11 69   12 23   13 42   14 49   15 23   16 95   17 84   18 67   19 13   20 53 
   1 79    2 69    3 59    4 38    5 22    6 85    7 67    8 96    9 41   10 33   11 79   12 10   13 40   14  7   15 76   16 29   17 75   18 21   19 79   20 86 
   1 28    2 64    3 10    4 33    5  7    6 83    7 43    8  9    9 26   10 93   11 57   12 66   13 57   14 39   15 44   16 53   17 14   18 18   19 33   20 56 
   1  1    2 55    3 46    4 70    5 32    6 21    7  6    8 50    9 48   10 53   11 62   12  9   13 27   14 38   15 13   16 27   17 84   18 53   19  8   20 75 
   1 18    2 86    3  1    4 58    5 80    6 49    7 70    8 90    9 71   10 71   11 59   12 25   13 75   14 88   15 93   16 27   17 47   18 47   19 69   20 21 
   1 50    2  8    3 97    4 27    5 60    6  8    7 96    8 86    9 93   10 13   11 66   12 43   13 81   14  2   15 10   16 95   17  4   18 98   19 90   20 26 
   1 58    2 39    3 49    4 50    5 66    6 81    7 18    8 40    9 78   10 49   11 46   12 29   13 85   14 74   15 93   16  3   17 37   18 94   19 20   20 77 
   1 80    2 79    3 56    4 95    5 66    6 44    7 60    8 77    9 91   10 18   11 42   12 27   13 80   14 58   15 81   16 66   17 58   18 52   19 48   20 78 
   1 35    2 95    3 15    4 65    5 40    6 32    7 47    8 72    9 45   10 77   11 47   12 55   13 87   14 66   15 72   16 44   17 97   18 56   19 47   20 98 
   1 21    2 41    3 35    4 95    5 11    6 16    7 12    8 22    9 58   10 26   11 93   12 50   13 88   14 37   15 82   16 35   17 69   18 69   19 25   20 46 
   1 72    2 10    3 80    4 10    5 91    6 10    7 80    8 60    9  2   10 26   11 80   12 14   13 47   14 99   15 67   16 19   17 17   18 11   19  2   20  5 
   1 62    2 51    3 22    4 41    5 12    6 39    7 65    8 45    9 57   10 85   11 93   12 68   13  2   14  3   15 28   16 60   17 56   18 10   19  9   20 97 
   1 37    2  4    3 73    4 86    5 77    6 57    7  5    8 83    9 36   10 88   11 12   12 86   13  3   14  6   15 11   16 27   17 25   18 94   19 71   20 18 
   1  7    2 12    3 55    4 71    5 68    6 56    7 56    8 64    9 29   10 29   11 56   12  5   13 46   14 33   15 37   16 27   17 31   18 47   19 19   20 29 
   1 58    2 33    3 97    4 72    5 10    6 58    7 94    8 46    9 70   10 50   11 41   12 34   13 97   14 46   15  1   16 24   17  5   18 73   19 58   20 94 
   1 53    2 23    3 15    4 17    5 16    6 76    7 92    8 74    9 79   10 61   11 81   12 56   13  9   14 55   15 44   16 94   17 34   18 83   19 85   20 24 
   1 43    2 31    3 65    4 10    5 53    6 41    7 93    8 55    9 54   10 96   11 37   12  4   13 37   14 59   15 30   16  2   17  8   18 58   19 19   20 46 
   1 82    2 19    3 11    4 56    5 76    6 28    7 71    8 22    9 17   10 68   11 53   12 44   13 28   14 11   15 10   16 43   17  2   18 62   19 37   20  3 
   1 49    2  6    3 87    4 13    5 71    6 22    7 51    8 73    9 27   10  3   11  2   12 65   13 32   14 95   15 79   16 94   17 51   18 57   19  4   20 44 
   1 40    2 66    3 87    4 37    5 30    6 14    7 98    8 46    9 25   10 37   11 56   12 88   13 11   14 28   15 57   16 48   17 35   18 91   19 63   20 95 
   1 91    2 73    3 55    4 44    5 46    6 84    7 11    8 43    9 28   10 94   11  2   12 19   13 41   14 69   15 23   16  4   17 43   18 24   19 22   20 10 
   1 15    2 68    3 86    4 27    5 51    6 20    7 76    8 89    9 48   10 18   11 25   12 58   13 48   14 51   15 32   16 87   17 91   18 56   19 81   20 40 
   1 64    2 91    3 95    4 48    5  8    6 84    7 75    8 28    9 12   10 84   11 32   12 12   13 54   14 46   15 48   16 59   17 82   18  4   19 98   20 81 
   1 16    2 84    3 29    4 36    5 11    6 45    7 17    8 82    9 28   10 59   11 78   12 83   13 44   14 78   15 23   16 68   17 98   18 60   19 77   20 22 
   1 13    2 93    3 27    4 41    5  7    6 12    7 60    8 24    9 75   10  3   11 77   12 14   13 72   14  3   15 27   16 30   17 97   18 25   19 99   20 22 
   1 30    2 81    3 69    4 48    5 73    6 46    7 91    8 86    9 74   10 94   11 66   12 93   13 27   14 35   15 72   16 41   17 96   18  2   19 41   20 54 
   1 69    2 36    3  7    4  7    5 89    6 67    7 85    8 29    9 30   10  2   11 95   12 54   13 78   14 86   15 17   16 67   17 53   18 25   19  1   20 78 
   1 25    2 50    3 31    4 57    5 89    6 95    7 81    8 27    9 68   10 92   11 51   12 84   13 70   14 50   15 16   16 67   17 80   18 93   19 89   20 78 
   1 61    2 26    3 60    4 21    5 91    6  9    7 57    8 12    9 54   10 40   11 77   12 36   13 87   14 60   15 75   16 95   17 67   18 37   19 95   20 65 
   1 53    2 25    3 37    4 10    5 42    6 80    7 49    8  5    9 78   10  2   11 82   12 93   13 37   14 94   15  6   16 23   17 16   18 49   19 40   20 89 
   1 16    2 22    3 98    4 10    5  6    6 42    7  5    8  9    9 68   10 68   11 77   12  5   13 79   14 97   15 33   16 65   17 69   18 86   19 52   20 78 
   1 26    2 41    3 56    4 74    5  9    6 27    7 69    8  3    9 98   10 32   11 60   12 73   13 94   14 73   15 20   16 64   17 84   18 16   19 55   20 88 
   1 74    2 93    3 58    4 17    5 87    6 48    7 56    8 16    9 98   10 65   11 84   12 63   13 99   14 49   15  7   16 62   17 21   18 46   19  8   20 50 
   1 60    2 21    3 47    4 47    5 95    6 95    7 47    8 91    9 84   10 87   11 97   12 26   13 23   14 57   15 64   16 84   17 39   18 81   19 76   20  9 
   1 60    2 24    3 29    4 66    5 61    6 10    7 92    8 85    9 53   10  1   11 45   12 97   13 59   14 43   15 25   16  5   17 76   18 90   19 26   20 32 
   1 36    2 50    3 94    4 87    5 99    6 26    7 15    8 22    9 50   10 34   11 11   12 46   13 33   14 42   15  8   16 83   17 95   18 46   19 90   20 66 
   1 93    2 69    3 37    4 11    5 67    6 14    7 84    8 37    9 61   10 88   11 21   12 77   13 98   14 92   15 76   16 70   17 23   18 48   19 57   20 86 
   1 25    2 96    3 58    4 88    5 17    6 89    7 86    8 76    9 23   10 87   11 12   12 62   13 53   14 52   15 83   16 73   17 72   18  7   19 77   20 52 
   1 69    2 19    3 89    4 31    5 27    6 44    7 32    8 34    9 59   10 24   11  4   12 12   13 56   14 33   15 31   16 10   17 83   18 65   19 38   20 65 
   1 74    2 22    3 55    4 21    5 58    6 65    7 57    8 49    9 14   10 43   11 96   12 45   13 21   14 92   15 40   16 88   17 23   18 49   19 14   20 92 
   1 42    2 92    3 28    4 31    5 54    6 25    7 49    8 27    9 66   10 46   11 56   12 32   13 34   14 22   15 22   16 28   17 75   18 98   19 70   20 75 
   1 52    2 43    3  8    4 74    5 74    6 75    7  8    8 73    9 37   10 88   11 21   12 68   13 82   14 80   15 20   16 21   17 47   18 16   19 37   20 62 
   1 43    2 18    3 96    4 97    5 74    6 51    7 58    8  8    9  6   10 48   11  2   12  6   13 91   14 72   15 25   16 45   17 68   18 14   19  8   20 45 
   1 16    2 32    3 30    4 61    5 96    6 36    7 92    8 50    9 26   10 29   11 68   12 48   13 56   14 86   15 90   16 42   17 76   18 12   19 68   20 46 
   1 87    2 11    3 20    4 11    5 24    6 11    7 93    8 65    9 34   10 56   11 59   12 85   13 24   14 28   15 30   16  5   17 60   18 29   19 38   20 18 
   1 99    2 77    3 80    4 81    5  3    6 67    7 90    8 98    9 95   10 70   11 50   12  1   13 62   14 84   15 98   16 21   17 20   18  7   19 39   20 24 
   1 66    2 59    3 86    4 73    5  4    6 95    7 31    8 35    9 59   10 61   11 65   12 35   13 69   14 82   15 58   16 51   17 27   18 96   19 50   20  6 
   1 11    2 77    3 46    4 94    5 83    6 96    7 93    8  4    9  9   10 50   11 45   12 82   13 77   14 83   15 15   16 78   17 30   18 38   19 92   20 93 
   1 95    2 24    3 31    4 18    5 31    6 41    7 22    8 12    9  5   10 13   11 68   12 39   13 51   14 65   15 79   16 34   17 35   18 94   19 33   20 67 
   1 80    2 68    3 48    4 79    5 94    6 72    7 71    8  4    9 10   10 95   11 36   12 20   13 39   14 76   15  5   16 43   17 27   18 52   19 85   20 73 
   1 28    2 25    3 84    4  6    5 82    6 47    7 99    8 64    9 62   10 86   11 79   12 87   13 19   14 49   15 42   16 75   17 51   18  7   19 67   20 85 
   1 17    2 58    3 22    4 77    5 32    6 76    7 19    8 21    9 60   10 99   11 38   12 77   13 25   14 75   15 37   16 50   17 91   18 64   19  2   20 53 
   1 49    2 10    3 81    4 83    5 82    6 61    7 56    8 38    9 70   10  2   11 71   12 99   13 15   14 80   15 30   16 79   17 37   18 38   19 73   20  9 
   1 17    2 77    3 38    4 48    5 96    6 62    7 67    8 10    9 10   10 92   11 30   12 10   13 20   14 61   15 99   16 86   17 68   18 42   19 65   20 93 
   1 72    2 62    3 86    4 43    5 64    6 21    7 61    8 78    9 24   10 61   11 16   12 43   13 42   14 98   15 33   16 64   17 83   18 41   19 98   20 39 
   1 53    2 33    3 62    4 83    5 95    6 54    7 40    8 46    9  6   10 38   11 99   12 68   13 55   14 65   15  6   16 20   17 93   18 23   19 69   20 59 
   1 33    2 70    3 77    4 25    5 15    6 83    7 94    8  8    9 34   10 62   11 52   12 54   13 67   14 15   15 54   16 33   17 87   18 55   19 63   20 79 
   1 90    2 14    3 27    4 14    5 51    6 75    7 70    8 27    9 22   10 13   11 38   12 80   13 91   14 99   15 80   16 94   17 19   18 25   19 50   20 40 
   1 11    2 99    3 99    4 18    5 36    6 47    7 92    8 77    9 52   10 59   11 82   12 28   13 65   14 93   15 36   16  8   17 89   18  5   19 26   20 56 
   1 13    2 45    3  9    4 16    5 97    6  1    7  3    8  1    9 21   10 86   11 11   12 33   13 75   14  2   15 62   16 82   17 13   18 54   19 70   20 41 
   1 61    2 33    3  6    4 42    5  2    6 63    7  1    8 32    9 33   10 58   11 42   12 78   13 13   14 55   15 87   16 76   17 37   18 25   19 71   20 55 
   1 25    2 75    3  1    4 49    5 77    6 15    7 67    8 95    9 45   10 93   11 19   12 70   13 41   14 77   15 76   16 52   17 93   18 14   19 36   20 88 
   1  6    2 95    3 21    4 32    5 44    6 74    7 51    8 13    9 26   10 11   11 19   12  6   13 60   14 21   15 19   16 86   17 27   18 37   19 31   20 36 
   1 99    2 78    3 70    4 69    5 86    6 95    7 36    8  1    9 68   10 60   11 62   12 50   13 98   14 47   15  7   16 86   17 94   18 90   19 84   20 46 
   1 81    2  9    3 33    4 10    5 71    6 16    7 88    8 78    9 20   10 15   11 55   12 74   13  8   14 60   15 73   16 77   17 10   18 83   19 34   20 47 
   1 38    2 75    3 23    4 79    5 12    6 13    7 71    8 68    9  6   10 41   11 82   12 94   13 10   14 63   15 80   16 37   17 19   18 71   19 40   20 67 
   1 52    2 20    3 88    4 64    5 86    6 19    7 22    8 43    9 36   10 80   11 79   12 63   13 19   14 29   15 11   16 33   17 75   18 21   19 29   20  4 
   1 54    2 81    3 46    4 61    5 76    6 53    7 11    8 37    9 55   10 66   11 79   12  2   13 66   14 18   15 49   16 57   17  5   18 92   19 12   20 44 
   1 11    2 22    3 41    4 40    5 74    6  1    7 29    8 91    9 35   10 70   11 55   12 18   13 35   14 12   15 76   16 34   17 80   18 20   19 65   20 37 
   1 23    2 84    3 99    4 82    5  9    6 86    7 90    8  4    9 91   10 23   11 39   12 47   13 45   14  3   15 38   16 52   17 78   18 53   19 14   20 62 
   1 64    2 27    3  9    4 67    5 24    6 69    7 56    8 18    9 79   10 15   11 79   12 55   13 94   14 90   15 34   16  2   17 92   18 18   19 39   20  7 
   1 40    2 27    3  4    4 47    5 34    6 34    7 70    8 18    9 76   10 13   11 73   12 16   13 60   14 27   15 27   16 14   17 68   18  9   19 97   20 96 
   1 25    2 33    3 46    4 76    5 98    6 69    7 21    8 10    9 68   10 44   11 63   12 24   13 90   14 81   15 92   16 35   17 27   18 62   19  7   20 37 
   1 48    2 75    3 94    4 60    5 66    6 81    7 75    8 11    9 28   10 75   11 95   12 35   13 78   14 13   15 23   16  2   17 80   18 13   19 98   20 95 
   1 10    2 83    3 67    4 30    5 83    6 77    7  2    8  2    9 82   10 88   11  6   12 30   13 37   14 35   15 12   16 35   17 22   18 81   19 66   20 27 
   1 24    2 27    3 91    4 75    5 13    6 41    7 81    8 19    9 31   10 71   11  7   12 66   13 49   14 34   15 62   16 54   17 56   18 30   19 64   20 48 
   1 62    2 67    3 59    4  2    5 93    6 45    7 12    8 92    9 24   10 35   11 77   12 16   13 53   14 14   15 34   16 50   17 59   18 12   19 37   20 41 
   1 54    2 90    3 87    4 46    5 35    6 21    7 51    8 78    9 16   10 72   11 84   12 61   13 28   14 96   15  3   16 18   17 30   18 59   19 34   20 96 
   1 60    2  2    3 51    4 26    5 24    6 37    7 15    8 41    9 75   10 41   11 19   12 88   13 38   14 96   15 37   16 69   17 21   18 41   19 62   20 21 
   1 59    2 53    3 22    4 45    5 81    6 96    7 23    8 85    9 30   10 98   11 76   12 51   13 77   14 25   15 56   16 69   17 60   18 96   19 90   20 78 
   1  9    2 79    3 56    4 10    5 49    6 44    7 26    8 30    9  6   10 39   11 20   12  9   13 97   14 28   15 66   16 88   17 42   18 28   19 84   20 50 
   1  5    2 41    3 28    4  1    5 51    6  8    7 68    8 81    9 94   10 24   11 65   12 85   13 54   14 59   15 70   16 47   17 38   18 31   19 33   20 62 
   1 38    2 54    3 15    4 31    5 88    6 26    7 21    8 30    9 57   10 66   11 72   12 82   13 34   14 84   15 40   16 15   17 93   18 67   19 35   20 51 
   1 79    2 56    3 85    4 93    5 86    6  9    7 60    8 68    9 39   10 78   11 46   12 35   13 63   14 71   15 46   16 35   17 40   18 52   19 74   20 42 
   1 49    2 57    3 67    4 61    5 51    6 26    7 49    8 18    9 32   10  7   11 67   12 91   13 79   14 59   15 20   16 96   17 66   18 60   19 16   20 28 
   1 84    2 36    3 47    4 90    5 70    6  1    7 43    8 62    9 50   10 58   11 69   12 94   13 50   14 91   15  9   16 94   17  6   18 93   19 34   20 49 
   1 42    2 61    3 71    4 72    5  4    6 42    7 99    8 31    9  7   10 59   11 60   12 86   13 66   14 27   15 77   16 57   17 88   18 51   19 22   20 24 
   1 89    2 21    3 30    4 68    5 43    6 49    7 17    8 21    9 81   10 79   11 84   12 70   13  6   14 50   15  5   16 32   17 93   18 19   19 60   20 57 
   1 38    2 47    3 73    4 76    5 68    6 47    7 48    8 40    9 20   10 96   11 87   12 82   13 84   14 51   15  5   16 79   17 85   18 51   19 92   20 23 
   1  4    2 26    3 63    4 23    5 93    6 32    7 58    8  1    9 77   10 95   11 91   12 56   13 43   14 43   15 18   16 87   17  7   18 63   19 46   20 47 
   1 41    2 89    3  1    4 70    5 30    6 63    7 37    8 98    9 50   10 99   11 75   12 92   13 29   14  3   15 28   16 57   17 19   18 74   19 37   20  8 
   1 35    2 84    3 95    4 96    5 99    6 21    7 47    8 19    9 29   10 98   11 91   12 38   13 64   14  6   15 44   16 75   17 63   18 72   19  7   20 49 
   1 13    2 62    3 26    4 20    5 26    6 93    7 72    8 56    9 19   10 77   11 66   12 31   13 13   14 95   15 39   16 66   17 81   18 34   19 29   20 64 
   1 10    2 55    3 65    4 28    5 62    6 85    7 25    8 96    9 16   10 22   11 24   12  2   13 57   14  7   15 30   16 16   17 96   18 27   19 23   20 66 
   1 12    2 50    3 37    4 63    5 90    6 88    7 40    8 16    9 78   10 23   11 18   12 79   13 41   14 58   15 57   16 73   17 44   18 85   19 43   20 27 
   1 58    2 47    3 32    4 84    5 87    6 22    7 33    8 93    9 59   10 42   11 83   12 71   13 36   14 89   15 28   16 90   17 65   18 47   19 98   20 74 
   1 79    2 98    3 12    4 43    5 38    6  7    7 24    8 49    9  9   10 49   11 16   12 69   13 29   14 11   15 12   16 99   17 20   18 62   19 70   20 69 
   1 76    2 18    3 50    4  3    5 22    6 90    7 14    8 64    9 41   10 86   11 43   12 27   13 27   14 64   15  6   16 38   17 31   18 42   19 31   20 48 
   1 34    2 12    3 58    4 51    5 73    6 16    7 58    8 41    9 78   10  3   11 21   12 38   13 34   14 74   15 57   16 21   17 27   18  4   19 77   20 62 
   1 45    2 73    3 99    4  8    5 88    6  2    7 52    8  3    9 87   10 27   11 26   12  6   13 96   14 92   15 37   16 15   17 15   18 39   19 92   20 38 
   1 90    2 51    3 25    4 76    5 84    6 46    7 54    8 93    9 94   10 16   11 66   12 26   13 14   14  7   15 65   16 76   17 37   18  2   19 94   20 86 
   1 47    2 23    3 34    4 62    5 39    6 30    7 67    8 16    9 90   10 77   11 18   12 85   13 49   14 63   15 87   16 25   17 73   18  1   19 42   20 15 
   1  8    2  6    3 86    4 39    5 18    6 11    7 22    8 52    9 39   10 45   11  7   12 23   13  9   14 91   15 86   16 74   17 94   18 10   19 45   20 19 
   1 36    2 60    3 72    4 56    5 41    6 25    7 65    8 47    9 99   10  6   11 35   12 29   13 83   14 87   15 48   16 82   17 38   18 51   19 36   20 56 
   1 10    2 76    3 29    4 90    5 72    6 38    7  6    8 93    9 37   10 74   11 19   12 89   13 21   14 80   15 44   16  7   17 63   18 78   19 95   20 61 
   1 96    2 98    3 18    4 82    5 22    6 98    7 74    8 55    9 39   10 69   11 74   12 92   13 93   14 83   15 49   16 48   17 60   18 51   19 99   20 13 
   1 89    2 74    3 92    4  9    5 45    6 63    7 22    8 87    9  8   10 43   11 49   12 41   13 25   14 68   15 19   16 86   17 63   18 84   19 20   20 57 
   1 90    2 13    3 14    4 35    5 69    6 77    7 31    8 62    9 74   10 62   11 25   12 81   13 31   14  1   15 77   16 92   17 10   18 15   19 93   20 97 
   1 40    2 70    3 34    4 29    5 66    6 17    7 77    8 32    9  2   10 17   11 62   12 93   13 31   14 91   15 88   16 53   17 99   18 81   19 70   20 65 
   1  5    2 33    3 13    4 88    5 62    6 64    7 20    8 63    9 64   10 11   11  4   12 43   13 58   14 85   15  1   16 77   17 83   18  6   19 18   20 70 
   1 69    2 91    3 62    4  8    5 32    6 70    7 78    8 98    9 20   10 82   11 58   12 34   13 77   14 82   15 14   16 52   17 49   18 94   19 11   20 63 
   1 90    2 93    3 22    4 91    5 83    6 44    7 64    8 56    9 35   10 50   11 59   12 12   13 97   14 42   15 39   16 78   17 96   18 50   19 22   20 72 
   1  8    2 96    3 32    4 46    5 20    6 13    7 39    8  9    9 73   10 65   11 60   12 98   13  8   14 77   15 99   16 88   17 90   18 57   19  6   20 95 
   1 60    2 30    3  6    4 33    5 53    6 69    7 10    8 20    9 16   10 12   11 61   12 71   13 10   14 41   15 72   16 96   17 16   18  2   19 20   20 37 
   1 67    2 42    3 38    4 48    5 22    6 82    7 30    8 90    9 94   10 42   11 39   12 57   13 18   14 24   15 69   16 89   17 49   18 32   19 61   20 13 
   1  5    2 73    3 43    4 96    5 51    6  1    7 95    8 23    9 59   10 29   11 49   12 30   13 70   14 37   15 61   16 14   17 82   18 69   19 68   20 26 
   1 85    2  5    3 16    4 14    5 48    6 19    7 30    8 79    9 26   10 54   11 57   12 71   13 87   14 87   15 64   16  2   17 19   18 95   19 69   20 90 
   1 15    2 18    3 59    4 53    5 51    6 24    7 15    8  7    9 14   10 20   11 53   12 85   13 70   14 63   15 45   16 31   17 58   18 79   19  5   20 62 
   1 12    2 59    3  9    4 94    5 97    6 29    7 12    8 33    9 48   10 63   11  2   12 56   13 76   14 44   15 54   16  5   17 43   18 86   19  5   20 47 
   1 13    2 93    3 78    4 67    5 31    6 18    7 53    8 86    9  1   10 28   11  1   12 11   13 37   14 39   15 37   16 94   17  1   18 68   19 63   20 42 
   1 35    2 87    3 57    4 70    5 24    6 98    7 65    8 91    9 45   10 79   11 17   12 21   13 92   14 62   15 91   16 42   17 28   18 37   19 18   20 28 
   1 89    2 18    3 47    4 85    5 30    6 53    7 45    8 58    9 33   10 46   11 91   12 66   13 92   14 44   15 42   16 10   17 23   18 49   19 61   20  7 
   1 88    2 38    3 99    4 13    5 76    6 83    7 37    8 57    9 31   10 84   11 28   12 87   13 82   14 69   15 46   16 98   17 61   18 52   19 36   20 35 
   1 44    2 71    3 28    4 79    5 36    6 88    7 86    8  4    9 77   10 55   11 55   12 28   13 67   14 69   15 70   16 65   17 88   18 83   19 35   20  7 
   1 95    2 92    3 56    4 81    5 29    6 27    7 49    8 61    9 23   10 96   11 25   12 48   13 68   14 62   15 69   16 66   17 73   18 34   19 79   20 67 
   1 94    2 95    3 93    4 88    5 11    6 39    7 81    8 14    9  2   10 13   11 80   12 89   13 93   14 31   15 31   16 95   17 86   18 54   19 40   20 43 
   1 81    2 91    3 23    4 99    5 39    6 46    7 69    8 79    9 29   10  2   11 37   12 44   13 87   14 71   15 15   16 62   17 72   18 50   19  4   20 83 
   1 38    2 66    3 94    4 35    5 41    6 32    7 35    8 55    9 64   10 39   11 62   12 53   13 48   14 13   15 14   16 25   17 48   18 93   19 70   20 72 
   1 60    2 13    3 80    4 86    5 29    6 89    7 53    8 58    9 18   10 16   11 82   12  7   13 22   14  9   15 88   16 27   17 95   18 70   19 24   20 74 
   1 30    2 88    3 77    4 50    5 49    6 22    7 82    8 52    9 80   10 38   11 27   12 83   13 64   14 71   15 27   16 32   17 57   18 21   19 22   20 87 
   1 15    2 83    3 69    4 93    5 51    6 57    7 10    8 82    9 70   10 98   11 82   12 54   13 63   14 13   15 87   16 65   17 50   18 58   19 42   20 15 
   1 95    2 55    3 67    4  3    5 59    6 36    7 34    8 43    9 25   10 81   11 74   12 22   13 14   14 66   15 28   16 39   17 10   18 72   19 18   20 13 
   1 56    2 64    3  8    4 30    5 95    6 45    7 23    8 18    9 32   10 36   11 49   12 69   13 57   14 79   15 71   16 55   17 96   18 84   19 34   20 19 
   1 17    2 21    3 44    4 75    5 26    6 77    7 13    8 69    9 39   10 45   11 46   12  2   13 13   14 99   15 77   16 62   17 94   18 36   19 27   20 41 
   1 58    2 73    3 66    4 28    5 16    6 90    7 50    8 29    9 91   10 40   11 39   12 71   13 20   14 20   15 23   16 84   17 97   18 87   19 80   20 81 
   1  6    2 53    3  7    4 62    5 78    6 12    7 65    8  9    9 60   10 37   11 91   12 96   13 40   14 52   15 82   16 16   17 92   18 12   19 58   20  1 
   1 73    2 20    3 16    4 54    5 36    6 67    7 64    8 25    9  2   10 90   11 49   12 54   13 13   14 30   15 30   16 48   17 75   18 22   19 18   20 65 
   1 85    2 24    3 29    4 39    5 72    6 21    7  7    8 21    9 37   10 49   11 63   12 80   13  2   14  6   15 16   16 58   17 43   18 22   19 77   20 17 
   1 15    2 93    3  5    4 15    5 26    6 87    7 58    8 22    9 28   10 74   11 90   12 66   13 31   14 32   15 23   16 90   17 13   18 88   19  9   20 81 
   1 46    2 65    3 95    4 70    5 15    6 98    7 39    8 63    9 58   10 53   11 49   12 63   13 81   14 97   15 91   16 68   17 25   18 20   19 52   20 67 
   1 95    2 78    3 51    4 23    5 89    6 18    7 28    8 42    9 56   10 40   11 78   12 53   13 79   14 99   15 76   16 56   17 46   18 83   19 38   20 47 
   1  4    2 15    3 46    4 85    5 99    6 24    7 42    8 70    9 73   10 67   11 46   12  8   13 89   14 16   15 24   16 83   17 55   18 46   19 87   20 15 
   1 50    2 77    3  3    4  6    5 35    6 65    7 97    8  7    9 80   10  2   11 69   12 53   13 99   14 62   15 35   16 14   17  4   18 24   19 25   20 45 
   1 65    2 74    3  8    4  4    5 84    6  4    7 43    8 98    9 20   10 58   11 71   12 54   13 29   14  6   15 29   16 20   17 13   18 86   19 86   20 87 
   1 28    2 67    3  3    4 82    5  3    6  5    7  4    8 78    9 32   10 29   11 69   12 21   13 17   14 86   15 26   16 97   17 11   18 21   19 62   20 92 
   1 53    2 34    3 41    4 51    5 23    6 53    7 93    8 78    9 88   10 35   11 33   12 19   13 58   14 13   15  2   16 92   17 14   18 73   19 56   20 94 
   1 12    2 86    3 97    4 11    5 52    6 70    7 75    8 15    9 44   10 90   11 39   12 16   13 98   14 65   15 63   16 14   17 81   18 14   19 79   20 91 
   1 55    2 49    3 97    4 21    5 17    6 64    7 33    8 61    9 21   10 29   11 75   12 17   13 20   14 53   15 39   16 59   17 60   18 22   19 53   20  3 
   1 85    2 92    3  8    4 97    5 35    6 57    7 52    8 36    9 90   10  5   11 96   12 95   13  1   14 82   15  6   16 49   17 69   18 75   19 78   20 83 
   1 41    2 37    3 15    4 11    5 10    6  6    7 61    8 88    9 10   10 23   11 57   12 55   13 48   14 12   15 38   16 95   17 85   18 42   19 33   20 59 
   1 13    2 48    3 63    4 81    5 94    6 36    7 30    8 98    9 59   10 29   11 29   12 51   13 88   14 49   15 19   16 33   17 26   18 76   19 79   20  2 
   1 83    2 15    3 30    4 15    5 35    6 49    7 37    8 46    9  3   10 81   11 74   12 16   13 72   14 93   15 54   16 14   17 71   18 29   19  1   20 59 
   1  5    2 40    3 43    4 26    5 35    6 20    7 55    8  7    9 82   10 24   11 41   12 24   13 96   14 88   15 93   16 51   17 12   18 83   19 30   20 55 
   1 79    2 91    3 73    4 30    5 88    6 83    7 81    8 15    9 61   10 37   11 20   12  5   13  3   14 41   15 23   16 97   17 76   18 25   19 77   20 13 
   1 74    2 17    3 78    4 83    5 30    6 76    7 64    8 42    9 48   10  6   11 16   12 78   13 13   14 91   15 68   16 14   17 36   18 35   19 38   20 80 
   1 51    2 99    3 16    4 81    5 25    6 91    7 98    8 16    9 82   10 80   11 39   12 20   13 54   14 24   15  9   16 27   17  6   18 84   19 89   20 11 
   1 66    2 55    3 35    4 34    5 97    6 90    7 88    8 75    9 77   10 51   11 56   12 96   13 43   14 10   15 91   16 72   17 26   18 63   19 23   20 43 
   1 66    2 80    3 34    4 76    5 59    6 33    7 34    8 91    9 97   10 24   11 83   12 81   13 15   14 45   15 58   16 31   17 75   18 36   19  6   20 61 
   1 26    2 27    3 72    4  4    5 65    6 67    7 73    8 29    9 96   10 36   11 31   12 71   13 29   14 15   15 28   16 89   17 68   18 26   19 44   20 15 
   1 81    2 81    3 76    4 17    5 42    6 92    7 41    8 17    9 29   10 98   11 27   12  7   13 83   14 63   15 64   16 79   17 12   18 54   19  3   20 49 
   1 22    2 11    3 70    4  3    5 59    6 58    7 76    8 78    9 78   10  2   11 49   12 92   13 12   14 47   15  7   16 37   17 14   18 99   19 76   20 94 
   1  7    2 69    3 80    4 15    5 37    6  7    7 17    8 74    9 98   10 65   11 73   12 97   13 29   14 51   15 67   16 53   17 57   18 78   19 60   20 54 
   1  3    2 61    3 48    4 30    5 75    6 21    7 77    8 98    9 58   10 79   11 95   12 38   13 52   14 18   15 67   16 62   17 44   18 36   19  8   20 20 
   1 76    2 69    3  4    4 87    5 69    6 91    7 99    8 20    9 74   10 88   11 20   12 69   13 90   14 64   15 14   16 71   17 32   18 46   19 96   20 27 
   1 56    2 67    3 94    4 24    5 42    6 59    7 66    8 89    9 46   10 52   11 76   12 59   13 39   14 41   15 45   16 70   17 32   18 13   19 96   20 12 
   1  3    2  1    3 60    4 49    5  9    6 55    7  2    8 42    9 23   10 78   11 46   12 59   13 16   14 53   15 42   16 99   17  5   18 26   19 44   20 40 
   1 33    2 93    3  8    4 94    5 81    6  7    7 10    8 50    9 71   10 86   11  5   12 21   13  1   14  5   15 43   16 11   17 31   18 77   19 15   20 64 
   1 88    2 50    3 98    4 35    5 15    6 24    7 74    8 62    9  1   10  8   11 39   12 85   13 75   14 82   15 20   16 48   17 11   18 24   19 40   20 30 
   1 46    2 79    3 74    4 31    5 24    6 21    7 53    8 96    9 20   10 25   11 11   12 79   13 81   14 60   15 35   16 70   17 85   18 57   19 27   20 76 
   1 84    2 31    3 72    4 70    5 70    6  9    7 63    8 48    9 19   10 71   11 33   12 29   13  2   14 13   15 47   16 66   17  4   18 21   19 39   20 76 

