ta119
500 20
   1 12    2 98    3 91    4 13    5 85    6 19    7 79    8 65    9  6   10  3   11 26   12 49   13 58   14 28   15 33   16 88   17 46   18 34   19 60   20 11 
   1 38    2 71    3 82    4 48    5 81    6 95    7  5    8 16    9 49   10 83   11 77   12 25   13  4   14 71   15 19   16  4   17 93   18 64   19 68   20 62 
   1 75    2 84    3 55    4 48    5 38    6 87    7 50    8 42    9 81   10 56   11 51   12 82   13 55   14 24   15 15   16 61   17 12   18 14   19 41   20 15 
   1 53    2 46    3 71    4 83    5 68    6 76    7  5    8 78    9 31   10 34   11 57   12  2   13 21   14 72   15 60   16 87   17 66   18 20   19 89   20 58 
   1 45    2 35    3 58    4 79    5 81    6 93    7 52    8 22    9 63   10 66   11 18   12 60   13 54   14 20   15 45   16 42   17 87   18 48   19 65   20 44 
   1 39    2 78    3 32    4 96    5 68    6 47    7 48    8 92    9 52   10 81   11 84   12 56   13 45   14 28   15 72   16 60   17 74   18 48   19 43   20 10 
   1  8    2 42    3 39    4 28    5 20    6 74    7 72    8 34    9 19   10 34   11 56   12 32   13 75   14 52   15 55   16 92   17 26   18 67   19 49   20 17 
   1  4    2 13    3 59    4 23    5 46    6 92    7 14    8 33    9 50   10 73   11 38   12 88   13 48   14 33   15 15   16 94   17 74   18 99   19 36   20 36 
   1 84    2 41    3  2    4  5    5 80    6 90    7 99    8 28    9 93   10 20   11 53   12 45   13 84   14 62   15 26   16 66   17  5   18 19   19 16   20 86 
   1 69    2 66    3 88    4 48    5 77    6 30    7 87    8 48    9 79   10 88   11 70   12 97   13 40   14 10   15  1   16 94   17 76   18 47   19  2   20 85 
   1 78    2 56    3 11    4 18    5 11    6 33    7 21    8 78    9 99   10  6   11 55   12 45   13 80   14 84   15 41   16 93   17 94   18  7   19 82   20 56 
   1  7    2  7    3 79    4 37    5 13    6 89    7 30    8 24    9 83   10 43   11 55   12 11   13 91   14 27   15 53   16 44   17  9   18 94   19 69   20 37 
   1 34    2 46    3 14    4 20    5 15    6 94    7 90    8 28    9 23   10 42   11 16   12 53   13 87   14 32   15 58   16 35   17 91   18 66   19 41   20 28 
   1 71    2 63    3 58    4 41    5 49    6 62    7 14    8 31    9 56   10 40   11  3   12 35   13 41   14 66   15 84   16 68   17 17   18 15   19 50   20 78 
   1 36    2 27    3 57    4 49    5 56    6 66    7 80    8 43    9 11   10 23   11 28   12 87   13 60   14  4   15 26   16 75   17 31   18 20   19 61   20 38 
   1 72    2 75    3  3    4 50    5 84    6 41    7 49    8 84    9 90   10 39   11 57   12 13   13 60   14 57   15 57   16 89   17 99   18 41   19  1   20  6 
   1 25    2 53    3 80    4 86    5 21    6  5    7  8    8 97    9 48   10 12   11 10   12 24   13 94   14 13   15 17   16 41   17 22   18 61   19 41   20 53 
   1 26    2 25    3 74    4 22    5  5    6 74    7 77    8 28    9 39   10 40   11  3   12 88   13 91   14 41   15 71   16 62   17 24   18 90   19  7   20 19 
   1 65    2 35    3 73    4 81    5 81    6 32    7 66    8 86    9 97   10 25   11 32   12 25   13 72   14 38   15 41   16 76   17 73   18 68   19 10   20 11 
   1 62    2  8    3 35    4 39    5 58    6 24    7  2    8 87    9 36   10 11   11 70   12 96   13 80   14 85   15 34   16  5   17 22   18 62   19 30   20 11 
   1 42    2 24    3 13    4 27    5 64    6 34    7  2    8 82    9 29   10 56   11 52   12 84   13 86   14 82   15 90   16 23   17 52   18 64   19 41   20 55 
   1 79    2 85    3 49    4 58    5 57    6 21    7  6    8 15    9 55   10 46   11 65   12 54   13 71   14 19   15 20   16 52   17 78   18  4   19 47   20 97 
   1 20    2 69    3 80    4 38    5  3    6 51    7 37    8 36    9 55   10 52   11 32   12 11   13 35   14 65   15 86   16 33   17  2   18 51   19 50   20 42 
   1 55    2 51    3 86    4 26    5 39    6 12    7 27    8 77    9 99   10 74   11 79   12 52   13 47   14 43   15 85   16 77   17 75   18 81   19 66   20 76 
   1 60    2 87    3 60    4  6    5 37    6 34    7 79    8  9    9 26   10 41   11 53   12 48   13  1   14 79   15 57   16 27   17 20   18 89   19 20   20 28 
   1 85    2 38    3 50    4 52    5 54    6 24    7 43    8 50    9 97   10 29   11 19   12 93   13  6   14 20   15 90   16 90   17 90   18  1   19 40   20 30 
   1  4    2 28    3 21    4 34    5 95    6 19    7 82    8 58    9 66   10 63   11 40   12 64   13 18   14 86   15 44   16 50   17 67   18 64   19 40   20 30 
   1  8    2  2    3 91    4 67    5 43    6 37    7 78    8  5    9 10   10 15   11 12   12 77   13 63   14 33   15 74   16 29   17 81   18 53   19 84   20 89 
   1 34    2 90    3 79    4 53    5 69    6 39    7 93    8 24    9 32   10 47   11  8   12 93   13 18   14 54   15 70   16 26   17 77   18 64   19 18   20 55 
   1 99    2 23    3 65    4  7    5  6    6 44    7 13    8 92    9 77   10 73   11 18   12 71   13 32   14  2   15 16   16 24   17 33   18 60   19 74   20  2 
   1  6    2 38    3 26    4 31    5 71    6 22    7 55    8 36    9 53   10 60   11 34   12 79   13 90   14 95   15 95   16 75   17 35   18 28   19 72   20 22 
   1 79    2 98    3 23    4 64    5 26    6 59    7 67    8  5    9 70   10 76   11  7   12 85   13 13   14 20   15 64   16 36   17 43   18 54   19 56   20 28 
   1 79    2 16    3 56    4 24    5 43    6  8    7 52    8 76    9  4   10 45   11 87   12 22   13 34   14 14   15 86   16 72   17 87   18 92   19 67   20 95 
   1 98    2 34    3 96    4 40    5 48    6 70    7 67    8 62    9 64   10  7   11 48   12 65   13 80   14 70   15 64   16 48   17 26   18 13   19 50   20 60 
   1 32    2 52    3 35    4 61    5 96    6 85    7 11    8 18    9 63   10 41   11 65   12 37   13 45   14 95   15 50   16 82   17 60   18 79   19 81   20 93 
   1 56    2 10    3 16    4  6    5 34    6 85    7 43    8  9    9 36   10  8   11 93   12 12   13 76   14 80   15 80   16 32   17 94   18 44   19  5   20 74 
   1 43    2 95    3 28    4 43    5 91    6 95    7 79    8 80    9  9   10 72   11 28   12 44   13 72   14 33   15 91   16 50   17  9   18 33   19 37   20 52 
   1 14    2 12    3 21    4 41    5 40    6  2    7 79    8 22    9 92   10 52   11 84   12 94   13 88   14 53   15 24   16 44   17 95   18 26   19 60   20 52 
   1 56    2 45    3  4    4 47    5 62    6 21    7 68    8 64    9 22   10 36   11 68   12 40   13 26   14 93   15 93   16 41   17 26   18 33   19 10   20 84 
   1 27    2 17    3 89    4 11    5 29    6 51    7 42    8  1    9 14   10 11   11 28   12  8   13 52   14 82   15 43   16 91   17 13   18 26   19 66   20 95 
   1  4    2 62    3 89    4 74    5 57    6 61    7 84    8 53    9 30   10 79   11 69   12 13   13 70   14 13   15 67   16 99   17 49   18 22   19 46   20 77 
   1 22    2 47    3 75    4 79    5 33    6 21    7 61    8 60    9 56   10  1   11 70   12 62   13 32   14 97   15  7   16 13   17  4   18 56   19 84   20 57 
   1 11    2 39    3 95    4 94    5 97    6 18    7 43    8  4    9 91   10  8   11 25   12 46   13 74   14  4   15 83   16  8   17 13   18 72   19 66   20  4 
   1 77    2 59    3 86    4 70    5 18    6 11    7 26    8 41    9  1   10 79   11  1   12 18   13 96   14  5   15 99   16 86   17 23   18 96   19 83   20 29 
   1 68    2 13    3 39    4 73    5 27    6 25    7 75    8 67    9  5   10 48   11 75   12 55   13 93   14 23   15 13   16 11   17 72   18 64   19 25   20 72 
   1 48    2  7    3 44    4 28    5 36    6 77    7  6    8 42    9 99   10 57   11 49   12 24   13 41   14 92   15 30   16 43   17 85   18 84   19 45   20 59 
   1 68    2 62    3 68    4 70    5 92    6 93    7 97    8 52    9 81   10 63   11 45   12 59   13 44   14 76   15  8   16 46   17 86   18 14   19  6   20  3 
   1 58    2 53    3 16    4 24    5 70    6 40    7 48    8 38    9 62   10 44   11 40   12 63   13 63   14 45   15 43   16 14   17 84   18 16   19 38   20 46 
   1 67    2 97    3 39    4 32    5 13    6 66    7  2    8  5    9 17   10 14   11 18   12 63   13 90   14 52   15 34   16 94   17 52   18 31   19 14   20 93 
   1 87    2 34    3 71    4 87    5 85    6 21    7 90    8 49    9 62   10 53   11 80   12 41   13 79   14 52   15 93   16 90   17 45   18 96   19 26   20  1 
   1 17    2 59    3 57    4 58    5 62    6 90    7 97    8 87    9  1   10 12   11 17   12 29   13 17   14 72   15 78   16 27   17 40   18 23   19 79   20 58 
   1 70    2 47    3 33    4 88    5 95    6 55    7 46    8  8    9 76   10  1   11 64   12 27   13 82   14  5   15 65   16  8   17 43   18  3   19 65   20 82 
   1 78    2 78    3 55    4 65    5  5    6 92    7 60    8  6    9 31   10 53   11 13   12 49   13  3   14 11   15 48   16 15   17 64   18 35   19 16   20 47 
   1 25    2 48    3 74    4 78    5 28    6 94    7 26    8  9    9 95   10 69   11  7   12 49   13 76   14 73   15  6   16 87   17 74   18 76   19 60   20 18 
   1 88    2 42    3 21    4 10    5 92    6 81    7 26    8 69    9 56   10 97   11 47   12 88   13  2   14 71   15 66   16 74   17 94   18 54   19 45   20 57 
   1 12    2  8    3 94    4 35    5 34    6 48    7 35    8 55    9 61   10 90   11 17   12 11   13 54   14 17   15 39   16 13   17 91   18 83   19 36   20 96 
   1 54    2 91    3 26    4 30    5 46    6  6    7  1    8 13    9 90   10 47   11 54   12 53   13 47   14 33   15 46   16  1   17 78   18 45   19 82   20 57 
   1 87    2 60    3 15    4 59    5 69    6 20    7 11    8  5    9 76   10 42   11 60   12  5   13 91   14 90   15 76   16 38   17 60   18 10   19 14   20 86 
   1 75    2 55    3 98    4 79    5 41    6 90    7 58    8 38    9 23   10 97   11 23   12 24   13 83   14 21   15 92   16 46   17 58   18 89   19 95   20 50 
   1 86    2 51    3 18    4 65    5 12    6 63    7 80    8 47    9 69   10 39   11 61   12 74   13 76   14 14   15  6   16 51   17  6   18  7   19 41   20 14 
   1 18    2 26    3 62    4 10    5 71    6 49    7 34    8 67    9 23   10 93   11 20   12 80   13 65   14 86   15  2   16 93   17 41   18 98   19 45   20 55 
   1 36    2 84    3 44    4 93    5  3    6 35    7 76    8 57    9 56   10 27   11 67   12 69   13 87   14  9   15 37   16 22   17 76   18 10   19 78   20 61 
   1 84    2 57    3 12    4 20    5 14    6 42    7 86    8  1    9 61   10 44   11 11   12 20   13 31   14 15   15 81   16 19   17 36   18 82   19 91   20 64 
   1 39    2  2    3 59    4 31    5 61    6 35    7 22    8 14    9 52   10 76   11 44   12 32   13 78   14 13   15 81   16 17   17 64   18 39   19 75   20 91 
   1 72    2 74    3 49    4 41    5 31    6 26    7 74    8 81    9 87   10  2   11 53   12 65   13 88   14 36   15  4   16 13   17 19   18 39   19 11   20  4 
   1 89    2 35    3 37    4 92    5  3    6 47    7 77    8 51    9 60   10 28   11 29   12 96   13 12   14 70   15 55   16 98   17 63   18 25   19 35   20 29 
   1  3    2 53    3 86    4 32    5 52    6 75    7 66    8  5    9 70   10 43   11 62   12 39   13 56   14 80   15 24   16 90   17 51   18 15   19 93   20 27 
   1 28    2 23    3 91    4 84    5 51    6 58    7 52    8 48    9 34   10 39   11 87   12 62   13  2   14 97   15 91   16 89   17 39   18 42   19 51   20 10 
   1 75    2 27    3 23    4 79    5 98    6 79    7 25    8 72    9 92   10 65   11 40   12 56   13 54   14 31   15 94   16 68   17  3   18 24   19 76   20 61 
   1 93    2 55    3 53    4  3    5 72    6 83    7 59    8  1    9  3   10  9   11 65   12  6   13 23   14 52   15 93   16 90   17 70   18 70   19 69   20 94 
   1 53    2 57    3 27    4 76    5 39    6 23    7 97    8  1    9 83   10 97   11 48   12 53   13  2   14 33   15 61   16  2   17 80   18 85   19  6   20 31 
   1 89    2 68    3 69    4 37    5 21    6 36    7 86    8 92    9 85   10 56   11 95   12 34   13 29   14 91   15  4   16 39   17 26   18 18   19  9   20 10 
   1  1    2 32    3 94    4 89    5 49    6 81    7 91    8 68    9  3   10 48   11 15   12 81   13 95   14 19   15 69   16 32   17 35   18 31   19 96   20 11 
   1 91    2 13    3 15    4  5    5 43    6 86    7 95    8 83    9 56   10 31   11 11   12 98   13  8   14 68   15 45   16 21   17 90   18 32   19 29   20 46 
   1 38    2 63    3  6    4 86    5 90    6 18    7 54    8 55    9 63   10 83   11  1   12 94   13 80   14 38   15 68   16 50   17 47   18 83   19 19   20 71 
   1 15    2 18    3 55    4 26    5 29    6 55    7 32    8 25    9 68   10 34   11 75   12 64   13 47   14 93   15 68   16 65   17 76   18 42   19 73   20 79 
   1 43    2 51    3 94    4 42    5 47    6 53    7 78    8 11    9  3   10 25   11 31   12 13   13 61   14 58   15 16   16 56   17 50   18 81   19  2   20 36 
   1 43    2 63    3 89    4 97    5 12    6 89    7 28    8 61    9 61   10 56   11 93   12 17   13 37   14 81   15 44   16 43   17 48   18 19   19 50   20 41 
   1 66    2 48    3 63    4 40    5 58    6  6    7 22    8 87    9 80   10 15   11  9   12  4   13 27   14 47   15 35   16 25   17 30   18 21   19  7   20 89 
   1 98    2 35    3 87    4 20    5 32    6 56    7  1    8  6    9 95   10 72   11 71   12 23   13 47   14 95   15 38   16 85   17 58   18 76   19 63   20 44 
   1 64    2 49    3 74    4 79    5 82    6 86    7 20    8  3    9 50   10 55   11 74   12 92   13  2   14 31   15  5   16 75   17 26   18 99   19 53   20  6 
   1 97    2 72    3 42    4 88    5  9    6 53    7 95    8 78    9 60   10 29   11 37   12 71   13 89   14 49   15 42   16 94   17 22   18 56   19 33   20 55 
   1 84    2 11    3  6    4  3    5 57    6 67    7 20    8 21    9 12   10 73   11 94   12 12   13 74   14 94   15 57   16 41   17 50   18 60   19 86   20 45 
   1 28    2 73    3 45    4 82    5 61    6 76    7 75    8 35    9 73   10 29   11 82   12 14   13 53   14 92   15 77   16 27   17 25   18 91   19 76   20 64 
   1 50    2 79    3 41    4  2    5 22    6 52    7 25    8 91    9 64   10 69   11 86   12 50   13 48   14 61   15 59   16 52   17 95   18 42   19 11   20 86 
   1 29    2 33    3 55    4 49    5 34    6 79    7 51    8 64    9 23   10 14   11 38   12 22   13 61   14  8   15 50   16 10   17 93   18 99   19 14   20 88 
   1 92    2 91    3 88    4 96    5 99    6 46    7 63    8 54    9 52   10 55   11 49   12 40   13 88   14 90   15 78   16 91   17  6   18 54   19 10   20 98 
   1 92    2 19    3 94    4 36    5 53    6 28    7 19    8 62    9 45   10 38   11 11   12 38   13 78   14 90   15 63   16 54   17 81   18  7   19 93   20 99 
   1 88    2 91    3 54    4 34    5 84    6 33    7 90    8 17    9 59   10 85   11 24   12 67   13 29   14  7   15 90   16  9   17 59   18 15   19 91   20 22 
   1 77    2 82    3 76    4 92    5 77    6 92    7 47    8 11    9 46   10 41   11 47   12 58   13 12   14  9   15 59   16 36   17 22   18 30   19 83   20 53 
   1 71    2 21    3 30    4  8    5 46    6 92    7  8    8 96    9 51   10 25   11 61   12 91   13 75   14 21   15 32   16 29   17 89   18  4   19 79   20 73 
   1 40    2 40    3 44    4 36    5 74    6 78    7  7    8 97    9 10   10  3   11 46   12 47   13 49   14 23   15 96   16 28   17 55   18  7   19 46   20 88 
   1 65    2 97    3 90    4 17    5 82    6 95    7 43    8 75    9 40   10 86   11 98   12 40   13 48   14 46   15 83   16 53   17 25   18 18   19 25   20 24 
   1 67    2 85    3 50    4 25    5 67    6 13    7 96    8 58    9  6   10 83   11 45   12  3   13 70   14 21   15 41   16 76   17 37   18 46   19  2   20 48 
   1 48    2 75    3 47    4 25    5 84    6 36    7  6    8 17    9 32   10 72   11 93   12 40   13 76   14 63   15  7   16 87   17 53   18 58   19 51   20 50 
   1 14    2 92    3  8    4 99    5 84    6 10    7 79    8 94    9 35   10 76   11 62   12 71   13 62   14 63   15 61   16 37   17 43   18 47   19 60   20 35 
   1 69    2 41    3  8    4 84    5 56    6 29    7 78    8 36    9 68   10 54   11 29   12 90   13 66   14 26   15 49   16 63   17 12   18 64   19 66   20 79 
   1 78    2 31    3 88    4 93    5 25    6 19    7 14    8 37    9 27   10 44   11 47   12 95   13 70   14 98   15 27   16 11   17  7   18 62   19 82   20 65 
   1 98    2 90    3 42    4  9    5  1    6 76    7 23    8 43    9  1   10 81   11 41   12 28   13 29   14 83   15 17   16 14   17 95   18 70   19 19   20 51 
   1 75    2 53    3 88    4 24    5 13    6  7    7 57    8 81    9 66   10 93   11  6   12 61   13 89   14 28   15 20   16 74   17 87   18 89   19  1   20 40 
   1 43    2 60    3 64    4 67    5 23    6  6    7 38    8 81    9 13   10 89   11 28   12 54   13 48   14 87   15 76   16 58   17 85   18  3   19  6   20 53 
   1 28    2 68    3 67    4 99    5 88    6  7    7 71    8 75    9 63   10 72   11 31   12 24   13 53   14 95   15 28   16 48   17 65   18 33   19 64   20 39 
   1 91    2 84    3 93    4 82    5  8    6 74    7 42    8 37    9  3   10 97   11 72   12 64   13  6   14 90   15 81   16 53   17 41   18 23   19 69   20 60 
   1 24    2 13    3 67    4 41    5 20    6 35    7 93    8 25    9 27   10 28   11  4   12 47   13 46   14 67   15 19   16 43   17 94   18 33   19 84   20  3 
   1 60    2 91    3 33    4 11    5 40    6 48    7 36    8 56    9 87   10 12   11 59   12 23   13 16   14 78   15 33   16  5   17 22   18 13   19 99   20 42 
   1 37    2 25    3 38    4 28    5 61    6 87    7 76    8 23    9  8   10 12   11 19   12 99   13 23   14 84   15 68   16 36   17 31   18 52   19 88   20 10 
   1 89    2 62    3 63    4 64    5 67    6 72    7 67    8 69    9  2   10 31   11 34   12 39   13 45   14 42   15 29   16 65   17 40   18 59   19  3   20 87 
   1 70    2 56    3 42    4 45    5 92    6 60    7 93    8 27    9 41   10  6   11 82   12 12   13 99   14 14   15 48   16 90   17  5   18 62   19 61   20 26 
   1 59    2 83    3 83    4 66    5 37    6 77    7 91    8  9    9 27   10 94   11  6   12 10   13 61   14 33   15 33   16 78   17  2   18 30   19 16   20 18 
   1 43    2 54    3  3    4 57    5 21    6 38    7 71    8 17    9 47   10 93   11 64   12 64   13 24   14  7   15 81   16 16   17 45   18 16   19 38   20 84 
   1 79    2 89    3 41    4 86    5 18    6 92    7 45    8 33    9 22   10 40   11  2   12 78   13  9   14  4   15 27   16 38   17 31   18 41   19 72   20 13 
   1 39    2 16    3 59    4 34    5 10    6 11    7 93    8 27    9 90   10 67   11 71   12 26   13 87   14  8   15 19   16 99   17 28   18 15   19 37   20 72 
   1 91    2 94    3  9    4 54    5 46    6 33    7 11    8 31    9 17   10  6   11 69   12 47   13  5   14 31   15  9   16 21   17  6   18 51   19 24   20 15 
   1 82    2 53    3 79    4 78    5 74    6 19    7 65    8 88    9 99   10 30   11 27   12 15   13 74   14 54   15 75   16  1   17 65   18 44   19 49   20 93 
   1 99    2 42    3  4    4 35    5 30    6 90    7 26    8 36    9 96   10 48   11 96   12 19   13 61   14 53   15 43   16 13   17  5   18  3   19 48   20 41 
   1 88    2 80    3 85    4 91    5  7    6 22    7 64    8 64    9 99   10 87   11  4   12 33   13 59   14 61   15 73   16  1   17 32   18 75   19 91   20 90 
   1 87    2 64    3 88    4 65    5 44    6 78    7  9    8 95    9 40   10 15   11 43   12 47   13 50   14 91   15 94   16 71   17 79   18 86   19 59   20 62 
   1 18    2 44    3 56    4 60    5 30    6 20    7  1    8 71    9 20   10 90   11 66   12 41   13 89   14  1   15 97   16 58   17 58   18 15   19  5   20 33 
   1 39    2 43    3  4    4 44    5 83    6 82    7 19    8 45    9 73   10 72   11 21   12 12   13 82   14 14   15 11   16 37   17 52   18 14   19 60   20 78 
   1 52    2 35    3 17    4 10    5 80    6  5    7 60    8 15    9  4   10 56   11  9   12 76   13 62   14 12   15 75   16  8   17  4   18  2   19  9   20 65 
   1 53    2 34    3 27    4 40    5 67    6 21    7 89    8  4    9 89   10 59   11 87   12 77   13  6   14 65   15 17   16 36   17 22   18  6   19 65   20  6 
   1 61    2 82    3 82    4 87    5 19    6 53    7 39    8 42    9 75   10 11   11 64   12 36   13 14   14 89   15 15   16 58   17 98   18 90   19 13   20 88 
   1 74    2 69    3 96    4 62    5 38    6 51    7 85    8 91    9 67   10 34   11 68   12 28   13 85   14 60   15 77   16 30   17 30   18 50   19 84   20 12 
   1 77    2 52    3 61    4 65    5 76    6 30    7  4    8 20    9 57   10 37   11 61   12 68   13 60   14 39   15 91   16 69   17 98   18 43   19 62   20 10 
   1 15    2 59    3 56    4 18    5 45    6 44    7 54    8 33    9  1   10 45   11 13   12 62   13  1   14 74   15  6   16 18   17 21   18 25   19 85   20  5 
   1 48    2 10    3 65    4 28    5 88    6 48    7 27    8 42    9 70   10 69   11 47   12 26   13  7   14 28   15 43   16 67   17 47   18 34   19 62   20 56 
   1 57    2 18    3 37    4 10    5 95    6 95    7 28    8  9    9 59   10  2   11 25   12 41   13 55   14 80   15 34   16 74   17 27   18 56   19 45   20 82 
   1 15    2 98    3 47    4 21    5 75    6 33    7 87    8 19    9 87   10 85   11  8   12 97   13 86   14 35   15 96   16 84   17  9   18 66   19 12   20 97 
   1 41    2  6    3 75    4  2    5 73    6  2    7 47    8 55    9 30   10 97   11 27   12  5   13 73   14 93   15 45   16 93   17  4   18 62   19 68   20  3 
   1 88    2 39    3 98    4 37    5 49    6 24    7 83    8 37    9 17   10 19   11 11   12 78   13  8   14 30   15 18   16 13   17 72   18 89   19 87   20 29 
   1 89    2 33    3 29    4 38    5 59    6 68    7  3    8  2    9 42   10 77   11 41   12 89   13 32   14 51   15 54   16 68   17 67   18 26   19 53   20 29 
   1 56    2 65    3 86    4 69    5 71    6 23    7 57    8 65    9 73   10 57   11 78   12 89   13 46   14 41   15 49   16 37   17  6   18 75   19 48   20 35 
   1 29    2 80    3 34    4 80    5 78    6 81    7 31    8 88    9 52   10 85   11 88   12 58   13 88   14 62   15 17   16 51   17 19   18 45   19 41   20 64 
   1 26    2 30    3 99    4 96    5 15    6 17    7 49    8 16    9 44   10 25   11 90   12 47   13 54   14  7   15 81   16 26   17 75   18 42   19 25   20 20 
   1 23    2 42    3  4    4 37    5 40    6 74    7 67    8  8    9 61   10 27   11 56   12 72   13 36   14  3   15 33   16 83   17 98   18 43   19 63   20 27 
   1 19    2 83    3 78    4  2    5 73    6 92    7 36    8  7    9 99   10 14   11 79   12 50   13 91   14 47   15 71   16 88   17 73   18 17   19  7   20 95 
   1 83    2 46    3 81    4 31    5 45    6 74    7 75    8 11    9 28   10 36   11 43   12 91   13 72   14 20   15 84   16 12   17 76   18 93   19 79   20 16 
   1 48    2 78    3 74    4 36    5 46    6 70    7 61    8 68    9 12   10 17   11 48   12 78   13 32   14 60   15 35   16 66   17 72   18 97   19 61   20 84 
   1 12    2 81    3 52    4 71    5 46    6 55    7 36    8 70    9 71   10 22   11  7   12  4   13 53   14  7   15 72   16 27   17 36   18 33   19 48   20 52 
   1 62    2 96    3  3    4 70    5 38    6 63    7 67    8 92    9  7   10 28   11 62   12 13   13 21   14 85   15 39   16 35   17 54   18 86   19 53   20 48 
   1 39    2 79    3 66    4 18    5  9    6 23    7 72    8 94    9 71   10 47   11 27   12 44   13 66   14 61   15  6   16 10   17 35   18 73   19 63   20 29 
   1 36    2 35    3 81    4 65    5 63    6 37    7 41    8 75    9 82   10 13   11 91   12 32   13 11   14 12   15 12   16 49   17 86   18 21   19 38   20  2 
   1 24    2 73    3 55    4 54    5  2    6 23    7 72    8 53    9 29   10 33   11 64   12 60   13 28   14 24   15 97   16 31   17  4   18 74   19 71   20 51 
   1 38    2 26    3 78    4 68    5 53    6 56    7  6    8 11    9 11   10 54   11 79   12 45   13 19   14 19   15  4   16 62   17 15   18 32   19 62   20 17 
   1 74    2 36    3 80    4  6    5 44    6 88    7  1    8 25    9 14   10 40   11  2   12 47   13 78   14 93   15 39   16 91   17 29   18 25   19 93   20 45 
   1 58    2 77    3 88    4 14    5 80    6  5    7 43    8  4    9 88   10 76   11 24   12 20   13 52   14 93   15 49   16 11   17 43   18 32   19 34   20 92 
   1  5    2 39    3 32    4 39    5 87    6 57    7 36    8 83    9 45   10 42   11 33   12 21   13 46   14 65   15 52   16 12   17 51   18 66   19 64   20 51 
   1 28    2 49    3 39    4 38    5 85    6 91    7 73    8 34    9 51   10 74   11 41   12 37   13 44   14 68   15 68   16 27   17 24   18 15   19 19   20 97 
   1 51    2 26    3 11    4 93    5 20    6 68    7 32    8 46    9 46   10 83   11 47   12 96   13 33   14 77   15 45   16 87   17  9   18 33   19 28   20 59 
   1 95    2 90    3 38    4 99    5  5    6 29    7 68    8 78    9  5   10 82   11 74   12 54   13 70   14 42   15 13   16 25   17 43   18 34   19  5   20 67 
   1 57    2 76    3 93    4 17    5 71    6 68    7 43    8 92    9 78   10 63   11 84   12 39   13 82   14 97   15 91   16 15   17 70   18 88   19  5   20 81 
   1 67    2 54    3 52    4 12    5 47    6 74    7 85    8 93    9 57   10 72   11 14   12 16   13 94   14 10   15 32   16 16   17 83   18 43   19 77   20 23 
   1 69    2 57    3 28    4 21    5 65    6 83    7 36    8 71    9 55   10 21   11 28   12 26   13 39   14 51   15 47   16 58   17 31   18 68   19 72   20 86 
   1  2    2 91    3 15    4 17    5 55    6 46    7 77    8 41    9 69   10 47   11 64   12 82   13 72   14 77   15 15   16 36   17 20   18 80   19 99   20 94 
   1 11    2 89    3 59    4 92    5 92    6 20    7 90    8 20    9 61   10  5   11 93   12 99   13 19   14 46   15 54   16 13   17 14   18 73   19 59   20 68 
   1 64    2 30    3 33    4 81    5 22    6 33    7 36    8 12    9 25   10 19   11 13   12 63   13 75   14 56   15 57   16 94   17 68   18 30   19 27   20 45 
   1  3    2 97    3  6    4 97    5 50    6 19    7  7    8 73    9 95   10 10   11 95   12 47   13 54   14 24   15 75   16 13   17 92   18 46   19 97   20 43 
   1 48    2 88    3 35    4 11    5 76    6 81    7 14    8 41    9 93   10 82   11  8   12 88   13 49   14 82   15 58   16 71   17 92   18 10   19 38   20 29 
   1 20    2 73    3 27    4 61    5 18    6 13    7 80    8 64    9 99   10 61   11 14   12 13   13 55   14 40   15 34   16 57   17 91   18 78   19 83   20 87 
   1 76    2 98    3 24    4 50    5 97    6 42    7 36    8 81    9 48   10 47   11 93   12 38   13 15   14 16   15 10   16 34   17 31   18 22   19 43   20 62 
   1 38    2 78    3 25    4 47    5 36    6 64    7 24    8 89    9 61   10 33   11 81   12 47   13 72   14 60   15 44   16 15   17 40   18 11   19 57   20 28 
   1 37    2 53    3 56    4 94    5 53    6 36    7 47    8 39    9 33   10  5   11  5   12 79   13 68   14 27   15 29   16 61   17 48   18 38   19 83   20 22 
   1 10    2 42    3 86    4 96    5 60    6 35    7  2    8 66    9 36   10 83   11 90   12  5   13  2   14 38   15 41   16 39   17 16   18 79   19  5   20  8 
   1 77    2 36    3 34    4 87    5 71    6 69    7 61    8 23    9 44   10 60   11 29   12  6   13  5   14 51   15 68   16 86   17 23   18 87   19 13   20 59 
   1 97    2  6    3 84    4 85    5 83    6 67    7 76    8 60    9 38   10 66   11 32   12 11   13 74   14 30   15 38   16 81   17 74   18 45   19  3   20 44 
   1 45    2 43    3 78    4 14    5 13    6 20    7 27    8 74    9 34   10 69   11 28   12  8   13 16   14 67   15 67   16 11   17 86   18 14   19 61   20 41 
   1 16    2 86    3 81    4 67    5 53    6 65    7 76    8 23    9 88   10 25   11 42   12 66   13 10   14 27   15  6   16  5   17 76   18 40   19  5   20 73 
   1 15    2 71    3 91    4 55    5  1    6 53    7 39    8 68    9 43   10 62   11 55   12 50   13 58   14 58   15 39   16 41   17 13   18 76   19 37   20 35 
   1 70    2 44    3 38    4 96    5 56    6 55    7 65    8 27    9 46   10 60   11 44   12 10   13 54   14 55   15 47   16  3   17 89   18 31   19 46   20 10 
   1 38    2 93    3 94    4 10    5 67    6 38    7 54    8 99    9 74   10  1   11 71   12  5   13 15   14 22   15 88   16 46   17 45   18 51   19 84   20 93 
   1 79    2 55    3 28    4 54    5 61    6  8    7 60    8  5    9 64   10 41   11 68   12 70   13 46   14 61   15 80   16 67   17 14   18 61   19 67   20 12 
   1 80    2 11    3 55    4 63    5 48    6  3    7 15    8 65    9 54   10 17   11 83   12 78   13 81   14 65   15  1   16 49   17 29   18 15   19 16   20 15 
   1 16    2 80    3 14    4 65    5 15    6 13    7 30    8 77    9 97   10 77   11 47   12 92   13 52   14 10   15 23   16  6   17 85   18 95   19 76   20 86 
   1 75    2 73    3 51    4  6    5 85    6 36    7 95    8  1    9  9   10 97   11 44   12 50   13  7   14 73   15 83   16 79   17 73   18  1   19 37   20 71 
   1 32    2 49    3 52    4 95    5 64    6 14    7 14    8 53    9 62   10 45   11 18   12 43   13 65   14 19   15 71   16 16   17 72   18  9   19 34   20  4 
   1 25    2 38    3 66    4 38    5 81    6 91    7 50    8 27    9 42   10  7   11 30   12 45   13 68   14 63   15 74   16 41   17 80   18 72   19 22   20 12 
   1 73    2 33    3 11    4 17    5 47    6 27    7  7    8 89    9  3   10 29   11 84   12 15   13 24   14 37   15 68   16 78   17 32   18 94   19 18   20 95 
   1  9    2 99    3 52    4 56    5 14    6  1    7 14    8 79    9 22   10 10   11 46   12 38   13  3   14 72   15 80   16 20   17 12   18 58   19 61   20 20 
   1 73    2 89    3 73    4 47    5 71    6 54    7 99    8  2    9 14   10 89   11 90   12  9   13 37   14 59   15 84   16 54   17 55   18 17   19 72   20 16 
   1 48    2 48    3 78    4 45    5 90    6  9    7 90    8 93    9 62   10 71   11 21   12 21   13 60   14 31   15 93   16 79   17 23   18 34   19 77   20 11 
   1  9    2 88    3 79    4 72    5 68    6 15    7 68    8 38    9 40   10 59   11 47   12 51   13 89   14 27   15 41   16  4   17  4   18 24   19  3   20 28 
   1 28    2 13    3 81    4 44    5 49    6 90    7 46    8 10    9  3   10 21   11 77   12 26   13 65   14 35   15 16   16 89   17 15   18  5   19 94   20 60 
   1 21    2 42    3 47    4 85    5 29    6 50    7 18    8 99    9 37   10  3   11 98   12 57   13 63   14 36   15 58   16 21   17 72   18 91   19 22   20 66 
   1 57    2 82    3 83    4 55    5 72    6  1    7 43    8 83    9 48   10 60   11 72   12 77   13 16   14  7   15 12   16 72   17 39   18 71   19 82   20 31 
   1 21    2 72    3 62    4 69    5 67    6 68    7 55    8 49    9 53   10 30   11 43   12 91   13 39   14 52   15 78   16 68   17 75   18  2   19 61   20 36 
   1 18    2  9    3 48    4 75    5 33    6 42    7 12    8 78    9 96   10 83   11 65   12  2   13 86   14 95   15 78   16 98   17 64   18 88   19 25   20 91 
   1 31    2 34    3 34    4  3    5 81    6 67    7  3    8 22    9 39   10 84   11 67   12 71   13 29   14 82   15 62   16 89   17 56   18 13   19 64   20 44 
   1 15    2 93    3 83    4 91    5 61    6 76    7 26    8 13    9 66   10  6   11 25   12 74   13 75   14 60   15 67   16  4   17 10   18 26   19 71   20 91 
   1 45    2 49    3  9    4  5    5 33    6 24    7 26    8 30    9 98   10 65   11 73   12 68   13 10   14 74   15 97   16 12   17 13   18 42   19 76   20  4 
   1 96    2 21    3 14    4 84    5 50    6 47    7 18    8 74    9 63   10 48   11 88   12 25   13 77   14 28   15 58   16 43   17 47   18 19   19 37   20 47 
   1 47    2 43    3 52    4 12    5 68    6 41    7 41    8  3    9 67   10 22   11 47   12 83   13 35   14 45   15 63   16 84   17 91   18 21   19 39   20 96 
   1 36    2 38    3 10    4 73    5 93    6  9    7 83    8 92    9  7   10 79   11 26   12 67   13 42   14 76   15 63   16 52   17 21   18 59   19 48   20 83 
   1 42    2 66    3 60    4 10    5 74    6 40    7 52    8 73    9 24   10 44   11  6   12 40   13 62   14 37   15 39   16 80   17 19   18 77   19 90   20 97 
   1 67    2 15    3 75    4 62    5 48    6 53    7 38    8 91    9 33   10 96   11 17   12 27   13 41   14 65   15 62   16 23   17 35   18 56   19 68   20 31 
   1 59    2 96    3 44    4 39    5 88    6 23    7  4    8 18    9 96   10 45   11 60   12 84   13 59   14 70   15 80   16  6   17 24   18 77   19 47   20 72 
   1 14    2 51    3 14    4 25    5 74    6 79    7 99    8 13    9 13   10 20   11 75   12 98   13 70   14 55   15 66   16 33   17 35   18 65   19 15   20 19 
   1 48    2 44    3 52    4 76    5 92    6 64    7 69    8  2    9 97   10 19   11 66   12 51   13  9   14 12   15 38   16  6   17 17   18 36   19  5   20 46 
   1 26    2 15    3 65    4 82    5 76    6 83    7 81    8 45    9 64   10 54   11 34   12 72   13 49   14 31   15 29   16 32   17 78   18 74   19 23   20  5 
   1 54    2 63    3 80    4 44    5 25    6 24    7  7    8 14    9 17   10 14   11 64   12 20   13 83   14 14   15 66   16 16   17  7   18 84   19 13   20 41 
   1 44    2 14    3  2    4 95    5 60    6 43    7 36    8  1    9 10   10 91   11 57   12  8   13 22   14 22   15 37   16 54   17 79   18  4   19 98   20 82 
   1 95    2 16    3 90    4 78    5 31    6  8    7 68    8 85    9 31   10 12   11  1   12 24   13 13   14 52   15 35   16  8   17 94   18  1   19 10   20 16 
   1 48    2 40    3 88    4 94    5 91    6 93    7 77    8 10    9 24   10 80   11 97   12 79   13 64   14 53   15 14   16 63   17 34   18 13   19 58   20 73 
   1 63    2 26    3 93    4 60    5 57    6 68    7 47    8 24    9 15   10 65   11 25   12  2   13 11   14 69   15 37   16 86   17 58   18 28   19 38   20  3 
   1 10    2 75    3 81    4 82    5 39    6 46    7 22    8 24    9 46   10 75   11 50   12 85   13  9   14 29   15 19   16 38   17 71   18 74   19 41   20 79 
   1 99    2 23    3 16    4 34    5 79    6 16    7 63    8 11    9 72   10  3   11 84   12 23   13  4   14 35   15 39   16 71   17 36   18 33   19  1   20 36 
   1 20    2 40    3 89    4 21    5 79    6 65    7 21    8 25    9  2   10 90   11 75   12 59   13 74   14 48   15 11   16 49   17 96   18 10   19 30   20 13 
   1 81    2 46    3 87    4 90    5 72    6 46    7 55    8 15    9 51   10 68   11 29   12 78   13 61   14 62   15 74   16 87   17 76   18  4   19 77   20 53 
   1 56    2  7    3 36    4 72    5 91    6 13    7 51    8  4    9 86   10 86   11 27   12 22   13  9   14 93   15  3   16 72   17 99   18 51   19 31   20  6 
   1 49    2 90    3 63    4 35    5 13    6 14    7 50    8 14    9 76   10 35   11 60   12 33   13 68   14 77   15 66   16 98   17 70   18 44   19 76   20 70 
   1 73    2 46    3 57    4 86    5 23    6 87    7 65    8 81    9 82   10 54   11 80   12  2   13 96   14 58   15  2   16 32   17  3   18 77   19 30   20 14 
   1 16    2  3    3  5    4 65    5 64    6 79    7 61    8 28    9 64   10 83   11 16   12 40   13 64   14 68   15  1   16 39   17 87   18 54   19 14   20  7 
   1 24    2 19    3  2    4 74    5 70    6 60    7 91    8 97    9 64   10 57   11 56   12 73   13  3   14 18   15  6   16 56   17 37   18 66   19 49   20 81 
   1 98    2 56    3 58    4 51    5 41    6 17    7 89    8 64    9 71   10 33   11  3   12 48   13  1   14 18   15 54   16 89   17 93   18 58   19 36   20 27 
   1 44    2  1    3 28    4 81    5 35    6 89    7 17    8 27    9 81   10 16   11 90   12 21   13 71   14 96   15 94   16 96   17 21   18  3   19 50   20 50 
   1 55    2 14    3  9    4 25    5 34    6 15    7  2    8 99    9 29   10 75   11 78   12 86   13 33   14  5   15 82   16 44   17 40   18 53   19 15   20 58 
   1  9    2 42    3 69    4 82    5 44    6 55    7 23    8 92    9 75   10 86   11 63   12 44   13 99   14 87   15 62   16 83   17 93   18 68   19 90   20 72 
   1 84    2 77    3 54    4 39    5 47    6 54    7 93    8 56    9 32   10 44   11  6   12 20   13 10   14 15   15 91   16 64   17 87   18  1   19 51   20 97 
   1 24    2 57    3 64    4 72    5 83    6 54    7 35    8 21    9 22   10 22   11 67   12 86   13 66   14 97   15 94   16 34   17 56   18 58   19 77   20 19 
   1 88    2 29    3 62    4 50    5 58    6 25    7 75    8 11    9 49   10 67   11 76   12 23   13  6   14 86   15 58   16 95   17 58   18 83   19 71   20 26 
   1 44    2 45    3 17    4 11    5 80    6 16    7 72    8 33    9 34   10 19   11 32   12 76   13 19   14 96   15 82   16 56   17 39   18 15   19 10   20 90 
   1 23    2 93    3  1    4 92    5 25    6 68    7 41    8 49    9 91   10 74   11  2   12 22   13 55   14 77   15 64   16 71   17 21   18 85   19 25   20 72 
   1 64    2 78    3 82    4 37    5 57    6 72    7 40    8 51    9 99   10 74   11 75   12 39   13 95   14 97   15 77   16 45   17 43   18 44   19 96   20 28 
   1 84    2 69    3 44    4 14    5 56    6 73    7 38    8  2    9 20   10 69   11 25   12 93   13  6   14 17   15 63   16 13   17 44   18 76   19 41   20 92 
   1  3    2  7    3 19    4 31    5 30    6 61    7 17    8 74    9 83   10 69   11  3   12 17   13 30   14 99   15 27   16 16   17 81   18 74   19 70   20 92 
   1 71    2 35    3  1    4 32    5 93    6 74    7  4    8 82    9 72   10 14   11 20   12 54   13 83   14 69   15 54   16 37   17 44   18 14   19 35   20  1 
   1 50    2 71    3 60    4 94    5 96    6 99    7 39    8  8    9 18   10 77   11 39   12 43   13 79   14 46   15  3   16 26   17  3   18 10   19 62   20 41 
   1 20    2 33    3 82    4 16    5 61    6 12    7  8    8 72    9  9   10 83   11 26   12 14   13 79   14 54   15 66   16 26   17 56   18 59   19 19   20 96 
   1 54    2 55    3 10    4 15    5  3    6 99    7 70    8  2    9 35   10 64   11 30   12 82   13 47   14 96   15 66   16 41   17 84   18 35   19 73   20 76 
   1 39    2 14    3  4    4 54    5 99    6  7    7 51    8 54    9 78   10  9   11 58   12 68   13 83   14 69   15  8   16 34   17 12   18 11   19 63   20 59 
   1 20    2 55    3 83    4 79    5 27    6 17    7 66    8 20    9 83   10 31   11 51   12 62   13 49   14 32   15 14   16 56   17 72   18 60   19 88   20  6 
   1 80    2 62    3 82    4 54    5 26    6  9    7 91    8 64    9 55   10 64   11 71   12  6   13 39   14 70   15 18   16 29   17 76   18 17   19 10   20  2 
   1  1    2 31    3 29    4  7    5  8    6 31    7 76    8 36    9 81   10 85   11  6   12 13   13  5   14 23   15  1   16 45   17 94   18 31   19 91   20 86 
   1 20    2 92    3 76    4 45    5 17    6 52    7 78    8 96    9 45   10 71   11 88   12 81   13 60   14 36   15 28   16 75   17 19   18 44   19 67   20 10 
   1 95    2 78    3 18    4 87    5 97    6 78    7 21    8  4    9 80   10 42   11 53   12 77   13 43   14 11   15  8   16 74   17 66   18 69   19 42   20 97 
   1 75    2 36    3 44    4 64    5 27    6 16    7 48    8 94    9  7   10 78   11 80   12 81   13 91   14 36   15 66   16 16   17 45   18 62   19 64   20 49 
   1 33    2  1    3 65    4 38    5 58    6 96    7 65    8 33    9 96   10 15   11 28   12 35   13 44   14 12   15 89   16 53   17 45   18 77   19 81   20 13 
   1 42    2 63    3 16    4  8    5 55    6 64    7 64    8 22    9 14   10  1   11 22   12 99   13 87   14 44   15  9   16 81   17 85   18 83   19 59   20 83 
   1 85    2  1    3 70    4 90    5 35    6 28    7 85    8 64    9  6   10  4   11 63   12 89   13 22   14 27   15 95   16 94   17 97   18 93   19 24   20 55 
   1 37    2 41    3 46    4 76    5 87    6 46    7 63    8 28    9 11   10 77   11 66   12 67   13 68   14 33   15 47   16 62   17 36   18 73   19 27   20 81 
   1 64    2 98    3 65    4 10    5 36    6 13    7 95    8 87    9 22   10 42   11 50   12 78   13 92   14 21   15 40   16 66   17 38   18 32   19 40   20 80 
   1 98    2 77    3  2    4 16    5 11    6  8    7 49    8 33    9 65   10 95   11 57   12 20   13 64   14 42   15 95   16 26   17 37   18 88   19 16   20 12 
   1 41    2 27    3 42    4 67    5 16    6 98    7 50    8 40    9 36   10 92   11 87   12 54   13 57   14  9   15 92   16 63   17 39   18 69   19 55   20 71 
   1 96    2 65    3 53    4 46    5 92    6 20    7  2    8 64    9 83   10 18   11 62   12 37   13 72   14 53   15 23   16 76   17 33   18  6   19 91   20 44 
   1 81    2 67    3 88    4  8    5  8    6 31    7 90    8 73    9 18   10 47   11 35   12 94   13  9   14 16   15 73   16  1   17 76   18  8   19 58   20 96 
   1 22    2 11    3 56    4 71    5 56    6 15    7 64    8 87    9  3   10 32   11 76   12 32   13 67   14 66   15 18   16 34   17 22   18 17   19 35   20 36 
   1 15    2 33    3 66    4 77    5 93    6 77    7 26    8 99    9 51   10 66   11 61   12 63   13 35   14 71   15 34   16 27   17 56   18  8   19  3   20 96 
   1 40    2 68    3 79    4 91    5 21    6  9    7 21    8 14    9 42   10 93   11 73   12 61   13 31   14 26   15 80   16 52   17 27   18 10   19 72   20 32 
   1 64    2  4    3 56    4 28    5 40    6 26    7 53    8 71    9 33   10 76   11 21   12 99   13 64   14 93   15 43   16 27   17 81   18 32   19 75   20 55 
   1 19    2 66    3 15    4 84    5 19    6 41    7 21    8  3    9 72   10 89   11 81   12 76   13  9   14 10   15 67   16 60   17  1   18 24   19 86   20 50 
   1 49    2 14    3 25    4  8    5  5    6 70    7 50    8 34    9 13   10  3   11  4   12 90   13 44   14 74   15 48   16  4   17 78   18 97   19 75   20  4 
   1 41    2 97    3 61    4 39    5 22    6 59    7 34    8 81    9 68   10 63   11 79   12 91   13 47   14 28   15 46   16 26   17 85   18 50   19 19   20 85 
   1 17    2 29    3  8    4 97    5 21    6 73    7 14    8 32    9 30   10 34   11  1   12 48   13 47   14 64   15 19   16 61   17 21   18  9   19  8   20 82 
   1 75    2 63    3 38    4 64    5 20    6 55    7 56    8  4    9 86   10 13   11 89   12 17   13 69   14 17   15 50   16 13   17 83   18 64   19 20   20 42 
   1 97    2 74    3 24    4 69    5 71    6 90    7 60    8 85    9 46   10 43   11 40   12 59   13 44   14 79   15 60   16 87   17 98   18  7   19 56   20 81 
   1  6    2 28    3 26    4 69    5 61    6 79    7 36    8 68    9 37   10 70   11 37   12 79   13 53   14 53   15 49   16 71   17  1   18 84   19 49   20 15 
   1 37    2 11    3 17    4 25    5 96    6 66    7 45    8 14    9 91   10  9   11 95   12 83   13 64   14  9   15 59   16  8   17 88   18 50   19 88   20 36 
   1  6    2 75    3 20    4 16    5 30    6 92    7  3    8 84    9 86   10 88   11 61   12 29   13 44   14 36   15 51   16  6   17 29   18  3   19 79   20 98 
   1 63    2 44    3 95    4 94    5 47    6 58    7  7    8  1    9 22   10 37   11 80   12 69   13 34   14 39   15 15   16 55   17 92   18 11   19  1   20 90 
   1 76    2 51    3 20    4 92    5 74    6 28    7 82    8 48    9 28   10 79   11 32   12 17   13 25   14 34   15 64   16 27   17 12   18 21   19 30   20  3 
   1 41    2 14    3 46    4  1    5 21    6 26    7 42    8 90    9 32   10 51   11 37   12  1   13 48   14 94   15 30   16 81   17 75   18 35   19 49   20  1 
   1  2    2 49    3 94    4 89    5 22    6 53    7 18    8  1    9  2   10 46   11 23   12 42   13 25   14 81   15  5   16 74   17 45   18 93   19 99   20 25 
   1 65    2 41    3  2    4 88    5 48    6 94    7 24    8 76    9  3   10 17   11 17   12 56   13 12   14 25   15  5   16 85   17 82   18 70   19 60   20 84 
   1 31    2 45    3 14    4 36    5 48    6 29    7 74    8 15    9 74   10 64   11 85   12 82   13 20   14 70   15 16   16 50   17 48   18 74   19 63   20 49 
   1 88    2 64    3 52    4 54    5 94    6 77    7 83    8 50    9 24   10 35   11 59   12 66   13 46   14 84   15 18   16  6   17 63   18 29   19 39   20 15 
   1 53    2 23    3 90    4 17    5 46    6 40    7 65    8 78    9 56   10 62   11  6   12 15   13 76   14  4   15 22   16 95   17 56   18 47   19 86   20 18 
   1 36    2 68    3 62    4 88    5 76    6 94    7 97    8 16    9 50   10 32   11 18   12 79   13 27   14 62   15 36   16 27   17 87   18 79   19 33   20 85 
   1 25    2 63    3 80    4 57    5 11    6 20    7 97    8 24    9 90   10 45   11  1   12 60   13 75   14 57   15 95   16 15   17  4   18 15   19  9   20  5 
   1 93    2 41    3 52    4 17    5 53    6 63    7 73    8  9    9 70   10 82   11 73   12 92   13 47   14 51   15 26   16 72   17 81   18 63   19 81   20 76 
   1 89    2 26    3 55    4 64    5 58    6 34    7 62    8 23    9 78   10 91   11 71   12  7   13 78   14  4   15 92   16 75   17 28   18 58   19 32   20 53 
   1 43    2  7    3 83    4 17    5 71    6 25    7 34    8 37    9 44   10 61   11 22   12 87   13 47   14 25   15 21   16 79   17  6   18 86   19 13   20 88 
   1 59    2 42    3 51    4 10    5 77    6  3    7 57    8 78    9 31   10 89   11 68   12 83   13 99   14 62   15 50   16  6   17 43   18 96   19 82   20 42 
   1 57    2  3    3 83    4 80    5 64    6 17    7 61    8 64    9 65   10  1   11 77   12 65   13  4   14 48   15 52   16 57   17 69   18 35   19 94   20 64 
   1 96    2 88    3 20    4 32    5 53    6 44    7 52    8 31    9 98   10 61   11 31   12 79   13 77   14 97   15 98   16  6   17 19   18 72   19 99   20 58 
   1 44    2 20    3 72    4 15    5 80    6 71    7  7    8  7    9 14   10 20   11 97   12 40   13 70   14 15   15 11   16 27   17 66   18 17   19 84   20 90 
   1 64    2 57    3 64    4 18    5  8    6 19    7 30    8  6    9 89   10 61   11 23   12 38   13 10   14 27   15 18   16  6   17 49   18 61   19 27   20 22 
   1 64    2 26    3  2    4 61    5 23    6 26    7 77    8 44    9 63   10 91   11 17   12 12   13 23   14 88   15 33   16 17   17 33   18 85   19 19   20 53 
   1 18    2 67    3 21    4 39    5 15    6 25    7 72    8 22    9 22   10 58   11 27   12 29   13 94   14 99   15 41   16 41   17 63   18 32   19 24   20 28 
   1 39    2 11    3 34    4 59    5 43    6 12    7 85    8 46    9 88   10  4   11 81   12  2   13 82   14 95   15 81   16 72   17 17   18 28   19 82   20 31 
   1  2    2 75    3 96    4 91    5 86    6 22    7  8    8 27    9 84   10 16   11 22   12 76   13 35   14 11   15 90   16 36   17 94   18  3   19 50   20 85 
   1 18    2 55    3 24    4 27    5 14    6 70    7 62    8 68    9 98   10 43   11 33   12 27   13 38   14 48   15 67   16 70   17  8   18 37   19 31   20 89 
   1 23    2 78    3  8    4  5    5 44    6  6    7 76    8 93    9 96   10 79   11 40   12 66   13 34   14 73   15 76   16 34   17 21   18 63   19 27   20 57 
   1 64    2 52    3 49    4 18    5 35    6 82    7 51    8 29    9 43   10 41   11 42   12 50   13 56   14 45   15 74   16 94   17 57   18 28   19 29   20 12 
   1 19    2 19    3 86    4  4    5 87    6 78    7 54    8  4    9  9   10 31   11 92   12 85   13 25   14 97   15  9   16 14   17 52   18 90   19 48   20 76 
   1 88    2 21    3 13    4 23    5 12    6 14    7 48    8 30    9 79   10 61   11 45   12 48   13 56   14 66   15 98   16 97   17 27   18 86   19 93   20 92 
   1 28    2  4    3 70    4  8    5 18    6 67    7 23    8 29    9 58   10 78   11  1   12 27   13 70   14  4   15 17   16 63   17 71   18 80   19 17   20  1 
   1 21    2 37    3 37    4  9    5 39    6 64    7 78    8 57    9 72   10 90   11 51   12 33   13 79   14 70   15 33   16 68   17 64   18 47   19 39   20  1 
   1 30    2 40    3 23    4 58    5 43    6 30    7 38    8 98    9 36   10 40   11 37   12 33   13 46   14 58   15  3   16 90   17 34   18  5   19 48   20 10 
   1 41    2 79    3 52    4 19    5 81    6 64    7 38    8 75    9 40   10 73   11 53   12 17   13 12   14 22   15  2   16 38   17 55   18 88   19 41   20 65 
   1 83    2 20    3 26    4 57    5 73    6 11    7 56    8 76    9 27   10 48   11 80   12 29   13 31   14 77   15 62   16 35   17 46   18  6   19 29   20 12 
   1 85    2 42    3 72    4 51    5 94    6 72    7 95    8 37    9 30   10 55   11 52   12 37   13 12   14 77   15 76   16 10   17 72   18 52   19 66   20  7 
   1 35    2 34    3 29    4  8    5 86    6 96    7 55    8  5    9 35   10  1   11 24   12 97   13 34   14 34   15 82   16 31   17 47   18 57   19 86   20 82 
   1 90    2 87    3 38    4 47    5  3    6 76    7 36    8  8    9 61   10 26   11 84   12 26   13 57   14 26   15 75   16 19   17 82   18 49   19 73   20 81 
   1 41    2 78    3 38    4 72    5 21    6 27    7 40    8 93    9 13   10 71   11 79   12 78   13 80   14 87   15 79   16 53   17 51   18 85   19 72   20 40 
   1 78    2 24    3 73    4 71    5 78    6 12    7 98    8 41    9 90   10 16   11 12   12 74   13 39   14 42   15 76   16 27   17  5   18 23   19 48   20 81 
   1 92    2  3    3 37    4 74    5 84    6 85    7 94    8 58    9 23   10 64   11 42   12 81   13 47   14 25   15 86   16 41   17 45   18 87   19 98   20  2 
   1 43    2 76    3 93    4 39    5 75    6 44    7 78    8 51    9 97   10 43   11 83   12  2   13 86   14 82   15 51   16  8   17 76   18  5   19 21   20 66 
   1  4    2 18    3 37    4 16    5 68    6 10    7 79    8 74    9 26   10 68   11 96   12 84   13 90   14 40   15 50   16 26   17 98   18 51   19 30   20 80 
   1  2    2 71    3 53    4 83    5 77    6 80    7 61    8 54    9 29   10 44   11 67   12 44   13 66   14 81   15 75   16 57   17 63   18  9   19  4   20 86 
   1 66    2 63    3 51    4 88    5  8    6 50    7 96    8 92    9 73   10 36   11 35   12 42   13 13   14 65   15 52   16 39   17 68   18 14   19 78   20 72 
   1 83    2 36    3 76    4 75    5 16    6 92    7 42    8 43    9 76   10 36   11 93   12 60   13 81   14  1   15 53   16 33   17 26   18 40   19 41   20  6 
   1 14    2 72    3 33    4 15    5 75    6 81    7 90    8 84    9  5   10 18   11 13   12 88   13 94   14 55   15 86   16 97   17 87   18 15   19  2   20 15 
   1 45    2  2    3 87    4 98    5 36    6 81    7 26    8 95    9  3   10 38   11 56   12 94   13  1   14 93   15 23   16 97   17 92   18 13   19 24   20  2 
   1 43    2  7    3 47    4 92    5 63    6 72    7 92    8 86    9 88   10  6   11  2   12 21   13 78   14 22   15 85   16 32   17 48   18 42   19 83   20 79 
   1 66    2 82    3 65    4  4    5 16    6 41    7 66    8 27    9 63   10 13   11 96   12 74   13 35   14 59   15 17   16  8   17 56   18 88   19 13   20 70 
   1 23    2 35    3 71    4 13    5 52    6 57    7 85    8 31    9 13   10 73   11 78   12 21   13 21   14 61   15 14   16 79   17 71   18 65   19 37   20 71 
   1 21    2 83    3 90    4 99    5 47    6 29    7 92    8 37    9 91   10 85   11 76   12 47   13 70   14  5   15 46   16 84   17 38   18 33   19 50   20 81 
   1 10    2  7    3 25    4 88    5 58    6 13    7 42    8 66    9 80   10  2   11 21   12 85   13 30   14 10   15 34   16 41   17 90   18 14   19 99   20 75 
   1 31    2 20    3 25    4  4    5 88    6  7    7 31    8 28    9 87   10 62   11  7   12 82   13 57   14 97   15 75   16 76   17 28   18 64   19 56   20 84 
   1 26    2  4    3 91    4 77    5 71    6 36    7 28    8  3    9 43   10 20   11 78   12 69   13 56   14 94   15 45   16 39   17 42   18 97   19 60   20 26 
   1 16    2 66    3 15    4 17    5 28    6 12    7 73    8 68    9 31   10 60   11 72   12 51   13 40   14 87   15 70   16 56   17 48   18 15   19  2   20 20 
   1 39    2 41    3 49    4 78    5 97    6 49    7 87    8 96    9 97   10 58   11 85   12 45   13 71   14 18   15 31   16 70   17 28   18 64   19 18   20 99 
   1 44    2 26    3 47    4 25    5 53    6 61    7 91    8 63    9 11   10 97   11 26   12 60   13 11   14 13   15 34   16 98   17 44   18 16   19 48   20 97 
   1 56    2 10    3 57    4 86    5 55    6 38    7 60    8 46    9 64   10 42   11 73   12 30   13 83   14 82   15 67   16  8   17  2   18 91   19 68   20 48 
   1 23    2 54    3 86    4 18    5 77    6 86    7 44    8 28    9 14   10 13   11 24   12 47   13 62   14 12   15 55   16 31   17 50   18 63   19 66   20 64 
   1 86    2 52    3 35    4 62    5 95    6 35    7 45    8 61    9  8   10 71   11 61   12 94   13 90   14 88   15 52   16 69   17 77   18 79   19 52   20 32 
   1  7    2  1    3 20    4 31    5 66    6 29    7 51    8 17    9 52   10 31   11 48   12 21   13 23   14 62   15 55   16 37   17 22   18 14   19 58   20 94 
   1 68    2 14    3 63    4 19    5 44    6 89    7 78    8 52    9 28   10 94   11 80   12 18   13 90   14 98   15  8   16 65   17  1   18 69   19 13   20 91 
   1 66    2 97    3 18    4 31    5 48    6 40    7 62    8 78    9 94   10 31   11 35   12 33   13 90   14 89   15 63   16 57   17 27   18 93   19 61   20 35 
   1 70    2 78    3 92    4 48    5 27    6  1    7  5    8 12    9 62   10 47   11 55   12  5   13 51   14 85   15 95   16 35   17 45   18 10   19 24   20 97 
   1 88    2 19    3 62    4  7    5 76    6 12    7 84    8 46    9  7   10 35   11  9   12 35   13 42   14 61   15 48   16  5   17  7   18 41   19 54   20 87 
   1 94    2 81    3 70    4 80    5 76    6 36    7 87    8 13    9 15   10 84   11 39   12 92   13 27   14 38   15 14   16 77   17 72   18 47   19  3   20 56 
   1 18    2 22    3  2    4 72    5 27    6 72    7 15    8 48    9 16   10 74   11 55   12 11   13 72   14 59   15 21   16 93   17 96   18 15   19 86   20 92 
   1 62    2 18    3 24    4 93    5  6    6 70    7 12    8 73    9 88   10 93   11 18   12  7   13 11   14 41   15 81   16 84   17 30   18  3   19 79   20 90 
   1 19    2 71    3 23    4 79    5 23    6 71    7 51    8 98    9  7   10 53   11 50   12 80   13 95   14 58   15 47   16 10   17 11   18 58   19  4   20 36 
   1 87    2 54    3  8    4  4    5 96    6  8    7 25    8 96    9 72   10 60   11 49   12 87   13  1   14 46   15 18   16 74   17 47   18 18   19 28   20 20 
   1 26    2 80    3 97    4 23    5 34    6 43    7 42    8 97    9 21   10 32   11  7   12  2   13 17   14 94   15 26   16 27   17 83   18 94   19 11   20 67 
   1 23    2  2    3 25    4 22    5 26    6 71    7 86    8 69    9 90   10 50   11 94   12 76   13 32   14 14   15 63   16 14   17  5   18 16   19 86   20 97 
   1 85    2 71    3 66    4  4    5 33    6 32    7 67    8 82    9 87   10 23   11 74   12 58   13 31   14 57   15 76   16 91   17 40   18 96   19 30   20 90 
   1 95    2 33    3 71    4 11    5 77    6 26    7 21    8 37    9 81   10 44   11 51   12 31   13 74   14 99   15 19   16 82   17 96   18  7   19 98   20 94 
   1  4    2 41    3 90    4 21    5 55    6 24    7 26    8 45    9 75   10  2   11  6   12 27   13 83   14 25   15 47   16  3   17 95   18  7   19 13   20 82 
   1 22    2 48    3 31    4 80    5 28    6 26    7 93    8 67    9 76   10 14   11 90   12 11   13 82   14 64   15 24   16 53   17 99   18  5   19 91   20 66 
   1 34    2 72    3 92    4 82    5  9    6 52    7 60    8 21    9 29   10 46   11 55   12 25   13 89   14 84   15 92   16 48   17 71   18 73   19 40   20 73 
   1 21    2 95    3 45    4 70    5 55    6  5    7 96    8 64    9 80   10 28   11 87   12 26   13 48   14 79   15 10   16 84   17 78   18 50   19 64   20 14 
   1 93    2 12    3 27    4 74    5 82    6  7    7 81    8 59    9 97   10  5   11 95   12 86   13 42   14  9   15  5   16 28   17  2   18 84   19 93   20  2 
   1 47    2 17    3 73    4 55    5  8    6 64    7 60    8  2    9 21   10 12   11 82   12 39   13 66   14 25   15 18   16 75   17 12   18 19   19 19   20 62 
   1 44    2 71    3 82    4  3    5 40    6  1    7 76    8 51    9 84   10 34   11 22   12 17   13 93   14 70   15 81   16 66   17 28   18 48   19 26   20 13 
   1 40    2 79    3 95    4 40    5 30    6 36    7 72    8 62    9 62   10 29   11 77   12 73   13 33   14 57   15 29   16 64   17 92   18 61   19 75   20 42 
   1 49    2 24    3 38    4 61    5 31    6 74    7 72    8 98    9 84   10 10   11  1   12 11   13 30   14 69   15 70   16 40   17 69   18 63   19  1   20 61 
   1 23    2 11    3 82    4 26    5 52    6 71    7  9    8 33    9 63   10 31   11 27   12 75   13 78   14 91   15 38   16 93   17 97   18 29   19 52   20  2 
   1 15    2 66    3  5    4 56    5 45    6 37    7 78    8 39    9 93   10 34   11 62   12  4   13  4   14 44   15 56   16 24   17 77   18 13   19  5   20 47 
   1 52    2 82    3 17    4 77    5 97    6 97    7 80    8  5    9 28   10 26   11 94   12 80   13  2   14 41   15 12   16 74   17 42   18 76   19 79   20 70 
   1 90    2 34    3 32    4 67    5 59    6 92    7 44    8 38    9 26   10 20   11 21   12 21   13 66   14 25   15 37   16 93   17 95   18 83   19 43   20 30 
   1  9    2 31    3 19    4 75    5 65    6 28    7 57    8 10    9 91   10 25   11  9   12 95   13 71   14 52   15 10   16 76   17 78   18 47   19 41   20 89 
   1 22    2 50    3 52    4 81    5  4    6 18    7 28    8 36    9 12   10 98   11 12   12 67   13 11   14 34   15 13   16  8   17 99   18 33   19 28   20 58 
   1 80    2 54    3 39    4 43    5  1    6 57    7  7    8 15    9 51   10 50   11 74   12 87   13 93   14 27   15 94   16 56   17 85   18  2   19 57   20 15 
   1  4    2 79    3 77    4 90    5 72    6 59    7 12    8 11    9 47   10  8   11 98   12 19   13 41   14 24   15 14   16 24   17 18   18 53   19 10   20  3 
   1 95    2 97    3 52    4 14    5 28    6 44    7  2    8 58    9 43   10 54   11  7   12  7   13 87   14 86   15 67   16 20   17 72   18 90   19 94   20 82 
   1 32    2 37    3 74    4 42    5 92    6 21    7 12    8 34    9 52   10 55   11 39   12 12   13 76   14 12   15 67   16 89   17 20   18 72   19 97   20 57 
   1 28    2 96    3 76    4 67    5 66    6  6    7 50    8 19    9 16   10 17   11 17   12 72   13 95   14 78   15 23   16 88   17 47   18 39   19 62   20 61 
   1 19    2 26    3  1    4 56    5 71    6 12    7 48    8 40    9 39   10  2   11 44   12 13   13 55   14 86   15 97   16 61   17 47   18 75   19 57   20 34 
   1 83    2 39    3 51    4 23    5 55    6 39    7 64    8 27    9 84   10 42   11  5   12 22   13 19   14 22   15 58   16 83   17  4   18 80   19  2   20 69 
   1 30    2 71    3 74    4 16    5 70    6 92    7 38    8 30    9 29   10 23   11  4   12 45   13 40   14 93   15  8   16 84   17 73   18 62   19  4   20 36 
   1 59    2 23    3 37    4 42    5 33    6 56    7 87    8  2    9 64   10 70   11 50   12 71   13 94   14  3   15 38   16 40   17 92   18 85   19 33   20 44 
   1 27    2 34    3 23    4 42    5 49    6 57    7 17    8 55    9 83   10 34   11  5   12 71   13 91   14 43   15 27   16 64   17 61   18 32   19 81   20 25 
   1 11    2 34    3 23    4 26    5 28    6  5    7  1    8  3    9 14   10 93   11 61   12 55   13 87   14 69   15 58   16 17   17  5   18 34   19 43   20 73 
   1 30    2 39    3 15    4 35    5 51    6 48    7 22    8  2    9 78   10 38   11 68   12 18   13 34   14 63   15 14   16 18   17 51   18 60   19 79   20 17 
   1 14    2 55    3 44    4 24    5 43    6  4    7 93    8 71    9 14   10 30   11 79   12 29   13 68   14 67   15  4   16 37   17 57   18 62   19 67   20  4 
   1 49    2 49    3 96    4 38    5 42    6 97    7 51    8 65    9 21   10 29   11 77   12 27   13 54   14 98   15 69   16 86   17 58   18 12   19 93   20 58 
   1 12    2 86    3 56    4  3    5 26    6 25    7 58    8 34    9 88   10 39   11 69   12 96   13  1   14  3   15 46   16 40   17 28   18 61   19 40   20 64 
   1 85    2 55    3 19    4 95    5 53    6 74    7 21    8 85    9  2   10 77   11 82   12 57   13 64   14 26   15 38   16 12   17 23   18 99   19  9   20 70 
   1 51    2 61    3 67    4 25    5 51    6 78    7  2    8 46    9 18   10 98   11  9   12 55   13 79   14 51   15 34   16  6   17 63   18  3   19 54   20 65 
   1 58    2 91    3 32    4 80    5  1    6 26    7 48    8 83    9 71   10 96   11  1   12 34   13 59   14  3   15 14   16  8   17 14   18 48   19 74   20 67 
   1 95    2 41    3 22    4  7    5 49    6 76    7  9    8 46    9 21   10 79   11  2   12 90   13 36   14 48   15 22   16 61   17 92   18  9   19  3   20 10 
   1 13    2 39    3 23    4  2    5  3    6 22    7 30    8 73    9 60   10 55   11  5   12 96   13 43   14 78   15 93   16 15   17 30   18 29   19 35   20 43 
   1 54    2 48    3 95    4 68    5 12    6 11    7 33    8 18    9 48   10 65   11 71   12 14   13 90   14 19   15 78   16 75   17 41   18 81   19 42   20 73 
   1 86    2 62    3 68    4 84    5 12    6 40    7 69    8 61    9 16   10 68   11 50   12 72   13 88   14  3   15 70   16  3   17 65   18 26   19 15   20 31 
   1 24    2 32    3 89    4  5    5 90    6  2    7 59    8  1    9  4   10 13   11 58   12 84   13 33   14 87   15 49   16 45   17 98   18 66   19 87   20 88 
   1 28    2 51    3  3    4 88    5 88    6 81    7 12    8 93    9 99   10 13   11 35   12 22   13 85   14 47   15  1   16 13   17  9   18 83   19 18   20 39 
   1 15    2 52    3 76    4  9    5 76    6  8    7 94    8 68    9 32   10 47   11 52   12 43   13 75   14  5   15 30   16 99   17 18   18 71   19 67   20 67 
   1 43    2 71    3 40    4 72    5 80    6 60    7 15    8 56    9 38   10 33   11 20   12 33   13 84   14 76   15 81   16 39   17 52   18 75   19 20   20 23 
   1 39    2 32    3  6    4 40    5 97    6 70    7 21    8 55    9 46   10 17   11  1   12 32   13 37   14  6   15 67   16 73   17 41   18 21   19 58   20 18 
   1 54    2 85    3 79    4 82    5 12    6 62    7 44    8  5    9 29   10 26   11 21   12  8   13 92   14 71   15 91   16 21   17 14   18 36   19 78   20 39 
   1 18    2 70    3 43    4 21    5 31    6 56    7 76    8 99    9  4   10 64   11 53   12 18   13 51   14 35   15 83   16 84   17  6   18 89   19 41   20 89 
   1 45    2  2    3 19    4 69    5 50    6 78    7 34    8 47    9 26   10 11   11 69   12  5   13 34   14 61   15 46   16 20   17 17   18 27   19 82   20 98 
   1 83    2 82    3 98    4 66    5 91    6 84    7 77    8 31    9 26   10 22   11 22   12 13   13 10   14 99   15 82   16 83   17 39   18 11   19 57   20 45 
   1 58    2 32    3 77    4 59    5 87    6 62    7 99    8 89    9 15   10 45   11  7   12 76   13  7   14 28   15  6   16 87   17 53   18 79   19 26   20 63 
   1 36    2 26    3 76    4 42    5 16    6 84    7 35    8 98    9 59   10 69   11 42   12 30   13 17   14 59   15 52   16 95   17 16   18  8   19 38   20 17 
   1 32    2 28    3 57    4 90    5  1    6  7    7 32    8 29    9 47   10 28   11 87   12 24   13 46   14  6   15 25   16 46   17 11   18 99   19 43   20 58 
   1 85    2 29    3  1    4 58    5 43    6 85    7 99    8 47    9 22   10 27   11 51   12 68   13 40   14 38   15 33   16  2   17 91   18  6   19 24   20  6 
   1 13    2 31    3 27    4 19    5 19    6 97    7 78    8 53    9 38   10 86   11 63   12 52   13  4   14 50   15 24   16 65   17 51   18 33   19 11   20 42 
   1 89    2 49    3 19    4 62    5 51    6 11    7 62    8 25    9  4   10 87   11 67   12 54   13 88   14 52   15 44   16 56   17 31   18 99   19 67   20 11 
   1 55    2 88    3 81    4 36    5  2    6 45    7 59    8 58    9 21   10 13   11 13   12 93   13 77   14 48   15 46   16 41   17 18   18  2   19 24   20 79 
   1 14    2 76    3  3    4 52    5 21    6 47    7 82    8 64    9 35   10 23   11 43   12 82   13 51   14 97   15 55   16 67   17  5   18 46   19 21   20 76 
   1 81    2 35    3 90    4 78    5  3    6 87    7  3    8 11    9 25   10 55   11 20   12 66   13 48   14 68   15 43   16 46   17 12   18 98   19 13   20 84 
   1 50    2 90    3 16    4 58    5 49    6 13    7  3    8 46    9  1   10 39   11 81   12 44   13 51   14 30   15 99   16 38   17 30   18  2   19 15   20 42 
   1 19    2 87    3 20    4 90    5 58    6 98    7 63    8 68    9 93   10 58   11 73   12 83   13 42   14  8   15 50   16 59   17 65   18 21   19 57   20 78 
   1 54    2  9    3 36    4 86    5 46    6 82    7 94    8 27    9 27   10 93   11 91   12 16   13 22   14 46   15 86   16  9   17 58   18 93   19  8   20 38 
   1 28    2 95    3 93    4 27    5 41    6 13    7  4    8 34    9 81   10 17   11 22   12 89   13 18   14 12   15 23   16 23   17 51   18 62   19  7   20  6 
   1 45    2 94    3 80    4 64    5 27    6 55    7  7    8 96    9 63   10 53   11 91   12 75   13 19   14 37   15 38   16 21   17 37   18 63   19 97   20 14 
   1 67    2 96    3 12    4 21    5 95    6 65    7 46    8 82    9  9   10 75   11 83   12 51   13 87   14 97   15 52   16  4   17 22   18 14   19 38   20 21 
   1 86    2 78    3 98    4  7    5 48    6 65    7 72    8 44    9 57   10  7   11 30   12 35   13  6   14 29   15 24   16 14   17 58   18 35   19 59   20 38 
   1 42    2 64    3 26    4 22    5 18    6 17    7 27    8 43    9  6   10 86   11 78   12 99   13 30   14 82   15 28   16 45   17 52   18 85   19 27   20 16 
   1 25    2 54    3 41    4 88    5 95    6 96    7  1    8 99    9 63   10 41   11 84   12 47   13 44   14 29   15 73   16 66   17 58   18 34   19 82   20 26 
   1 73    2  2    3 55    4 26    5 93    6  9    7 72    8 60    9 38   10 93   11 93   12 61   13  9   14 98   15 11   16 92   17 80   18 94   19 55   20 20 
   1 13    2 55    3 23    4 58    5 38    6  1    7 34    8 46    9  6   10 77   11 56   12 10   13 10   14 71   15 47   16 81   17 19   18 61   19 82   20 51 
   1 44    2 77    3 64    4 55    5 97    6 68    7 30    8 20    9 25   10  1   11 93   12 30   13 97   14 11   15 90   16 54   17 67   18 18   19 94   20 87 
   1 73    2 35    3 64    4 39    5 14    6 19    7 30    8 46    9 72   10 73   11 16   12 54   13 15   14 61   15 64   16 26   17 68   18 36   19 49   20 55 
   1 27    2 83    3 93    4 46    5 61    6 58    7 82    8 70    9 62   10 69   11 64   12 79   13 19   14 18   15 18   16 72   17 61   18 30   19 93   20 37 
   1 33    2 23    3 25    4 63    5 93    6 17    7  3    8 20    9 88   10 30   11 45   12 18   13 40   14 60   15 25   16 63   17 21   18 67   19 49   20  7 
   1 74    2 28    3 71    4 48    5 77    6 90    7 69    8 93    9 83   10 36   11 78   12 94   13  4   14 84   15  6   16 59   17 20   18 59   19 59   20 82 
   1 39    2 80    3 48    4 62    5 51    6 13    7 66    8 64    9 67   10 27   11 85   12 47   13 68   14 72   15 94   16 69   17 34   18 35   19 33   20 92 
   1 64    2 50    3 98    4 82    5 53    6 77    7 13    8 97    9 80   10 19   11 94   12 84   13 47   14 40   15  5   16 70   17 28   18 59   19  2   20 40 
   1 98    2 51    3 48    4 28    5 37    6 89    7 20    8 13    9 58   10 25   11 39   12 10   13 76   14 54   15 73   16  4   17 11   18 22   19 92   20 48 
   1 45    2 17    3  4    4 94    5 13    6 17    7 94    8 80    9 87   10 31   11 20   12 13   13 39   14 32   15 50   16 69   17 50   18 87   19  3   20 76 
   1 49    2 42    3 29    4 53    5 55    6 46    7  8    8  6    9 55   10 39   11  7   12 55   13 76   14 53   15 85   16 53   17 43   18  7   19 12   20 53 
   1 62    2 54    3 83    4 12    5 32    6 83    7 20    8 87    9 68   10 58   11 54   12 34   13 38   14 28   15 81   16 30   17 43   18 21   19  9   20 79 
   1 46    2 55    3 56    4 72    5 69    6 63    7 27    8 35    9 10   10  1   11 47   12 77   13 45   14  2   15  3   16 83   17 68   18 75   19 77   20 22 
   1 94    2 85    3 43    4 96    5  5    6 40    7 52    8 41    9 38   10  4   11 30   12 21   13 68   14  3   15 36   16 56   17 71   18 25   19 21   20  7 
   1 39    2  2    3 89    4 34    5 43    6 18    7 14    8 73    9 54   10 11   11 23   12  2   13  8   14 88   15 34   16 87   17 12   18 24   19 86   20 32 
   1 41    2 70    3 28    4 35    5 11    6 67    7 60    8 21    9 61   10 86   11 52   12 21   13 46   14 52   15 19   16 73   17 32   18 89   19 26   20 11 
   1 57    2 65    3 26    4 41    5 43    6 56    7 78    8  7    9 37   10 19   11 29   12 20   13 97   14 65   15 67   16  2   17 92   18 74   19 21   20 67 
   1 55    2 74    3 65    4 48    5 55    6 98    7 44    8 36    9 80   10 68   11 89   12 80   13 87   14 97   15 89   16 18   17 85   18 67   19 16   20 35 
   1 43    2 58    3 86    4 84    5 93    6 31    7  1    8 94    9 12   10  1   11 68   12 45   13 57   14 14   15 65   16 70   17 91   18  1   19 53   20 97 
   1 57    2 88    3 54    4 55    5 93    6 16    7 28    8 87    9  8   10 20   11 90   12 20   13 89   14 61   15 65   16  4   17 73   18 60   19 95   20  2 
   1 92    2 30    3 97    4 92    5 79    6 10    7 13    8 70    9 31   10 55   11 25   12 29   13 69   14  3   15 72   16 96   17 33   18 21   19 20   20 43 
   1 50    2 83    3 69    4 35    5 79    6  9    7 69    8 76    9 40   10 19   11 66   12 96   13 91   14 57   15 12   16 52   17 93   18 80   19 97   20 46 
   1 75    2 71    3 70    4 92    5 47    6 32    7 62    8 22    9  5   10 17   11 62   12 48   13 40   14 71   15 45   16 87   17 47   18 39   19 83   20 82 
   1 51    2 76    3 20    4 92    5 31    6 14    7 47    8 40    9 59   10 57   11 25   12 96   13 15   14 11   15 39   16 83   17 43   18 13   19 69   20 33 
   1 11    2 15    3 60    4 33    5 62    6 53    7 86    8 82    9 88   10 48   11 98   12 53   13 96   14 11   15  4   16 17   17 29   18 75   19 17   20 24 
   1 44    2 79    3 55    4 19    5 82    6  5    7 71    8 70    9 12   10 52   11 51   12 34   13 58   14 34   15 89   16 64   17 48   18 62   19 55   20  9 
   1 35    2 96    3  4    4  3    5 44    6 91    7 42    8 35    9 77   10 12   11 89   12 98   13 97   14  7   15 83   16 42   17 69   18 98   19 38   20 88 
   1 95    2 26    3 48    4 72    5 14    6 92    7 53    8 95    9 96   10 28   11  3   12 87   13 95   14 75   15 50   16 38   17 36   18 44   19 70   20 61 
   1 93    2 17    3 78    4 56    5 22    6 17    7 33    8 10    9 91   10 95   11 49   12 56   13 58   14 14   15 90   16 39   17 77   18 27   19  7   20 73 
   1 32    2 21    3  9    4  9    5 89    6  5    7 59    8 49    9 75   10 24   11 28   12  2   13 28   14 93   15 19   16 21   17  3   18 89   19 94   20 66 
   1 38    2 86    3 39    4 53    5 45    6 74    7 11    8 24    9 85   10 88   11 66   12 30   13 25   14 33   15 26   16 70   17 17   18 83   19 35   20  6 
   1  8    2 40    3 72    4 90    5 28    6 85    7 86    8 59    9  4   10  9   11 96   12 35   13 63   14 83   15  8   16 62   17 33   18 34   19 67   20  1 
   1 36    2 27    3 69    4 99    5 43    6 70    7 34    8 35    9  9   10 79   11 55   12 23   13 52   14  5   15 54   16 60   17 35   18 51   19 18   20 93 
   1 17    2 37    3 27    4 51    5  8    6 86    7 51    8 63    9 30   10 40   11 51   12 71   13 94   14 10   15 73   16 46   17 33   18 13   19 74   20 23 
   1 72    2 28    3 74    4 51    5 77    6  7    7 85    8 18    9 57   10 94   11 38   12 96   13  7   14 21   15 69   16  1   17 14   18 34   19  1   20 48 
   1 81    2 93    3 64    4 78    5 61    6 99    7 90    8 85    9 56   10 37   11 34   12 28   13 67   14  8   15 23   16 73   17 55   18 73   19 73   20 15 
   1 20    2  1    3 17    4 61    5 14    6 40    7 51    8 42    9 55   10 85   11 85   12 69   13 61   14  6   15  9   16 32   17 20   18 74   19 16   20 82 
   1 39    2 48    3 51    4 27    5 90    6 89    7 66    8 49    9 74   10 65   11 96   12 46   13  7   14 34   15 93   16 16   17 83   18 35   19 87   20 90 
   1 82    2 19    3 61    4 64    5 52    6 80    7  9    8 24    9 72   10 41   11 81   12 18   13 69   14 27   15 47   16 29   17 73   18 28   19 19   20 51 
   1 32    2 90    3 78    4 42    5 58    6 46    7 34    8 54    9 90   10 91   11 80   12 16   13 34   14 96   15 87   16 42   17 53   18  1   19 98   20 48 
   1 50    2 62    3  9    4 96    5 19    6 44    7 84    8 87    9 50   10 74   11 19   12 80   13  1   14 18   15  5   16 97   17 82   18 53   19 50   20 59 
   1 97    2 83    3 23    4 57    5 22    6 89    7 42    8 30    9 53   10 40   11 84   12 19   13 94   14 92   15 52   16 14   17 59   18 16   19 54   20 93 
   1 96    2 21    3 19    4 90    5 95    6 20    7 39    8 79    9  8   10 25   11  5   12 50   13 65   14  1   15 48   16 53   17 98   18 34   19 69   20  9 
   1 95    2 96    3 34    4 75    5  6    6 25    7 71    8 96    9 15   10 64   11 91   12 91   13 70   14 85   15 93   16 48   17 66   18 28   19 81   20 44 
   1 80    2 56    3 43    4 64    5 98    6 40    7 64    8 85    9 14   10 74   11 45   12 67   13 88   14 83   15 72   16 87   17 65   18 16   19 13   20 65 
   1 76    2  6    3 26    4  8    5 76    6 86    7 78    8 73    9 96   10 58   11 90   12 30   13  3   14 16   15 82   16 23   17 41   18 43   19 41   20 15 
   1 52    2 46    3 15    4 61    5 22    6 63    7 46    8 56    9 40   10 95   11 96   12 99   13 92   14 73   15 71   16 78   17  1   18 61   19 59   20 94 
   1 84    2 10    3 32    4 61    5 12    6 36    7 37    8 65    9 56   10 10   11 11   12 31   13 11   14  5   15 52   16 25   17 17   18 54   19 89   20 90 
   1 49    2 21    3 46    4 56    5 73    6 54    7 43    8 74    9 75   10 93   11 48   12  2   13 85   14  6   15 93   16 44   17 32   18 72   19 22   20 73 
   1 26    2 55    3 65    4 20    5 12    6 31    7 80    8 98    9 25   10 24   11  5   12 83   13 53   14 76   15 27   16 22   17 11   18 37   19 50   20 65 
   1 43    2 78    3  8    4 32    5 11    6 21    7 44    8 28    9 17   10 40   11 68   12 25   13 82   14 24   15 35   16 59   17 29   18 62   19 70   20 26 
   1 99    2 86    3 44    4 44    5 33    6  4    7 24    8 42    9 90   10 19   11  5   12 75   13  4   14 43   15 81   16 59   17 89   18 77   19 57   20 83 
   1 92    2 68    3 70    4  3    5  7    6  6    7 12    8 79    9 90   10 70   11 35   12 72   13 44   14  6   15 74   16 92   17 10   18  4   19 13   20 48 
   1 81    2 36    3  4    4 48    5 35    6 45    7 40    8 55    9 13   10 69   11 23   12 65   13 93   14  9   15 74   16 45   17 41   18 83   19 50   20 99 
   1 19    2 87    3 62    4 80    5 27    6 28    7 11    8 27    9 51   10 58   11 88   12 69   13 67   14 33   15 95   16 40   17 61   18 50   19 23   20 16 
   1 25    2 60    3 26    4 23    5 87    6 86    7 86    8 22    9 90   10 46   11 95   12 14   13 80   14 10   15 92   16 12   17 87   18 60   19 88   20 50 
   1 81    2 84    3 26    4 45    5 37    6 71    7 59    8 51    9  8   10 32   11 47   12 93   13 16   14 82   15 77   16 55   17 41   18 64   19 94   20 87 
   1 84    2 92    3 41    4 79    5 10    6 72    7 48    8 64    9 42   10 76   11  6   12 79   13 18   14 46   15 52   16 30   17 27   18 35   19 88   20 46 
   1 50    2 74    3 85    4 30    5 67    6 15    7 15    8 54    9 16   10 56   11 92   12 35   13 57   14 58   15 20   16 64   17 95   18 87   19 13   20  4 
   1 38    2 54    3 17    4 72    5 82    6 31    7 89    8 23    9 30   10 89   11  8   12 23   13 10   14 84   15 44   16  2   17 81   18  8   19 81   20 69 
   1 48    2  6    3 90    4  8    5 52    6 33    7 99    8 52    9 45   10 98   11 69   12 14   13 92   14 57   15  9   16 89   17 18   18 69   19 70   20 39 
   1 94    2 44    3 75    4  6    5  7    6 35    7 55    8 77    9 35   10 84   11 61   12 76   13 20   14 54   15 36   16 41   17 84   18 64   19 67   20 96 
   1 58    2 80    3 18    4 53    5  5    6 47    7  9    8 67    9 52   10 52   11 85   12 62   13 56   14 21   15  8   16 89   17 61   18 64   19 33   20 31 
   1 67    2 12    3 22    4  8    5  6    6 46    7 20    8 32    9 95   10 77   11 34   12 71   13 76   14 66   15 18   16 49   17 93   18 73   19 36   20  9 
   1 83    2 57    3 32    4 71    5 39    6 57    7 26    8 27    9  4   10 95   11 11   12 64   13 89   14 70   15 68   16 81   17 54   18 22   19 84   20 51 
   1 40    2 85    3 26    4 43    5 93    6 69    7 97    8 43    9 35   10 80   11 64   12 62   13 73   14 50   15  1   16 83   17 33   18  9   19 30   20  3 
   1  5    2 11    3 39    4  8    5 58    6 84    7 20    8 22    9 77   10 76   11 93   12 93   13 15   14 73   15 63   16 33   17 42   18 36   19 62   20 36 
   1 41    2 13    3 12    4 96    5 88    6 13    7 10    8 61    9 70   10 65   11 46   12 35   13 48   14 75   15 52   16 22   17 80   18 76   19 52   20 14 
   1 10    2 31    3 39    4 50    5 28    6 98    7 63    8 98    9 62   10 41   11 11   12 91   13 93   14 46   15  5   16 42   17 87   18 29   19 82   20 32 
   1 84    2 58    3 97    4 38    5 25    6 86    7 57    8 48    9 96   10 84   11 26   12 41   13 20   14 60   15  3   16 38   17 28   18  3   19 58   20 76 
   1 43    2 93    3 14    4 52    5 48    6  6    7 58    8 34    9 87   10 40   11 83   12 39   13 11   14 81   15 22   16 61   17 28   18 70   19 83   20 70 
   1 51    2 73    3 39    4 44    5 39    6 29    7 84    8 67    9 18   10 15   11 68   12 91   13 80   14 86   15 69   16 61   17 34   18 90   19 50   20 63 
   1 41    2 76    3 30    4 72    5 86    6 19    7  6    8 42    9 97   10 26   11 17   12 39   13 79   14 50   15 48   16 94   17  5   18  2   19 60   20 15 
   1 57    2 78    3 33    4 64    5 52    6 72    7 58    8  7    9 72   10 97   11 85   12 37   13 55   14  4   15 19   16 74   17 16   18 70   19 80   20 73 
   1 68    2 91    3 84    4 97    5  3    6 79    7  5    8 98    9 16   10 46   11 94   12 29   13 16   14 70   15 84   16 25   17 76   18 89   19 26   20 13 
   1 53    2 10    3 23    4 60    5 39    6  9    7 81    8 91    9 55   10 35   11 60   12 80   13 44   14 49   15 22   16 82   17  1   18 29   19 80   20 59 
   1 99    2  4    3 60    4 27    5 28    6 46    7  5    8 94    9 61   10 79   11 68   12 63   13 89   14 49   15 30   16 13   17 23   18 76   19  3   20 29 
   1 31    2 29    3 64    4 55    5 18    6 99    7 97    8  5    9 39   10 80   11 51   12 51   13 16   14 47   15 65   16 15   17 48   18 47   19 99   20 39 
   1 92    2 52    3  1    4 18    5 22    6 54    7 25    8 94    9 70   10  7   11 35   12 23   13  2   14 24   15 31   16 45   17 58   18 44   19 83   20 72 
   1 35    2 99    3 30    4 60    5 40    6 52    7 77    8 27    9 94   10 75   11 89   12  6   13 16   14 76   15  9   16 92   17 48   18 34   19 69   20 53 
   1 90    2 69    3  9    4 38    5  5    6 13    7  3    8  7    9 47   10 19   11 64   12 82   13 20   14 78   15 73   16 39   17 75   18 41   19 20   20 57 
   1 47    2 91    3 93    4 97    5 25    6 28    7 97    8 74    9 73   10 17   11 32   12 34   13 33   14 99   15 87   16 99   17 84   18 42   19 85   20 29 
   1 32    2  2    3 40    4 92    5 58    6 79    7 40    8 63    9 34   10 70   11 89   12 41   13 26   14 85   15  7   16  5   17 82   18 71   19 69   20 50 
   1 66    2 54    3 31    4 71    5 97    6 58    7 91    8 31    9 99   10 61   11  7   12 85   13 91   14 50   15 97   16 49   17 31   18 43   19 90   20 23 
   1 39    2 43    3 55    4 42    5 39    6 18    7 92    8 90    9 78   10 76   11 78   12 72   13 91   14 55   15 12   16 81   17 43   18 28   19 37   20 33 
   1 38    2 90    3 94    4 61    5 59    6 61    7 55    8 13    9 79   10 38   11 10   12 59   13 45   14 45   15 90   16 57   17 20   18 65   19 65   20 32 
   1 72    2 90    3 21    4 64    5 16    6 14    7 24    8 54    9 78   10 71   11 62   12 77   13  1   14 84   15  4   16  2   17 71   18 16   19 63   20 30 
   1 42    2 94    3 32    4 35    5 65    6 33    7 46    8 31    9 10   10 67   11 96   12 53   13 27   14 74   15 42   16 62   17 38   18 50   19 88   20  5 
   1 51    2  1    3 46    4 30    5 39    6 59    7 85    8 64    9 23   10 52   11 12   12 54   13  4   14 58   15 22   16 14   17 60   18  8   19  9   20 79 
   1  6    2 92    3 55    4 71    5 73    6 40    7 61    8  9    9 96   10  2   11 50   12 82   13 82   14 41   15 52   16 89   17 80   18 66   19 66   20 61 
   1 50    2 77    3 15    4 34    5 91    6 25    7 54    8 48    9 53   10 53   11 66   12 73   13 39   14 78   15 88   16 63   17  1   18  4   19 19   20 98 
   1 87    2 86    3 30    4 25    5 60    6 98    7  6    8 97    9 91   10 71   11 96   12 16   13 75   14 62   15 60   16 80   17 37   18 99   19 34   20 31 
   1  1    2 35    3 85    4 90    5 51    6 90    7 53    8 50    9 21   10 32   11  5   12 95   13 55   14 50   15 89   16 98   17 94   18 48   19 81   20 74 
   1 87    2 10    3 96    4 37    5 65    6 14    7 86    8 38    9  2   10 30   11 93   12  3   13 58   14 43   15 96   16 63   17  4   18 62   19 34   20  6 
   1 80    2 74    3 59    4 10    5 27    6 48    7 51    8 94    9 34   10 54   11 41   12 67   13 39   14 52   15 64   16 91   17 58   18 87   19  3   20  7 
   1 11    2  4    3 89    4  7    5 98    6 43    7 93    8 82    9 42   10 75   11 76   12 33   13  4   14 84   15 88   16 24   17 80   18 52   19 13   20 32 
   1 23    2 86    3 81    4 80    5 35    6 23    7 75    8 60    9  9   10 74   11 43   12 91   13 51   14 41   15 74   16 99   17 94   18 49   19 13   20 56 
   1 71    2 72    3 90    4 18    5 37    6 93    7 23    8 35    9 48   10 37   11 21   12  4   13 43   14 16   15 35   16 25   17 42   18 28   19  3   20  4 
   1 50    2 26    3 20    4 26    5 25    6 32    7 16    8 58    9 43   10 42   11 65   12  9   13 79   14 85   15 34   16 42   17 76   18 61   19 78   20 92 
   1 82    2 36    3 43    4 95    5 98    6 91    7  2    8 15    9 16   10 70   11 36   12 18   13  5   14 23   15 15   16 54   17 90   18 67   19 46   20 38 
   1 30    2 90    3 95    4 74    5 31    6 79    7 10    8 83    9 67   10 84   11  1   12 60   13 31   14 19   15 99   16 42   17 71   18 98   19 53   20 99 
   1 19    2 48    3 59    4 79    5 79    6 76    7 38    8 11    9 74   10 49   11 39   12 78   13 93   14 11   15 90   16 39   17 37   18 40   19 78   20 21 
   1 14    2 67    3 77    4 62    5 23    6 38    7 43    8 69    9 56   10 62   11 69   12 28   13 88   14 80   15 42   16 50   17 18   18 83   19 76   20 37 
   1 44    2  7    3 83    4 62    5 27    6 69    7 14    8 22    9 83   10 85   11 18   12 80   13  5   14 22   15 88   16 97   17 36   18 77   19 39   20 74 
   1 51    2 62    3 71    4 42    5 89    6 43    7 26    8 57    9 89   10 80   11 19   12 53   13 23   14 69   15 22   16 64   17 67   18 66   19 62   20 44 
   1 52    2  1    3 33    4  8    5 51    6 40    7 27    8 39    9 85   10 21   11 40   12 94   13 36   14  5   15 67   16 49   17  6   18 66   19 63   20 62 

