ta111
500 20
   1 36    2  4    3 25    4 68    5 60    6 12    7 86    8 87    9 84   10 36   11 92   12 67   13 23   14 37   15 61   16 96   17 46   18 69   19 90   20 83 
   1 21    2 19    3  7    4 75    5 14    6 46    7 76    8 25    9 95   10 54   11 78   12 77   13 46   14 51   15 99   16  4   17 32   18 97   19  9   20 32 
   1 87    2  7    3 94    4 96    5 46    6 89    7 99    8 16    9 35   10 76   11 46   12 25   13 96   14  3   15 36   16  5   17 76   18 87   19  8   20 17 
   1 18    2 29    3 97    4 60    5 26    6 80    7 33    8 47    9 70   10 91   11 20   12 31   13 80   14 57   15 82   16 58   17 71   18 22   19 15   20 46 
   1 33    2 71    3 25    4 48    5 29    6 41    7 25    8  1    9  9   10 11   11 45   12 40   13 86   14  1   15 94   16 32   17 45   18 31   19 69   20 83 
   1 68    2 79    3 54    4 26    5 57    6 55    7 64    8 20    9 53   10 51   11 40   12 38   13 24   14 67   15 91   16 79   17 62   18  1   19 95   20 70 
   1 24    2 20    3 78    4 17    5 96    6 97    7 64    8 54    9 52   10 53   11 86   12 12   13 69   14 54   15 16   16 89   17 23   18 80   19 76   20 46 
   1 30    2 84    3 35    4 42    5 58    6 93    7 84    8 31    9 89   10 30   11 97   12 20   13 91   14 68   15 53   16 39   17 66   18 31   19 41   20 36 
   1 44    2 59    3 63    4 61    5  1    6 38    7 11    8 16    9 47   10 38   11 14   12 88   13 21   14 18   15 91   16 85   17 27   18 12   19 24   20 21 
   1 57    2 30    3  9    4 32    5 17    6 55    7 24    8 91    9 38   10  6   11 81   12 55   13 79   14 52   15 43   16 57   17 80   18 32   19 98   20 42 
   1 93    2 43    3 84    4 12    5 89    6 20    7 92    8 72    9  9   10 12   11 60   12 12   13 94   14 80   15 71   16 52   17 33   18 92   19 72   20 16 
   1 53    2 33    3 76    4 15    5 28    6 43    7 96    8 24    9 85   10 39   11 91   12 29   13 45   14 10   15 33   16 76   17 46   18 55   19 53   20 37 
   1 76    2 76    3 88    4  9    5 24    6  3    7 62    8 30    9 15   10 41   11 15   12 60   13 86   14 81   15  7   16 52   17 45   18 86   19 23   20 91 
   1  8    2 33    3 20    4 74    5 97    6 26    7 79    8 28    9 74   10  8   11 44   12 79   13 78   14 20   15  2   16 44   17 84   18 22   19 74   20 86 
   1 10    2 90    3 68    4 99    5 42    6 28    7  7    8 75    9 83   10 56   11 41   12 16   13 91   14 88   15 41   16 28   17 50   18 43   19 17   20 11 
   1 34    2 42    3 15    4 53    5 20    6 29    7 43    8  3    9  8   10 86   11 13   12 55   13 33   14 22   15 21   16 79   17 85   18 68   19 50   20  6 
   1  1    2 94    3 23    4 51    5 17    6 77    7 37    8 93    9 28   10 36   11 86   12 62   13 18   14 98   15  3   16 98   17 57   18 78   19 85   20 57 
   1  6    2 61    3 91    4 51    5 96    6 51    7 20    8 59    9 63   10 33   11 13   12 68   13  9   14 15   15 12   16 47   17 22   18 42   19 54   20 95 
   1 19    2 76    3 85    4 29    5 37    6 94    7  3    8 38    9 43   10 99   11 80   12  1   13 23   14 22   15 19   16 75   17 77   18 44   19 52   20 27 
   1 85    2 87    3 41    4 55    5  7    6 93    7 58    8  5    9 97   10 44   11 33   12  4   13 89   14 23   15 21   16 74   17 91   18  3   19 18   20  1 
   1 47    2 71    3 24    4 49    5 69    6 81    7 65    8 11    9 52   10 86   11  7   12 61   13 54   14 18   15 23   16 63   17 43   18 93   19  1   20 15 
   1 49    2  5    3 15    4 42    5 41    6  7    7 73    8 56    9 65   10 50   11 45   12 40   13 87   14 64   15 94   16 36   17 72   18 43   19 56   20 87 
   1 59    2 82    3 87    4  5    5 24    6 53    7  7    8 91    9 26   10 32   11 99   12 24   13 60   14 37   15 82   16 69   17 44   18 38   19  3   20 88 
   1 15    2 92    3 67    4  3    5 38    6  6    7 45    8 27    9 31   10 51   11 84   12 63   13  7   14 61   15  3   16 79   17 62   18 18   19 35   20 92 
   1 44    2 51    3 27    4 58    5 12    6 94    7 62    8 90    9 72   10 14   11 39   12 37   13 12   14 69   15 87   16  3   17 92   18 77   19 94   20 63 
   1 56    2  3    3 35    4 82    5  9    6 37    7  4    8 63    9 90   10 73   11 40   12 19   13  3   14 66   15 75   16 63   17 50   18 44   19 58   20 26 
   1 20    2 12    3 82    4 93    5 99    6 45    7 61    8 80    9 83   10 71   11 38   12 27   13 60   14 76   15 29   16 72   17  2   18 61   19  8   20 27 
   1 82    2 21    3 47    4 13    5 96    6 51    7 55    8 55    9 10   10 16   11 12   12 65   13 16   14 51   15 87   16 17   17 44   18 84   19 69   20 81 
   1  4    2 58    3 40    4  7    5 28    6 45    7 80    8 65    9 85   10 28   11 57   12 88   13 58   14 63   15 22   16 10   17 30   18 29   19 49   20 71 
   1 65    2 66    3 66    4 92    5 24    6  7    7 71    8 99    9 13   10 83   11 70   12 57   13 87   14 17   15 81   16 76   17 26   18 20   19 18   20 26 
   1 15    2 63    3 51    4 28    5 79    6 88    7 15    8 66    9 59   10 79   11 98   12 83   13 43   14 79   15 44   16 22   17 69   18 57   19 92   20 21 
   1 24    2 46    3 74    4 59    5 68    6 64    7 12    8 45    9 31   10 19   11 76   12 61   13  4   14 21   15 60   16 25   17 23   18  3   19 54   20 33 
   1 52    2 71    3 20    4 15    5 54    6 12    7 47    8 94    9 87   10 70   11 11   12 61   13 39   14 33   15 12   16 64   17 19   18  5   19 41   20  1 
   1 28    2 79    3  3    4 59    5 51    6 15    7 81    8 81    9  5   10 58   11  4   12 86   13 89   14 81   15 69   16 18   17  9   18  9   19 36   20 62 
   1 80    2 84    3 46    4 57    5 65    6  1    7 29    8 76    9  9   10 73   11 46   12 82   13 98   14  5   15 82   16 99   17 66   18 35   19 27   20 47 
   1 75    2 56    3 19    4 26    5 85    6 24    7 21    8  2    9 17   10 99   11 99   12 49   13 13   14 96   15 14   16 36   17 62   18 98   19 76   20 57 
   1 45    2 84    3 27    4 34    5 39    6 89    7 33    8 67    9 52   10 86   11 99   12 99   13 90   14 45   15  2   16 40   17 69   18 56   19 66   20 76 
   1 79    2 72    3  3    4 95    5 58    6 38    7 65    8 19    9 46   10 99   11 85   12 81   13  3   14 41   15 29   16 36   17 70   18 14   19 26   20 77 
   1 33    2 35    3 11    4 95    5 53    6 28    7 92    8 90    9 41   10 64   11  3   12 39   13  3   14 29   15 21   16  2   17 78   18 91   19 44   20 37 
   1 55    2 48    3 20    4 58    5 67    6  3    7 88    8 51    9 87   10 26   11 41   12  4   13 21   14 49   15 41   16 66   17 35   18  7   19 52   20 33 
   1 97    2 93    3 35    4 52    5 62    6 36    7  5    8 54    9 22   10 66   11 12   12 55   13 52   14 37   15 47   16 36   17 84   18 62   19 42   20 99 
   1 38    2 56    3 41    4 88    5 26    6 55    7 69    8 22    9 17   10 47   11 57   12 49   13 57   14 96   15 31   16 25   17 14   18 51   19  1   20 57 
   1 83    2 20    3  4    4 71    5 54    6 42    7 42    8 36    9 33   10 50   11 55   12 50   13  7   14 20   15 77   16 76   17 96   18 58   19 21   20 20 
   1 33    2 19    3 90    4 42    5 94    6 31    7 50    8 77    9 23   10 67   11 29   12 79   13 48   14 72   15  5   16 78   17 46   18 99   19 69   20  1 
   1 37    2 64    3 77    4 47    5 26    6 39    7 90    8  7    9 31   10 48   11 27   12  8   13 70   14 16   15 33   16 26   17 74   18 10   19 78   20 43 
   1 76    2 30    3 10    4 73    5 47    6 72    7 82    8 93    9 75   10 92   11 45   12 17   13 81   14 70   15 92   16 42   17 98   18 66   19 35   20 92 
   1 93    2 11    3 55    4 23    5 50    6 25    7 74    8 96    9 14   10  9   11 84   12 81   13 26   14 37   15 15   16 52   17 15   18 80   19 23   20 45 
   1 50    2 41    3 26    4 92    5 70    6 10    7 45    8 23    9 76   10 61   11 46   12 34   13 82   14 27   15 76   16 42   17 82   18 88   19 80   20  4 
   1 27    2 38    3 28    4 20    5 50    6 16    7 66    8 71    9 71   10 50   11 92   12 65   13 13   14 26   15 52   16 28   17 48   18 11   19 85   20 31 
   1 24    2 93    3 60    4 50    5 91    6 34    7 52    8 37    9 82   10 63   11 49   12 60   13 20   14 12   15 93   16 78   17  3   18 79   19 61   20 60 
   1 84    2 86    3 86    4 86    5 12    6 56    7 71    8 32    9 50   10 93   11 67   12 58   13 56   14 42   15 69   16 75   17 92   18 58   19 48   20 77 
   1 70    2 58    3 37    4 61    5 47    6 67    7 19    8 72    9 29   10 32   11 13   12 75   13 91   14 62   15 95   16 11   17  1   18 38   19 35   20 64 
   1 14    2 63    3 51    4  9    5 41    6 25    7 41    8  1    9  9   10 10   11 66   12 49   13 95   14 62   15  2   16 18   17 12   18 93   19 75   20 31 
   1 45    2 99    3 10    4 27    5 92    6 18    7  8    8 41    9 82   10 56   11 61   12 16   13 17   14 24   15 16   16 66   17 61   18 51   19 56   20 42 
   1  4    2 28    3 31    4 66    5 59    6 40    7 73    8 71    9 40   10 96   11 79   12  1   13 76   14 21   15 29   16 33   17  2   18 51   19 28   20 14 
   1 23    2 45    3 55    4 41    5 48    6 27    7 98    8 48    9 85   10 69   11 54   12 76   13 85   14 46   15 34   16 43   17 46   18 75   19 94   20 86 
   1 66    2 15    3 99    4 51    5 52    6 98    7 55    8 68    9 48   10 54   11 49   12 12   13 89   14 93   15 36   16  1   17 75   18 23   19 11   20 81 
   1 71    2 28    3  1    4 43    5 21    6  9    7 13    8  1    9 70   10 43   11 77   12 46   13 12   14 72   15 10   16 25   17 59   18 46   19 52   20 41 
   1  7    2 44    3 18    4 91    5 76    6 95    7 27    8 43    9 16   10 85   11 21   12 95   13 34   14 93   15 92   16 13   17 87   18 98   19  4   20 66 
   1 80    2 70    3 13    4  7    5 91    6 88    7 22    8 37    9 27   10 96   11 46   12 18   13 56   14 71   15 34   16 82   17 29   18 73   19  8   20 90 
   1 26    2  8    3 21    4  3    5 79    6 68    7 93    8 42    9 34   10 98   11 92   12 70   13 26   14 17   15 12   16 47   17  6   18 91   19 80   20 10 
   1  3    2 67    3 30    4 33    5 29    6  4    7 43    8 79    9 50   10 64   11 62   12 21   13 25   14 83   15 42   16 13   17 88   18 77   19 34   20  6 
   1 29    2 67    3 58    4 17    5 30    6 16    7 96    8 69    9 80   10 34   11 54   12 31   13 55   14 60   15  3   16 90   17 18   18 38   19 73   20 39 
   1 76    2 75    3 65    4 90    5 56    6 50    7 68    8 43    9 89   10 26   11 10   12 32   13 49   14 76   15  7   16 15   17 89   18 57   19 12   20 49 
   1 85    2 75    3 19    4 75    5 39    6  6    7 56    8 76    9 43   10 95   11 38   12 99   13 74   14 16   15 10   16 12   17 37   18 35   19 93   20 40 
   1 87    2 50    3 95    4 29    5 91    6 11    7 51    8 27    9  6   10 54   11 49   12 25   13 89   14 63   15 57   16 19   17 67   18 54   19 92   20 45 
   1 80    2 33    3 44    4  2    5 57    6  8    7 13    8 95    9  7   10 85   11 51   12 13   13 66   14 49   15 15   16 28   17 57   18 79   19  1   20 62 
   1 33    2 51    3 13    4 66    5  5    6 52    7 30    8 95    9  8   10 91   11 80   12 47   13 42   14 50   15 89   16 31   17 60   18 36   19 95   20 72 
   1 29    2 32    3 99    4 76    5 25    6 62    7 66    8 12    9 44   10 32   11 14   12 73   13 91   14 78   15 42   16 72   17 74   18 49   19 98   20 89 
   1 85    2 87    3 29    4 48    5 34    6 14    7 14    8 66    9 58   10 88   11 44   12  3   13 66   14 74   15  1   16 41   17  8   18 68   19 26   20 45 
   1 33    2 99    3  5    4 13    5 93    6  5    7 35    8 30    9 67   10 92   11 19   12 52   13 59   14 11   15 13   16 34   17 28   18 10   19 50   20 42 
   1 22    2 67    3 24    4 93    5 73    6  7    7 50    8  7    9 11   10 82   11 15   12 46   13 86   14 34   15 22   16 87   17 22   18 33   19 18   20 12 
   1 20    2 66    3 56    4 39    5  9    6 58    7 62    8 11    9 69   10 91   11 18   12 65   13 13   14 10   15 20   16 59   17 75   18 23   19 89   20 26 
   1 66    2 32    3 18    4 72    5 64    6 24    7 32    8 90    9 79   10 79   11 65   12 85   13 57   14 49   15 81   16 55   17 18   18 92   19 84   20 68 
   1 91    2 76    3 45    4 90    5 22    6 54    7 13    8 95    9 20   10 26   11  1   12 11   13 54   14 16   15 59   16 99   17  5   18 86   19 26   20 49 
   1 26    2 34    3 66    4 11    5 91    6 39    7 17    8 43    9 71   10 87   11 97   12 78   13 39   14 27   15 85   16 10   17 57   18 97   19 31   20 79 
   1 68    2 89    3 58    4 98    5 55    6 49    7 35    8 46    9 71   10 40   11 14   12 68   13 34   14 95   15  4   16 16   17 82   18 66   19  3   20  5 
   1 38    2  9    3 29    4 71    5 38    6 63    7 43    8 71    9 87   10 98   11 36   12 33   13 95   14 35   15 69   16 74   17 28   18 41   19 65   20 83 
   1 52    2  7    3 29    4 34    5 30    6 17    7 87    8  1    9 59   10 38   11 75   12  5   13 96   14 91   15 11   16 49   17 10   18 71   19 50   20 98 
   1 80    2 86    3 75    4 37    5 25    6 26    7 91    8  4    9 82   10 56   11 29   12 56   13 93   14  8   15 31   16 16   17 35   18 52   19 97   20 61 
   1 74    2 26    3  5    4 69    5 99    6 96    7 92    8 83    9 94   10 48   11 75   12 15   13 77   14 24   15  5   16  8   17 84   18 97   19 77   20 34 
   1 53    2 80    3 70    4 79    5 92    6 53    7 21    8 12    9 13   10 51   11 92   12 35   13 28   14 93   15 50   16 49   17 67   18 10   19 12   20 52 
   1 37    2 44    3 60    4 35    5 15    6  3    7 84    8 76    9 22   10 78   11 38   12  9   13 10   14  6   15 86   16 47   17 87   18 78   19 39   20 54 
   1 96    2 53    3  3    4 90    5  4    6 74    7 57    8 14    9  5   10 15   11 11   12  7   13  4   14 60   15 57   16 59   17 17   18 16   19 15   20 57 
   1 87    2 38    3 67    4 61    5 73    6 52    7 33    8  2    9 29   10 58   11 39   12 30   13 38   14 27   15 82   16 50   17 71   18 88   19 14   20  8 
   1  2    2 32    3 36    4 86    5 65    6 21    7 58    8 91    9 65   10 32   11 67   12 59   13 41   14  7   15 47   16 72   17 95   18 32   19 93   20 72 
   1 35    2 81    3  8    4 59    5 39    6 45    7 93    8 87    9  7   10 56   11 80   12 86   13 41   14 46   15  4   16 41   17 93   18 66   19 95   20  7 
   1 11    2 46    3 16    4 14    5 24    6 91    7  7    8 78    9 27   10 70   11  7   12 29   13 38   14 33   15 45   16 24   17 90   18 77   19 35   20 22 
   1 85    2  1    3 84    4 90    5 93    6 22    7 53    8 56    9 41   10 51   11 56   12 65   13 49   14 51   15 37   16 23   17 30   18 41   19 90   20 74 
   1  4    2 53    3 92    4  3    5 36    6 22    7 87    8  3    9 87   10  2   11 46   12 87   13 75   14 57   15 98   16 18   17 63   18 96   19 47   20 67 
   1 15    2 26    3 81    4 38    5 46    6 12    7 91    8 67    9 32   10  1   11 41   12 18   13 88   14 66   15 62   16 65   17  3   18 88   19 62   20  3 
   1 78    2 83    3 36    4 34    5 56    6 98    7 54    8 55    9  6   10  7   11 91   12 12   13 87   14 97   15 65   16 85   17 41   18 27   19 24   20 16 
   1 83    2 24    3 93    4 84    5 75    6 34    7  8    8 22    9 46   10 91   11 96   12 90   13 26   14  6   15 89   16 66   17 56   18 14   19 78   20  7 
   1 47    2 35    3 35    4 26    5 16    6 26    7 65    8 33    9 30   10 34   11 75   12 45   13 31   14  8   15  7   16 17   17 27   18 61   19 29   20 35 
   1 80    2 82    3 92    4 42    5 28    6 49    7  6    8 53    9 22   10 64   11 84   12 81   13 61   14 39   15  4   16 13   17 46   18 25   19 17   20 61 
   1 70    2  2    3 37    4 59    5 66    6 27    7 75    8 25    9 21   10 53   11 94   12 27   13 38   14 67   15 49   16 83   17 94   18 93   19 53   20 51 
   1 41    2 63    3 68    4 81    5 55    6 48    7 19    8 36    9 79   10 39   11 17   12 55   13 49   14 83   15 16   16 11   17 98   18 55   19 76   20 99 
   1 68    2 44    3 98    4 99    5 58    6 62    7 12    8 11    9 11   10 59   11 78   12 73   13 15   14 90   15 81   16 69   17 16   18 93   19 31   20 14 
   1  8    2 45    3 54    4 90    5 16    6 33    7 82    8 25    9 46   10 70   11 37   12 57   13 88   14 86   15 48   16  7   17 49   18 52   19  3   20 94 
   1 25    2 26    3 41    4  9    5 97    6 98    7 70    8 77    9 23   10 88   11 84   12 45   13  7   14 65   15 96   16 83   17 88   18 97   19 35   20 18 
   1 79    2  3    3 18    4 30    5 51    6 40    7 14    8 68    9 42   10 33   11 39   12 74   13 28   14 26   15 68   16 25   17 15   18 42   19 84   20 67 
   1 17    2 66    3 50    4 83    5 82    6 71    7 74    8 23    9 91   10 81   11 97   12 57   13 35   14  6   15 29   16 71   17 15   18 95   19 14   20 54 
   1 20    2 63    3 52    4 83    5 89    6 30    7 10    8 20    9 74   10 80   11 91   12 31   13 23   14 17   15 50   16 55   17 65   18 12   19 12   20 52 
   1 18    2 37    3 63    4 17    5 78    6 12    7 90    8 75    9 63   10 54   11 53   12 23   13 58   14 95   15 91   16  8   17 86   18 33   19 73   20 14 
   1 76    2 47    3 98    4 19    5 22    6 90    7 39    8 42    9 48   10 69   11 53   12 29   13 97   14 49   15 55   16 52   17 29   18 54   19  8   20 67 
   1 11    2 23    3 30    4 41    5 75    6 64    7 45    8 11    9 61   10  2   11 45   12 15   13 29   14 71   15 29   16  1   17 85   18  4   19 22   20 27 
   1 37    2 98    3 23    4  8    5 60    6 48    7 36    8 94    9 70   10 53   11 89   12 88   13 45   14 37   15 34   16 14   17 73   18 46   19 79   20 94 
   1 50    2  2    3  3    4 91    5 24    6 63    7 89    8 61    9 58   10 33   11 51   12 57   13 56   14 15   15 27   16 85   17 29   18 12   19 46   20  1 
   1 20    2  7    3 73    4 26    5 82    6 94    7 82    8 76    9 12   10 62   11 35   12 55   13 67   14 60   15 39   16 35   17 98   18 28   19  1   20 47 
   1 53    2 48    3 17    4 61    5 27    6 11    7 61    8 11    9 61   10 23   11 35   12  7   13 43   14 40   15 36   16 61   17 54   18 80   19 98   20 62 
   1 77    2 49    3 57    4 18    5 60    6 75    7 34    8  1    9 57   10 78   11 86   12 78   13 89   14 34   15 47   16  8   17 90   18 21   19 25   20 48 
   1  3    2 27    3 22    4 31    5 71    6  5    7 99    8 18    9 45   10  1   11 12   12 66   13 96   14 18   15 11   16 22   17 12   18  6   19 82   20  1 
   1 69    2 36    3 60    4 12    5 43    6 70    7 76    8 27    9 31   10 47   11  7   12 74   13 40   14 10   15  9   16 11   17 47   18 52   19 63   20 98 
   1 70    2 10    3 18    4 63    5 46    6 25    7 13    8 97    9 62   10 35   11 51   12 71   13 38   14 31   15 70   16 40   17 62   18 87   19 11   20 56 
   1 92    2 17    3 67    4 35    5 67    6 57    7 64    8 35    9 68   10 15   11 70   12 47   13 22   14 30   15 20   16  3   17 44   18 28   19  6   20 58 
   1 23    2 22    3  9    4 94    5 24    6 38    7 69    8 63    9  9   10 12   11 33   12 28   13 79   14 39   15 62   16  2   17 47   18 80   19  7   20 54 
   1 29    2 75    3 61    4 88    5 26    6 82    7 32    8 67    9 81   10 13   11 61   12 44   13 96   14 56   15 85   16  8   17 75   18 64   19 26   20 22 
   1 75    2 71    3 75    4 78    5 99    6 99    7  3    8 99    9 69   10 18   11 89   12  8   13 20   14 18   15 71   16 34   17 42   18 45   19  7   20 21 
   1 53    2 19    3  2    4 76    5 15    6 43    7 16    8 86    9 92   10 62   11 33   12 50   13 70   14 30   15 64   16 33   17 29   18  5   19 50   20 66 
   1 63    2 33    3  1    4 56    5 49    6 82    7 69    8 67    9 17   10 45   11 24   12 55   13 65   14 91   15  4   16 79   17 72   18 32   19 25   20 59 
   1 47    2 68    3 89    4  6    5 12    6 54    7 13    8 83    9 70   10 62   11 87   12 36   13 93   14 92   15 21   16  1   17 25   18 41   19 99   20 26 
   1  1    2 82    3 54    4 38    5 56    6 72    7 81    8 69    9 89   10 15   11 62   12 58   13 23   14  6   15 67   16 17   17 97   18 15   19 33   20 60 
   1 67    2  4    3 86    4 89    5 43    6 72    7 32    8 39    9  9   10 94   11 52   12 62   13 24   14 56   15 36   16  4   17 45   18 38   19 85   20 51 
   1 43    2 37    3 62    4 10    5 40    6 27    7 17    8 63    9 43   10 19   11 67   12 58   13  7   14 86   15 68   16 16   17 83   18 80   19 93   20 64 
   1 86    2 62    3 23    4 65    5 34    6 58    7 52    8 35    9 71   10 24   11 15   12  2   13 96   14 41   15 42   16 54   17 83   18 44   19  9   20 18 
   1 20    2 89    3 40    4  1    5 63    6 91    7 81    8 13    9 42   10 72   11 50   12 65   13 66   14 17   15 16   16 99   17 29   18  9   19 14   20 36 
   1 96    2 62    3 33    4 70    5 11    6 55    7  9    8 66    9 59   10 30   11 44   12 50   13 45   14 48   15 34   16 63   17  6   18 59   19 95   20 55 
   1 19    2  7    3  8    4 41    5 28    6  7    7 42    8  7    9 64   10 35   11 32   12 54   13  4   14 28   15  9   16  4   17 24   18 65   19 60   20  7 
   1 57    2 14    3 49    4 47    5 75    6 50    7 29    8 97    9 32   10 27   11 71   12 38   13 69   14 96   15 96   16 54   17 95   18 49   19 36   20 22 
   1 45    2 26    3 81    4 85    5 77    6  1    7 98    8  9    9 84   10 48   11 62   12 42   13 12   14 52   15 78   16 47   17 55   18 42   19 67   20 44 
   1 73    2 69    3 92    4 26    5  1    6 99    7 14    8 22    9 18   10 15   11 83   12 26   13 21   14 21   15 74   16 31   17 41   18 38   19 47   20 65 
   1 86    2 80    3 73    4  8    5 92    6 46    7  1    8 76    9 77   10 22   11 65   12 99   13 28   14 41   15 32   16 31   17 38   18 45   19 62   20 65 
   1 37    2 94    3 73    4 97    5  4    6 18    7 35    8  3    9 54   10 10   11 74   12 61   13 48   14 77   15 30   16  3   17 47   18 34   19 61   20 50 
   1 99    2  2    3 28    4 58    5 37    6 94    7 63    8 61    9 35   10 85   11 65   12 11   13  7   14 58   15 92   16 38   17 51   18 33   19 26   20 63 
   1  9    2 66    3 55    4 43    5  3    6 77    7 40    8 59    9 25   10 88   11 65   12 44   13 91   14  8   15 14   16 51   17 47   18 61   19 65   20 14 
   1 98    2 34    3 53    4 45    5 63    6 70    7 30    8 37    9 76   10 32   11 75   12 30   13 90   14 77   15 61   16 26   17 17   18 65   19 39   20  9 
   1 69    2 81    3 78    4 90    5 19    6  4    7 52    8 45    9 42   10 96   11 32   12 43   13 22   14 68   15 11   16 32   17 46   18 35   19 74   20 39 
   1 23    2 74    3 49    4 94    5 69    6 76    7 70    8 67    9 14   10 17   11 59   12 19   13 36   14 61   15  3   16 62   17 28   18 32   19 26   20 73 
   1 61    2 68    3 49    4 30    5 28    6 72    7 10    8 86    9 49   10 47   11 25   12  2   13 36   14 16   15 61   16 70   17 41   18 27   19 57   20 73 
   1  9    2 31    3 80    4 54    5 61    6 71    7 98    8 56    9 56   10 27   11 66   12  3   13 29   14 94   15 38   16 11   17  7   18 66   19 65   20 53 
   1 72    2 91    3 94    4 92    5 59    6 57    7 64    8 18    9 79   10 44   11 13   12 56   13 78   14  7   15 85   16 80   17 68   18 67   19 61   20 52 
   1 76    2 90    3 58    4 92    5 47    6 66    7 22    8 42    9 91   10 64   11 20   12 92   13 78   14 34   15 46   16 62   17 30   18 71   19 31   20 10 
   1 71    2 10    3  7    4 37    5 24    6 66    7 10    8 56    9 59   10 68   11 55   12 21   13 95   14 97   15 75   16 68   17 63   18 28   19 12   20 71 
   1  9    2 61    3 99    4 19    5 29    6 60    7 75    8 23    9 17   10 68   11 94   12 91   13 41   14 23   15  8   16 84   17 10   18 92   19 34   20 28 
   1 11    2  7    3 29    4  5    5 16    6 70    7 27    8 77    9 85   10 57   11 33   12 21   13 15   14 34   15 86   16 45   17 95   18 94   19 69   20 41 
   1 20    2 72    3 77    4 83    5 90    6 85    7  5    8 17    9 30   10 99   11 94   12 80   13 15   14 19   15  5   16 92   17 70   18 79   19 16   20 53 
   1 53    2 35    3 12    4 62    5 91    6 43    7 94    8 62    9 71   10 50   11 11   12  8   13 67   14 47   15 44   16 57   17 19   18 45   19 73   20 66 
   1 17    2 41    3 99    4 91    5 67    6 38    7 61    8 68    9 15   10  7   11 82   12  5   13 16   14 23   15 80   16 85   17 92   18 56   19 88   20 26 
   1 30    2 78    3 38    4 75    5 81    6 49    7 79    8 19    9 21   10 12   11 51   12 58   13 18   14 91   15 75   16 60   17 70   18 33   19 96   20 64 
   1 62    2 19    3 79    4 71    5 46    6 60    7 86    8 98    9 53   10 84   11 82   12 36   13 87   14 43   15 42   16 42   17 65   18 51   19 99   20 42 
   1 53    2 24    3 31    4 72    5 75    6 28    7 13    8 47    9  3   10 67   11 56   12 96   13 79   14 77   15 21   16 26   17 81   18 55   19 27   20 50 
   1 43    2 45    3 46    4 72    5 86    6  8    7 43    8 51    9 28   10 91   11  1   12 75   13 68   14 99   15 71   16 28   17 39   18 62   19 39   20 61 
   1  2    2  8    3 40    4 78    5 93    6 86    7 54    8 14    9 60   10 83   11  7   12 18   13 64   14 96   15 35   16 29   17 72   18 94   19 78   20  6 
   1 87    2 39    3 36    4 98    5 28    6  6    7 59    8 45    9  7   10 54   11 35   12 18   13 60   14 55   15 12   16 23   17 21   18 72   19 96   20 79 
   1 51    2  5    3 46    4 53    5 78    6 26    7 81    8 25    9 42   10 99   11 77   12 72   13 30   14 94   15 17   16 38   17 28   18 79   19 29   20 13 
   1  4    2 20    3 92    4 40    5 24    6 92    7 56    8 81    9 25   10 98   11 91   12 32   13 31   14 90   15  2   16 35   17 40   18  8   19  8   20 67 
   1 23    2 79    3 17    4 16    5 51    6 55    7 66    8 35    9 77   10 11   11 63   12 38   13 79   14 85   15 58   16 57   17 80   18 90   19 81   20 69 
   1 12    2  8    3 69    4 36    5 99    6 43    7 15    8 94    9 40   10 76   11 79   12 23   13 13   14 10   15  6   16 11   17 26   18  6   19 95   20 26 
   1 51    2 46    3 67    4 32    5 31    6 12    7 52    8  3    9  8   10  7   11  4   12 93   13 35   14 16   15  2   16 99   17  2   18 84   19 94   20 98 
   1 96    2 10    3 16    4 17    5 12    6 55    7 57    8 11    9 51   10 51   11 38   12 15   13 45   14 73   15 45   16 53   17 81   18 72   19  4   20 60 
   1 31    2 83    3 30    4 71    5 68    6  3    7 64    8 27    9 61   10 10   11 75   12 57   13 41   14 97   15 64   16 24   17  4   18 99   19 75   20 65 
   1 80    2 56    3 55    4 26    5 14    6 48    7 77    8 72    9 83   10  7   11 17   12 58   13 33   14  7   15 16   16 19   17 80   18 98   19 21   20 26 
   1 35    2 75    3 98    4 43    5  1    6 87    7 19    8 72    9  8   10  9   11 36   12 24   13 62   14 96   15 22   16 88   17  8   18 67   19  5   20 95 
   1 83    2 26    3 84    4 63    5 41    6 82    7 40    8 65    9 79   10 89   11  7   12 77   13 10   14 60   15 12   16 98   17 34   18 82   19 63   20  6 
   1 38    2 76    3 42    4 98    5 24    6 38    7 95    8 47    9 37   10 42   11 63   12 77   13 91   14 55   15 72   16 51   17 60   18  9   19  6   20 46 
   1 48    2 35    3 83    4 10    5 18    6  9    7 71    8 84    9 95   10 97   11 67   12 51   13 65   14 82   15 58   16 64   17 65   18 95   19 81   20 68 
   1  4    2 63    3 56    4 45    5 22    6 47    7 35    8 30    9 47   10  4   11 18   12 26   13  2   14 85   15 38   16 17   17  9   18 32   19 77   20 90 
   1 84    2 62    3 28    4 70    5 27    6 72    7 55    8 78    9 61   10 66   11 54   12 78   13 46   14 36   15 46   16 72   17 73   18 27   19 61   20 14 
   1 20    2 14    3 40    4 24    5 99    6 52    7 98    8 53    9 11   10 96   11 24   12 13   13 65   14 38   15 42   16 97   17 93   18 69   19 47   20 94 
   1 80    2 49    3 11    4 69    5 31    6 44    7 80    8 69    9 53   10 71   11 10   12 80   13 33   14 33   15 40   16 14   17 67   18  3   19 79   20 50 
   1 92    2 16    3 66    4 30    5 54    6 20    7 29    8 38    9 43   10 32   11 34   12 47   13 71   14 64   15 11   16 62   17 30   18  9   19 95   20 39 
   1 23    2  9    3 18    4 16    5 76    6 57    7 79    8 77    9 30   10 74   11 77   12 98   13 28   14 79   15 47   16 25   17 73   18 12   19 93   20 90 
   1 79    2 49    3 47    4 63    5  9    6 68    7 65    8 67    9 49   10 39   11 42   12 36   13 47   14 26   15 95   16 65   17 44   18 12   19 81   20 17 
   1  1    2 85    3 44    4 58    5 32    6 96    7 97    8 29    9 40   10  6   11 21   12 52   13 12   14  6   15 73   16 48   17 79   18 45   19 32   20 92 
   1 67    2 61    3 18    4 86    5 52    6 96    7 37    8 94    9 73   10 35   11 70   12 57   13 79   14 41   15 40   16 34   17 66   18  6   19 83   20 11 
   1 64    2 27    3 63    4 22    5 71    6 68    7 19    8 61    9 95   10 45   11 52   12 96   13 41   14 13   15 80   16 78   17 99   18 74   19 86   20 89 
   1 99    2 98    3 22    4 13    5 92    6 94    7 81    8  4    9 43   10  8   11 54   12 40   13 62   14 62   15 58   16 52   17 89   18 45   19 34   20 27 
   1 70    2 36    3 73    4 60    5 96    6 94    7  3    8 95    9  7   10 76   11 79   12 27   13 69   14 86   15  4   16 45   17 62   18 79   19 55   20 24 
   1 46    2 32    3 59    4 83    5 63    6 87    7 59    8 96    9 80   10 95   11 56   12 99   13 32   14 52   15 16   16 51   17 40   18 98   19 28   20 59 
   1 42    2 83    3 74    4 69    5 80    6 66    7  6    8 99    9 19   10 59   11 71   12 35   13 41   14 46   15 31   16 60   17 30   18 84   19 82   20 38 
   1 15    2 34    3 88    4 18    5 22    6 13    7 33    8 12    9 12   10 29   11  4   12 20   13 13   14 47   15 80   16 33   17  2   18 55   19 48   20 12 
   1  3    2 13    3 46    4 73    5 37    6 19    7 79    8 83    9 70   10 54   11 77   12 58   13 33   14 88   15 61   16 17   17 77   18 19   19 79   20 19 
   1 10    2 39    3 13    4 21    5 20    6  9    7 31    8 54    9  9   10 87   11 47   12 45   13 99   14 13   15 71   16 34   17  6   18 32   19 82   20 58 
   1 19    2 17    3 21    4 83    5 92    6 32    7 38    8 15    9 50   10 40   11 26   12 42   13  1   14 28   15 97   16 92   17 98   18 42   19 31   20 21 
   1 14    2 81    3 23    4 15    5 88    6 21    7 82    8 57    9 11   10 35   11 67   12 58   13 57   14 50   15 16   16  9   17 62   18 11   19 21   20 17 
   1 52    2 84    3  3    4 15    5  5    6 79    7  3    8 91    9 96   10 71   11 61   12 19   13 49   14 62   15 87   16 71   17 50   18 73   19 62   20 79 
   1 95    2 46    3 99    4 20    5 31    6 74    7 80    8 46    9 61   10 62   11 27   12 64   13 91   14 69   15 19   16 71   17 53   18  3   19  9   20 44 
   1 29    2 50    3 93    4  2    5 91    6 69    7 62    8 46    9 59   10 99   11 32   12 97   13 12   14 64   15 50   16 93   17 10   18 26   19 35   20 27 
   1 16    2 63    3 13    4  9    5 39    6 83    7 38    8 43    9 48   10 53   11 84   12 37   13 12   14 38   15 46   16 76   17 93   18 24   19 84   20 26 
   1  4    2 81    3 56    4  4    5 88    6  1    7 98    8 94    9 65   10 23   11 46   12 66   13 78   14 11   15 17   16 11   17 82   18 54   19 46   20 65 
   1 78    2 44    3 59    4  1    5 51    6 27    7 22    8 82    9 54   10 42   11 39   12 36   13 29   14 22   15 80   16 61   17 23   18 27   19 74   20 19 
   1 28    2 56    3  7    4 66    5  2    6 39    7  9    8 21    9  7   10 23   11 82   12 91   13 50   14 38   15 91   16 93   17 69   18 52   19 42   20 73 
   1 48    2 44    3 58    4 10    5 62    6 19    7 83    8 50    9  3   10 69   11  9   12 42   13 95   14 28   15 88   16 84   17 41   18 66   19 15   20 72 
   1 81    2 81    3 68    4 62    5 25    6 80    7 15    8 16    9 47   10 93   11 11   12 52   13 19   14  9   15 45   16  8   17 48   18 53   19 55   20 18 
   1 88    2 96    3 49    4 86    5 42    6 56    7 31    8 16    9 97   10 41   11 41   12 48   13 79   14  8   15 88   16 94   17  2   18 82   19 79   20 52 
   1 77    2  8    3 64    4 37    5 64    6 61    7 74    8 16    9 43   10 85   11 56   12 76   13 13   14 78   15 42   16 19   17 61   18 38   19 65   20 14 
   1  5    2 51    3 94    4 81    5 92    6 13    7 23    8  3    9 69   10 98   11 57   12 87   13 24   14 84   15 35   16  2   17 75   18 31   19 99   20 20 
   1 67    2 64    3 35    4 65    5 56    6 18    7  6    8 10    9 46   10 38   11 20   12 84   13 43   14 16   15 41   16  9   17 48   18 72   19 70   20 75 
   1 98    2 45    3 81    4 57    5 38    6 37    7 98    8 47    9 22   10 22   11 56   12 52   13 96   14 47   15 16   16  9   17 36   18 64   19 62   20 94 
   1 51    2 41    3 94    4 41    5 59    6 33    7 54    8 44    9 84   10 53   11 71   12 81   13 21   14 31   15 59   16 76   17  3   18 90   19 58   20 48 
   1 37    2 34    3 75    4 27    5 86    6 29    7 42    8 56    9 86   10 65   11 58   12 63   13 52   14 99   15 97   16 91   17 31   18 93   19 20   20 35 
   1 57    2 79    3 34    4 90    5 92    6 72    7 80    8 87    9 55   10 82   11 43   12 69   13 79   14 91   15 79   16 25   17 53   18 56   19 63   20 82 
   1 73    2 83    3 32    4 82    5 86    6 97    7 95    8 97    9 99   10 11   11  1   12 96   13 59   14 77   15 98   16 76   17 18   18  5   19 83   20 88 
   1 26    2 16    3 82    4 33    5 37    6 86    7 88    8 14    9 17   10 38   11 89   12 19   13  7   14 91   15 56   16 28   17 31   18 14   19 55   20 13 
   1 76    2 58    3 94    4 23    5 34    6 64    7 36    8 50    9 38   10 78   11 49   12 65   13 48   14  6   15 10   16  3   17 32   18 83   19 43   20 24 
   1 91    2 13    3 20    4 40    5 66    6 74    7 84    8 98    9 48   10 76   11 97   12 98   13 40   14 95   15 54   16 23   17 53   18 13   19 63   20 82 
   1 42    2 56    3 36    4 98    5 39    6 69    7 80    8 70    9 61   10 95   11 35   12 92   13 51   14 11   15  6   16 93   17 73   18 90   19 42   20 36 
   1 24    2 55    3 30    4 34    5 71    6  3    7 38    8 23    9 68   10 30   11 91   12 55   13 85   14 78   15 91   16 40   17 49   18  1   19 49   20 75 
   1 79    2 14    3 82    4 48    5 73    6 15    7 47    8 68    9 48   10 21   11  1   12 52   13 92   14 48   15 84   16 79   17 64   18 99   19  6   20 10 
   1 82    2 65    3 45    4 16    5 54    6  3    7 18    8 11    9 96   10 84   11 90   12 87   13 62   14 91   15 94   16 95   17 66   18 13   19 58   20 36 
   1 81    2 79    3 65    4 85    5 56    6 67    7 91    8 55    9 43   10 21   11  5   12 85   13 90   14  1   15 75   16 58   17  7   18  6   19 71   20 44 
   1 99    2 91    3 47    4  4    5 77    6 31    7 15    8 10    9 19   10 31   11 75   12  2   13 80   14 77   15 97   16 48   17 79   18 38   19 25   20 92 
   1 89    2 62    3 49    4 50    5  2    6 39    7 71    8 14    9 39   10 28   11 22   12 12   13 63   14 76   15 89   16 60   17 36   18 93   19 52   20 74 
   1  5    2 55    3 36    4 84    5 40    6 20    7 41    8 33    9 80   10 67   11 86   12 25   13 29   14 13   15  4   16 33   17 77   18 70   19 43   20 85 
   1  2    2 59    3 65    4  6    5 20    6 10    7 33    8 37    9  3   10 16   11 29   12 54   13 76   14  2   15 79   16 42   17 79   18 13   19 21   20 55 
   1  2    2 21    3 67    4 26    5 57    6 19    7 31    8 35    9  2   10  5   11 43   12 80   13  2   14  8   15 81   16 53   17 93   18 48   19 70   20 11 
   1 42    2  1    3 71    4 20    5 43    6 16    7 37    8 86    9 99   10 86   11 56   12 42   13 74   14 62   15 94   16 96   17 92   18 48   19 14   20 42 
   1 67    2 11    3 34    4 80    5 29    6 77    7  5    8 57    9  4   10 87   11 96   12 41   13 63   14 74   15 25   16 18   17 25   18  9   19 85   20 67 
   1 75    2 51    3 94    4 52    5 53    6 22    7 36    8 28    9 90   10 25   11 29   12 22   13 82   14 73   15 67   16 34   17 94   18 20   19 41   20 10 
   1 63    2 84    3 94    4 59    5 74    6 75    7 36    8 83    9 71   10 38   11 77   12 23   13 68   14 65   15 16   16 39   17 92   18 80   19 11   20 83 
   1 96    2 51    3  8    4 64    5 27    6 98    7 11    8 79    9 31   10 16   11 36   12 31   13 94   14 35   15 82   16 90   17 68   18 42   19 10   20 81 
   1 83    2 18    3 30    4 85    5 76    6 78    7 32    8  3    9 96   10 33   11  1   12 23   13 21   14 14   15 64   16 23   17 87   18 73   19 56   20 82 
   1 63    2 71    3 64    4 11    5 94    6 74    7 94    8 68    9 36   10 77   11 95   12 76   13 28   14 66   15  5   16 78   17 58   18  1   19 13   20 14 
   1 52    2 43    3 65    4 25    5 31    6 30    7 63    8 82    9 75   10 47   11 80   12 58   13 34   14 28   15 34   16 47   17 81   18 36   19 94   20 60 
   1  9    2 37    3  1    4 77    5 76    6 23    7  2    8 72    9 17   10 70   11 39   12 89   13 28   14 21   15 55   16 69   17 96   18 83   19 50   20 31 
   1 83    2 68    3 42    4 77    5 45    6 63    7 26    8 76    9 25   10 27   11 51   12 17   13 16   14 72   15 21   16 77   17 78   18 40   19 17   20 12 
   1 24    2 37    3 41    4 37    5 52    6 59    7 88    8 44    9 24   10 23   11 87   12 82   13  6   14  7   15 43   16 92   17 34   18 56   19 91   20 34 
   1 36    2 39    3 50    4 42    5 30    6 39    7 38    8 11    9 37   10 88   11  2   12 97   13 30   14  8   15 18   16 56   17 41   18 52   19 12   20  8 
   1 67    2 43    3 63    4 89    5  7    6 23    7 49    8 41    9 32   10 40   11 50   12 81   13 94   14 33   15 76   16 71   17  1   18 94   19 31   20 15 
   1 32    2 31    3 87    4 79    5 38    6 33    7 96    8 87    9 72   10 57   11 28   12 72   13 14   14 89   15 16   16 57   17 75   18 57   19 20   20 15 
   1  4    2 63    3 72    4  2    5 31    6 64    7 12    8 57    9 40   10 14   11 35   12 22   13 79   14  6   15 28   16 32   17 55   18 33   19 81   20 31 
   1 94    2 71    3 84    4  1    5 17    6 31    7 97    8 58    9 13   10  6   11  8   12  3   13 95   14  1   15 82   16 71   17 35   18 76   19 62   20 46 
   1 21    2 68    3 93    4 93    5 23    6 11    7  9    8 27    9 32   10 58   11  4   12 67   13 37   14  8   15 51   16 92   17 29   18 26   19 50   20 94 
   1 33    2 86    3 69    4 48    5 49    6 45    7 32    8 39    9 53   10 73   11  5   12 31   13 23   14 53   15 58   16 11   17 68   18 17   19 89   20 40 
   1 72    2 65    3 25    4 82    5 24    6 95    7 65    8 77    9 50   10  8   11 89   12  6   13 97   14 29   15 77   16 32   17 48   18 82   19 49   20 25 
   1 33    2 82    3 58    4 65    5 94    6 23    7 78    8 23    9  2   10 97   11 40   12 23   13 38   14 95   15 13   16 62   17 56   18  9   19 88   20 90 
   1 67    2 78    3 71    4 33    5 34    6  1    7 95    8 29    9 74   10 62   11 99   12 60   13 52   14 15   15 44   16 12   17  8   18 89   19  3   20 13 
   1 73    2 74    3 25    4 52    5 72    6  2    7 49    8 36    9 94   10 13   11 20   12 22   13  8   14 55   15 51   16  7   17 64   18 45   19 93   20 70 
   1 24    2 93    3 57    4 73    5 20    6 95    7  4    8 18    9 67   10 89   11 36   12 31   13 34   14 80   15 42   16 47   17 40   18 16   19 13   20 39 
   1 37    2  7    3 43    4 92    5 16    6 85    7 58    8 42    9 96   10 44   11 50   12 96   13 60   14 35   15 76   16 15   17 23   18  2   19 83   20 27 
   1 59    2 33    3 54    4 65    5  6    6  1    7 25    8 76    9 19   10 50   11 32   12 94   13 52   14 20   15 86   16 59   17 43   18 41   19 23   20 45 
   1  8    2  3    3 27    4 81    5 54    6 38    7 38    8 17    9 85   10 24   11 23   12 54   13 21   14 11   15 18   16 98   17 79   18 87   19 67   20 17 
   1 17    2  1    3 75    4 36    5 96    6 90    7 79    8 32    9 33   10 63   11 24   12 52   13 86   14 43   15 54   16 55   17 64   18 91   19 48   20 90 
   1 47    2 34    3 18    4 49    5 37    6 21    7 44    8 28    9 65   10 73   11  5   12  9   13 51   14 13   15 90   16  8   17 16   18 38   19  5   20 27 
   1 63    2 54    3 16    4 41    5 44    6 51    7 47    8 90    9 39   10 36   11 17   12 20   13 20   14 23   15 60   16 18   17 69   18 31   19 13   20 89 
   1 28    2  8    3 97    4  3    5 45    6 50    7 50    8 45    9 48   10 59   11 81   12 99   13 46   14 20   15 74   16 65   17 64   18 41   19 27   20 38 
   1 98    2 87    3 91    4 25    5 97    6 33    7 16    8  6    9 56   10 85   11 22   12 31   13 16   14 79   15 63   16 27   17 47   18 36   19 96   20 48 
   1  4    2 25    3 96    4 25    5 34    6 43    7 24    8 25    9 66   10 50   11 96   12 50   13 67   14 86   15 96   16 75   17 81   18 48   19 94   20  6 
   1 57    2 83    3 12    4 40    5 80    6 40    7 76    8 69    9 63   10 68   11 17   12 99   13 31   14 69   15 22   16  8   17  2   18 50   19 25   20 77 
   1  8    2 57    3 89    4 63    5 62    6 58    7 40    8 74    9 61   10 52   11 88   12 36   13 87   14 53   15 61   16 53   17 34   18 51   19 31   20 61 
   1 78    2 59    3 26    4 46    5  4    6 33    7 61    8 98    9 40   10 25   11 98   12  1   13 76   14 40   15 20   16 33   17 23   18 90   19  9   20 66 
   1 94    2  3    3  6    4  1    5 49    6 71    7 61    8 63    9 84   10 81   11 81   12 80   13 87   14  9   15 68   16 12   17 95   18  1   19 56   20 90 
   1 82    2 46    3 91    4 98    5  1    6 89    7 66    8 62    9 92   10 82   11 94   12 26   13 82   14 30   15 93   16 54   17 50   18 36   19  5   20 95 
   1 72    2 24    3  9    4 69    5 40    6 91    7 71    8 80    9 78   10 64   11 57   12 68   13 56   14 89   15 57   16 40   17 26   18 47   19 64   20 70 
   1 16    2 99    3 76    4 56    5 63    6  8    7  7    8 86    9 81   10 29   11 61   12 52   13 18   14 25   15 32   16 67   17 27   18 26   19 92   20 59 
   1 35    2  3    3 49    4 25    5 45    6 84    7 87    8 32    9 41   10 20   11 48   12 29   13 28   14 79   15 77   16 72   17 86   18 64   19 25   20 17 
   1 39    2 45    3  4    4 21    5 32    6 91    7 20    8 74    9 77   10 15   11 44   12 78   13 21   14 99   15 46   16 14   17  7   18 61   19 96   20 33 
   1 59    2 12    3 72    4 68    5 88    6 56    7 78    8 34    9 55   10 68   11 37   12 94   13 80   14 23   15 52   16 88   17 67   18 55   19 34   20 87 
   1 45    2 89    3 23    4 58    5 23    6 36    7 88    8 32    9 70   10 11   11 53   12 59   13 18   14 45   15 56   16 62   17  1   18 19   19 13   20 94 
   1 83    2 88    3 68    4 54    5 39    6 10    7 65    8 89    9  6   10 20   11 32   12 93   13 10   14 66   15 52   16 38   17 37   18 40   19 43   20 91 
   1 41    2 19    3  1    4 48    5 80    6 25    7 32    8 52    9 38   10 35   11 88   12  3   13 82   14 57   15 74   16 47   17 94   18 34   19 96   20 24 
   1 60    2 77    3 96    4 95    5 76    6  8    7 94    8 71    9 78   10 60   11 10   12 79   13 53   14 63   15 18   16 19   17 70   18 20   19 25   20  4 
   1 52    2 41    3 66    4  7    5  7    6 13    7 82    8 25    9 12   10 15   11 90   12 83   13 15   14 33   15 43   16 43   17 36   18 58   19 95   20  2 
   1 59    2 52    3 26    4 64    5 58    6 65    7 84    8 29    9 15   10 29   11 78   12  9   13 56   14 18   15 77   16 53   17 37   18 90   19 10   20 77 
   1 99    2 93    3 62    4 94    5 53    6 52    7  7    8 87    9 36   10 27   11 74   12 60   13 23   14 45   15 88   16 12   17 51   18 66   19 56   20 12 
   1 11    2 90    3 98    4  1    5 87    6 15    7 44    8 79    9 96   10 87   11 18   12 68   13 75   14  2   15 55   16 44   17 47   18 35   19 20   20 14 
   1 71    2 47    3 63    4  9    5 69    6 28    7 31    8 22    9 57   10 18   11 22   12 66   13 37   14 75   15 97   16 74   17 83   18 47   19 52   20  6 
   1  4    2 50    3 16    4  1    5 89    6 43    7 57    8 77    9 39   10 29   11 38   12  6   13  3   14 71   15 31   16 93   17 59   18  7   19 90   20 22 
   1 85    2  2    3 18    4 99    5  3    6 88    7 73    8 21    9 55   10  6   11 14   12 93   13 57   14 14   15 49   16 36   17  3   18 30   19 30   20 65 
   1  2    2 24    3 53    4 94    5 21    6 34    7 50    8 87    9 86   10 44   11 55   12 37   13  1   14 25   15 94   16 98   17 51   18 74   19 32   20 75 
   1 96    2 50    3 93    4 77    5  7    6 96    7 15    8 56    9 98   10 40   11 15   12 54   13 93   14 77   15 14   16 76   17 52   18 70   19 45   20 34 
   1 97    2 80    3 51    4 53    5 65    6 67    7 76    8 26    9 36   10 98   11 67   12  6   13 99   14 56   15 75   16 26   17 13   18 91   19 89   20  9 
   1 34    2 94    3 31    4 48    5 34    6 43    7  1    8 81    9 24   10 29   11 55   12  8   13 87   14 88   15 13   16 63   17  5   18 76   19  4   20 14 
   1 67    2 40    3 73    4 30    5 36    6 12    7 35    8 89    9 19   10 34   11  9   12 93   13 98   14 80   15 59   16 87   17 32   18 19   19 71   20 67 
   1 19    2 38    3 44    4 88    5 81    6 85    7 73    8 62    9 95   10 16   11 41   12 27   13 40   14 94   15 86   16 73   17 54   18 99   19  6   20 69 
   1 95    2 35    3 30    4 77    5 23    6  9    7  9    8 86    9 25   10 47   11 55   12 82   13 51   14  1   15 26   16 25   17 81   18  6   19 92   20 35 
   1 58    2 46    3 96    4 14    5 25    6 55    7 84    8 53    9 21   10 97   11 97   12 51   13 27   14 55   15 18   16 72   17 15   18 10   19 56   20 79 
   1 48    2 34    3 58    4 27    5 79    6 11    7 91    8 17    9 32   10 30   11 26   12 33   13 57   14 37   15 12   16 62   17  7   18 64   19 70   20  4 
   1 69    2 10    3 72    4  2    5 64    6 62    7 70    8 74    9 49   10 70   11 44   12 94   13 23   14 37   15 67   16 21   17 72   18 69   19 34   20 12 
   1  5    2 74    3 10    4 16    5 99    6 80    7 59    8 13    9 40   10 23   11 74   12 97   13 28   14 63   15 79   16 46   17 50   18 96   19 15   20 23 
   1 72    2  5    3 57    4 76    5 59    6 23    7 81    8 89    9 84   10 26   11 68   12 68   13 58   14 78   15 87   16  7   17 65   18 40   19  6   20 31 
   1 42    2 56    3 44    4 29    5 75    6 14    7 65    8  8    9 67   10 77   11 11   12 21   13 29   14 17   15  2   16 38   17 76   18 43   19 77   20 42 
   1 55    2 52    3 73    4 81    5  8    6 69    7 74    8 38    9 76   10 59   11  6   12 72   13 79   14 63   15 62   16 59   17 95   18 54   19 23   20 77 
   1 45    2 69    3 85    4 18    5 84    6 68    7 64    8 51    9 78   10 81   11 27   12 17   13 83   14  9   15 38   16  5   17 67   18 50   19 62   20 39 
   1 89    2  3    3 28    4 14    5 77    6 73    7  5    8 53    9 16   10 42   11 70   12  3   13 99   14 98   15 63   16 81   17 67   18 96   19 93   20 90 
   1 23    2 40    3 61    4 54    5 51    6 16    7 15    8 90    9 73   10 23   11 44   12 93   13 98   14 95   15 81   16 14   17  3   18 32   19 10   20 95 
   1 54    2 26    3 63    4 10    5 21    6 97    7 45    8 26    9 28   10 20   11 18   12 90   13 34   14 15   15 39   16  7   17 46   18  4   19 14   20 59 
   1  7    2 29    3  2    4 44    5 20    6 26    7 73    8 76    9 52   10 58   11 48   12 44   13 80   14 29   15 40   16 93   17 74   18 42   19 86   20 76 
   1 67    2 24    3 83    4 17    5 24    6 23    7 49    8 67    9 59   10 63   11 66   12  4   13 53   14 57   15 85   16 66   17 10   18 56   19 92   20 28 
   1 40    2 81    3 75    4 81    5 51    6 50    7 53    8 64    9 12   10 98   11 34   12 10   13  1   14 23   15 60   16 58   17 43   18 90   19 58   20 71 
   1 73    2 37    3 73    4 40    5 48    6 13    7 84    8 85    9 85   10 44   11 12   12 68   13 11   14 97   15 59   16 11   17 32   18 26   19  4   20 42 
   1 34    2 93    3 78    4 40    5 61    6  6    7 46    8 48    9 63   10 40   11 94   12 38   13 91   14 28   15 31   16 44   17 30   18 14   19 71   20 59 
   1 19    2 46    3 66    4 36    5 19    6 84    7  8    8 85    9 40   10 82   11 48   12 81   13 96   14  8   15 31   16 10   17 64   18 58   19 11   20 33 
   1 80    2 15    3 75    4 62    5 65    6 97    7 32    8 58    9 93   10 42   11 68   12 33   13 96   14  8   15 48   16 18   17 93   18 27   19  9   20 23 
   1  7    2 12    3 66    4 20    5 60    6  1    7 19    8 87    9 68   10 20   11 47   12 12   13 24   14 65   15 64   16  9   17 40   18 43   19 56   20 47 
   1 11    2 74    3 99    4 12    5 35    6 83    7 32    8 91    9 16   10 14   11 40   12 61   13 75   14 76   15  7   16 73   17 43   18 87   19 47   20 91 
   1 69    2 74    3 43    4 84    5 10    6 94    7 34    8 39    9 38   10 80   11 94   12 83   13 91   14 43   15 76   16 96   17 85   18 81   19 73   20  3 
   1 42    2 29    3 53    4 83    5 51    6  9    7 33    8 10    9 60   10 14   11 60   12 64   13 99   14 24   15 51   16 61   17 32   18 98   19  1   20 22 
   1 75    2 50    3 65    4 27    5 18    6 68    7 14    8  5    9 75   10 83   11 53   12 47   13  9   14 56   15 83   16 67   17 78   18 98   19 98   20  8 
   1 24    2 86    3 49    4 80    5 65    6 63    7 78    8 90    9 16   10 13   11 30   12 51   13 27   14 77   15  5   16 87   17 15   18  1   19  2   20  8 
   1 79    2 12    3 84    4 98    5 26    6 33    7 73    8 34    9 27   10 96   11 46   12 60   13 45   14 92   15 84   16 98   17 82   18 24   19 79   20 26 
   1 52    2 50    3 20    4 67    5 34    6 51    7 35    8 21    9 38   10 33   11 76   12 39   13 40   14 61   15 15   16 38   17 94   18 98   19 59   20 21 
   1 51    2 70    3 69    4 37    5 60    6 92    7 24    8 40    9 59   10 30   11 70   12 61   13 51   14 39   15 99   16 74   17 70   18 92   19 16   20 48 
   1 12    2 50    3 53    4 91    5 27    6 58    7 66    8 44    9 41   10 55   11 65   12 53   13 12   14 37   15 73   16 36   17 19   18 41   19  6   20 88 
   1 53    2 47    3 92    4 31    5 11    6 76    7 81    8 12    9 98   10 40   11 15   12 71   13 34   14 92   15 82   16  6   17  2   18 78   19 31   20 23 
   1  8    2 72    3  5    4 13    5 42    6 63    7 62    8 32    9 78   10 31   11 13   12 15   13 17   14  9   15 23   16 41   17 41   18 52   19 11   20 42 
   1 16    2 96    3  1    4 46    5 76    6  2    7  9    8 22    9 60   10 58   11 64   12  1   13  4   14 46   15 77   16 45   17 41   18 88   19  8   20 68 
   1 21    2 46    3 54    4 64    5 34    6 33    7 94    8 67    9 64   10 77   11 65   12 32   13 92   14 16   15 25   16 73   17  5   18 66   19 44   20 38 
   1 62    2  9    3 78    4 54    5 26    6 99    7  3    8 88    9 21   10 38   11 43   12 60   13 59   14 84   15 61   16 20   17 90   18 40   19 10   20 11 
   1 99    2 13    3 99    4 99    5  2    6 87    7 36    8 78    9 79   10 26   11 45   12 58   13 73   14 15   15 42   16 35   17 45   18  7   19 77   20 79 
   1 31    2 85    3  8    4 35    5 31    6 68    7 85    8 61    9  8   10 96   11 82   12 32   13 40   14 89   15 94   16 54   17 79   18 87   19 67   20 11 
   1 22    2 20    3  7    4 92    5 66    6  2    7 42    8  9    9 57   10 17   11 91   12 45   13 83   14 58   15 14   16 13   17 54   18 59   19 89   20 18 
   1 30    2 59    3 81    4 61    5 41    6 40    7 21    8 99    9 95   10 68   11 69   12 75   13 70   14 43   15 13   16 73   17 49   18 44   19 52   20 67 
   1 67    2 94    3 15    4 29    5  1    6  6    7 14    8 30    9 58   10 26   11 35   12 98   13 60   14 12   15 49   16 39   17 61   18 75   19 39   20  3 
   1 24    2 31    3 32    4 12    5  5    6 42    7  1    8 57    9 45   10 81   11 55   12 42   13 31   14 62   15 34   16 81   17  3   18 45   19 36   20 38 
   1 43    2 80    3  3    4 93    5 72    6 38    7  7    8 13    9 13   10 93   11 38   12 36   13 39   14 67   15 62   16 80   17 56   18 58   19 32   20 63 
   1 56    2 80    3  7    4 85    5  5    6 83    7 34    8 97    9  9   10 69   11  7   12 38   13 79   14  5   15 17   16 29   17 55   18 57   19 77   20 17 
   1 70    2 77    3 52    4 48    5 71    6 10    7 42    8 59    9 25   10  2   11 22   12 34   13  5   14 63   15  9   16 44   17 27   18 94   19 62   20  1 
   1 22    2 80    3 95    4 74    5  4    6 44    7 24    8 66    9 56   10 41   11 80   12 64   13 74   14 21   15 53   16 50   17 57   18 82   19 35   20 77 
   1 97    2 90    3 34    4 90    5 99    6 41    7 79    8 49    9  6   10 32   11 34   12 58   13 74   14 74   15 10   16 30   17  2   18 47   19 45   20 72 
   1 19    2  7    3  4    4 92    5 14    6 40    7 97    8 43    9 62   10  3   11  9   12  5   13  1   14 56   15 49   16  4   17  8   18 24   19 70   20 65 
   1 33    2 23    3 23    4 97    5 63    6 38    7 49    8 65    9 44   10 41   11  3   12 77   13 76   14 27   15 88   16  4   17 96   18 12   19 59   20 29 
   1 34    2 59    3 22    4 84    5 82    6 50    7 11    8 52    9 31   10 88   11 15   12 40   13 53   14 18   15 23   16 83   17 36   18 63   19 29   20 61 
   1  4    2 57    3 75    4 45    5  3    6 50    7 10    8 35    9 50   10 54   11 50   12 27   13 62   14 48   15 81   16 31   17 93   18 87   19 68   20 25 
   1  4    2 26    3 71    4 32    5 45    6 45    7 42    8 55    9 99   10 64   11  5   12 45   13 49   14  6   15 40   16 79   17 19   18 40   19 62   20 65 
   1 87    2 64    3 33    4 29    5 46    6 10    7 83    8 74    9 39   10 94   11 89   12  7   13 99   14 99   15 18   16 72   17 86   18 28   19 59   20 95 
   1 29    2 37    3 32    4 56    5 33    6 27    7 29    8 79    9 90   10 62   11 22   12 36   13 18   14 57   15 34   16 67   17 38   18 75   19 31   20 44 
   1 46    2  2    3 13    4 59    5 96    6  9    7 97    8 37    9 96   10  3   11 24   12 20   13 60   14 85   15 92   16 61   17 36   18 14   19 98   20 82 
   1 19    2 94    3 65    4 87    5 31    6 54    7 67    8 76    9 67   10  5   11 42   12 22   13 92   14 25   15 19   16 50   17 82   18  3   19 28   20 72 
   1 92    2 51    3 90    4 38    5 30    6 13    7 81    8 99    9 67   10 99   11 94   12 13   13 89   14 47   15 68   16  9   17 14   18 83   19  8   20 34 
   1 56    2 39    3 90    4 18    5 85    6 15    7 35    8 28    9 10   10 45   11 15   12  4   13 43   14 39   15 43   16 59   17 46   18 12   19 75   20 73 
   1 13    2 57    3 72    4 81    5 73    6 61    7 19    8 21    9 92   10 69   11 16   12 14   13 90   14 53   15 70   16 83   17 72   18 21   19 27   20 19 
   1 28    2 42    3 88    4 43    5 94    6 68    7 14    8 98    9 53   10 49   11 98   12 66   13 18   14 20   15 21   16 88   17 49   18 82   19 64   20 23 
   1 64    2 42    3 95    4 85    5 20    6 12    7 38    8 87    9 75   10 69   11 92   12 66   13 30   14 66   15 79   16 63   17 20   18 27   19 44   20 61 
   1 66    2 48    3 30    4 50    5 42    6 36    7 55    8 39    9 53   10 47   11 26   12 53   13 71   14 31   15 20   16 57   17 36   18 59   19  3   20 74 
   1 14    2 42    3 93    4 63    5 44    6 49    7 21    8 60    9  7   10 49   11 76   12 75   13 86   14 22   15 31   16 62   17 95   18 17   19 36   20 61 
   1 66    2 84    3  4    4 49    5 66    6 12    7 35    8 91    9  4   10 35   11 54   12 88   13 70   14 66   15 85   16 33   17 63   18 14   19 79   20 86 
   1 48    2 48    3 38    4 35    5 93    6 72    7 56    8 52    9 28   10  8   11 62   12 15   13 33   14 95   15 77   16 26   17 14   18 90   19 10   20 22 
   1 78    2 33    3 38    4 47    5 74    6 72    7 18    8 27    9 26   10 86   11 43   12 28   13  2   14 77   15 65   16 95   17 14   18 99   19 61   20 98 
   1 88    2  2    3  1    4 14    5 85    6 39    7 85    8 50    9 37   10 22   11  6   12 20   13 18   14 89   15 49   16 11   17 85   18 79   19  7   20 31 
   1 54    2 10    3 57    4 73    5  9    6 31    7 35    8 22    9  8   10 55   11 24   12 18   13 76   14 93   15 82   16 36   17 64   18 48   19 52   20 70 
   1 63    2 37    3 54    4 75    5 37    6 29    7 61    8 93    9 49   10 16   11 82   12 58   13 34   14 70   15 63   16 29   17  3   18  3   19 83   20 51 
   1 94    2 47    3 84    4 17    5 16    6 46    7 66    8 79    9 59   10 24   11 71   12 21   13 49   14 54   15 48   16 55   17 75   18 80   19 17   20  4 
   1 17    2 26    3 42    4 71    5 34    6 79    7 60    8  4    9 72   10 25   11 36   12 50   13 21   14 67   15 48   16 63   17 93   18 60   19 75   20 75 
   1 39    2 46    3 84    4 63    5 25    6 99    7 34    8 14    9 29   10 24   11 15   12 71   13 74   14 29   15 36   16 81   17 58   18 13   19 52   20 32 
   1 35    2 38    3 94    4 79    5 42    6 48    7 92    8 53    9 39   10  7   11 71   12 38   13 74   14 95   15 21   16  5   17 34   18 52   19  7   20 99 
   1  6    2 21    3 25    4 45    5 46    6 54    7 22    8 41    9 87   10 93   11 23   12 39   13 93   14 55   15 16   16 45   17 84   18 16   19 56   20 90 
   1 98    2 57    3 77    4 44    5 64    6 85    7 43    8 93    9 93   10 91   11 86   12 41   13  5   14 39   15 96   16 44   17 36   18 62   19 52   20 25 
   1 96    2 51    3 58    4 51    5 58    6 11    7 12    8 86    9 13   10 49   11 46   12 65   13 67   14 13   15 63   16 12   17 16   18 43   19 32   20 81 
   1 66    2 27    3 22    4 20    5 57    6  3    7  2    8 28    9 23   10 11   11 27   12 96   13 60   14 28   15 47   16 95   17 37   18 20   19  9   20 50 
   1 72    2 72    3 46    4 98    5 24    6 89    7 27    8 84    9 96   10 97   11 60   12 66   13 17   14 89   15 85   16 98   17 26   18 71   19  9   20  2 
   1 76    2 99    3 61    4 43    5 92    6 19    7 68    8 49    9 65   10 94   11 11   12 76   13 30   14 60   15 66   16 80   17 26   18 83   19  9   20 27 
   1 91    2 81    3 93    4 79    5 84    6 13    7 38    8 16    9 32   10 35   11 55   12 19   13 62   14 67   15 42   16 65   17 83   18 39   19 53   20 17 
   1 85    2 29    3 80    4 66    5 18    6 16    7 74    8 10    9 20   10 74   11 49   12 16   13 66   14 36   15 20   16 82   17 43   18 77   19  7   20 96 
   1 64    2 94    3 19    4 78    5 87    6 18    7 98    8 70    9 11   10 74   11 50   12 97   13 26   14 56   15 24   16 42   17 24   18 77   19 79   20 95 
   1 27    2 48    3 99    4 16    5 49    6 54    7 35    8 43    9 20   10 49   11 79   12 80   13 63   14 55   15 91   16  4   17 44   18 38   19 72   20 31 
   1  6    2 86    3  3    4 78    5 45    6 92    7 83    8 89    9 25   10 97   11 46   12  5   13 21   14 20   15 60   16 38   17 72   18 20   19 13   20 31 
   1 22    2 94    3 65    4 25    5 11    6 52    7 99    8 45    9 41   10 65   11 72   12 71   13 77   14 59   15 61   16 97   17 80   18 60   19 85   20 43 
   1 31    2 87    3 71    4  4    5 21    6 19    7 38    8 23    9 87   10 74   11 23   12 68   13 49   14 43   15 97   16 93   17  8   18 10   19 38   20 79 
   1 69    2 50    3 74    4  5    5 69    6 39    7 10    8 45    9 60   10 31   11 67   12 89   13 62   14 93   15 25   16 33   17 33   18 26   19 93   20  2 
   1 16    2 22    3 13    4 82    5 93    6 96    7 54    8 72    9 60   10 35   11 16   12 26   13 97   14 12   15 86   16 55   17 21   18 80   19 41   20 22 
   1 30    2 33    3 69    4 82    5 90    6 54    7 56    8 46    9 34   10 23   11 63   12 81   13 55   14 62   15 41   16 82   17 63   18 32   19 55   20 62 
   1 94    2 63    3  7    4 34    5 69    6 39    7 98    8 80    9 85   10 20   11 76   12 67   13 90   14 98   15 20   16 34   17 50   18 23   19 94   20 37 
   1 20    2 51    3 34    4 66    5 22    6 73    7  4    8 36    9 96   10 22   11 46   12 37   13 59   14 69   15 33   16 16   17  6   18 63   19 21   20 12 
   1 84    2 53    3 14    4 31    5 21    6 54    7 17    8 92    9 36   10 70   11 99   12 95   13 18   14 31   15 72   16 13   17 43   18  1   19 33   20 72 
   1 95    2 12    3  5    4 20    5 43    6 97    7 96    8 96    9  7   10  3   11 81   12 15   13 61   14  4   15 13   16 76   17 63   18 51   19 33   20 25 
   1 92    2 82    3 12    4 55    5 82    6 42    7 86    8 77    9 92   10 89   11 90   12 67   13 92   14 64   15 95   16 40   17 43   18 39   19 54   20 29 
   1 31    2 54    3 94    4 49    5 41    6 31    7 86    8 26    9 51   10 67   11 71   12 37   13 15   14 26   15 39   16 80   17 61   18 28   19 32   20 79 
   1 47    2  7    3 39    4 65    5 44    6 30    7 73    8 47    9 19   10 21   11 18   12 65   13 36   14 12   15 86   16 64   17 42   18 73   19 29   20 57 
   1 93    2 71    3 36    4 14    5 68    6 42    7 29    8 34    9 50   10 59   11 59   12 44   13 93   14 81   15 91   16 78   17 41   18 63   19 33   20 22 
   1 81    2 95    3 46    4 16    5 79    6 37    7 96    8  9    9 10   10 69   11 65   12 21   13 22   14 82   15 54   16 83   17  6   18 94   19 86   20 75 
   1 82    2 74    3 30    4 44    5 54    6 43    7  1    8 47    9 72   10 34   11 73   12 22   13 51   14 71   15 64   16 41   17 16   18 71   19  8   20 73 
   1 67    2 67    3 74    4 55    5 64    6 49    7 97    8 34    9 41   10 96   11 62   12 29   13 56   14  7   15 23   16 69   17 10   18 47   19 80   20 62 
   1 41    2 30    3 51    4 66    5 56    6 11    7 41    8 35    9  9   10 45   11 49   12 46   13 48   14 70   15 33   16 81   17 54   18 33   19 52   20 79 
   1 88    2 57    3 72    4 70    5 46    6 50    7 38    8 42    9 40   10 97   11 47   12 84   13 69   14  9   15 67   16 84   17  3   18 64   19 86   20 37 
   1 72    2 36    3 37    4 98    5 79    6 20    7 47    8 50    9 85   10 85   11 42   12  1   13 29   14 80   15  9   16 40   17 10   18 96   19 68   20 74 
   1 70    2  5    3  9    4 41    5 44    6 75    7 53    8 28    9 18   10 37   11 48   12 37   13 86   14 13   15 92   16 78   17 64   18 88   19 57   20 57 
   1  7    2 33    3 66    4 44    5 54    6 30    7 18    8 73    9 16   10 92   11 91   12 43   13 66   14 82   15  1   16 72   17 77   18 80   19 79   20 37 
   1 35    2 19    3 30    4 52    5  5    6 73    7 16    8 18    9  8   10 63   11 54   12 89   13 40   14  7   15 83   16 62   17 13   18 37   19 72   20  3 
   1 35    2 85    3 75    4 97    5  9    6 28    7 55    8 66    9 57   10  1   11 28   12 24   13 73   14 13   15 57   16 10   17 10   18 70   19 91   20 67 
   1 12    2 41    3 48    4 54    5 84    6 58    7 21    8 55    9  3   10 47   11 59   12 67   13 79   14 99   15 67   16 74   17 64   18 33   19 78   20 47 
   1 25    2 43    3 95    4 15    5 37    6 81    7 78    8  9    9 60   10 45   11  2   12 59   13 53   14 28   15 18   16  2   17 89   18 90   19 33   20 36 
   1 43    2  5    3 95    4 71    5 98    6 10    7 53    8 85    9 73   10 15   11 45   12 89   13 82   14 92   15 28   16 28   17 29   18 55   19 40   20 23 
   1 77    2 12    3 39    4 60    5  6    6 46    7 98    8 91    9 35   10  2   11 25   12 53   13 62   14 99   15 77   16 89   17 90   18 22   19 43   20 21 
   1 45    2 47    3 32    4 82    5 98    6 28    7 46    8 89    9 60   10 50   11 29   12 41   13 37   14 49   15 70   16 79   17 58   18 32   19 53   20 11 
   1 27    2 83    3 82    4 24    5 57    6 99    7 90    8 83    9  7   10 63   11 81   12 42   13 65   14 40   15 62   16 34   17 81   18 41   19 15   20 89 
   1 80    2 75    3 63    4 51    5 82    6  8    7 62    8 30    9 25   10 22   11 52   12 68   13 49   14 27   15 73   16 43   17 43   18 52   19 31   20 38 
   1 67    2 16    3 18    4 12    5 68    6 64    7 23    8 57    9 13   10 46   11 77   12 58   13 41   14 83   15 26   16 17   17 61   18 68   19 70   20 26 
   1 12    2 91    3 41    4 12    5 46    6 80    7 50    8 70    9 66   10 52   11 22   12 29   13 12   14 20   15 23   16 32   17 77   18 41   19 35   20  3 
   1 63    2 72    3 27    4 88    5  1    6 21    7 98    8 15    9 49   10 94   11 53   12 16   13 17   14 86   15 60   16 66   17 68   18  8   19 14   20 16 
   1 94    2 86    3 13    4 73    5 59    6 66    7 74    8 28    9 48   10 43   11 63   12 18   13  3   14 18   15 30   16 67   17 44   18 91   19  1   20 22 
   1  5    2 16    3 58    4 71    5 30    6 18    7 42    8 62    9 88   10  3   11 87   12 56   13 72   14 34   15 51   16 24   17 68   18 23   19 43   20 68 
   1 41    2 32    3 91    4  4    5 12    6 64    7 25    8 93    9 47   10  3   11 96   12 49   13 24   14 37   15  9   16 67   17 64   18 33   19  6   20 23 
   1 24    2 83    3 89    4 49    5 95    6 17    7 68    8 73    9 86   10  2   11 32   12 71   13 11   14 35   15 84   16 83   17 81   18 46   19 55   20 52 
   1 68    2 44    3  2    4 23    5 28    6 25    7 78    8 44    9  1   10 57   11 18   12 56   13 53   14 26   15 32   16 64   17 50   18 48   19  7   20 80 
   1 90    2 91    3 70    4  2    5 74    6 58    7 85    8  2    9 42   10  2   11 71   12  1   13 39   14 90   15 67   16 21   17 32   18 78   19 92   20 29 
   1 97    2 41    3 43    4 91    5 98    6 55    7 26    8 99    9  1   10 42   11 97   12 66   13 38   14 89   15 35   16 93   17  9   18 55   19  7   20 63 
   1 66    2 43    3 19    4 15    5 50    6 16    7 21    8 87    9 19   10 54   11 53   12 41   13  2   14 49   15  8   16 47   17 22   18 66   19 65   20 77 
   1 15    2 29    3 27    4 83    5 87    6 97    7 20    8 71    9 84   10 85   11  1   12 25   13  9   14 19   15  3   16 31   17  1   18  2   19 84   20 90 
   1 19    2 63    3 43    4 97    5 78    6 10    7 58    8 65    9  4   10 40   11  3   12 42   13 14   14 54   15 65   16 40   17  3   18 37   19 92   20 16 
   1 55    2 97    3 68    4 21    5 42    6 81    7 35    8 78    9 71   10  3   11 31   12 13   13 97   14  5   15 27   16  1   17 84   18 34   19 70   20 63 
   1 91    2 70    3 51    4 47    5 76    6 28    7 20    8 23    9 23   10  2   11 98   12 54   13 43   14 28   15 94   16 68   17 31   18 96   19 76   20 96 
   1 99    2 65    3 32    4 80    5 85    6 64    7 54    8 27    9 76   10 34   11 72   12 15   13 39   14 12   15 52   16 37   17 88   18 65   19  6   20 14 
   1 12    2 90    3 78    4 68    5 92    6 64    7 66    8 13    9 89   10 33   11 75   12 81   13 32   14 81   15 12   16 91   17 34   18 62   19  6   20 86 
   1 73    2  4    3 93    4 24    5 68    6  8    7 92    8 68    9 60   10 25   11 38   12 99   13 38   14 77   15 41   16 15   17 46   18 90   19  8   20 19 
   1 52    2 75    3 35    4 54    5 30    6 82    7 26    8 65    9 10   10 16   11 84   12 11   13 72   14 11   15 79   16 40   17 33   18 48   19 44   20 63 
   1 24    2 38    3 15    4 42    5 32    6  6    7 82    8 93    9 29   10 66   11 53   12 21   13 20   14 66   15 54   16  5   17 66   18 91   19 19   20 20 
   1 46    2 42    3 39    4 37    5 87    6 19    7 57    8 43    9 51   10 31   11  2   12 45   13 80   14 79   15 34   16 13   17 59   18 28   19 27   20 97 
   1 65    2  7    3 89    4 76    5 23    6 10    7 47    8 39    9 92   10 90   11 92   12 88   13 72   14 51   15 31   16 98   17 78   18 17   19 74   20 56 
   1 48    2 27    3 17    4 55    5 80    6 77    7 42    8 42    9 72   10 82   11 83   12 44   13 29   14 89   15 72   16 87   17 84   18 75   19 66   20 25 
   1 19    2 12    3 51    4 82    5 26    6 71    7  8    8 30    9 38   10  5   11 20   12 55   13 72   14 83   15 13   16 72   17 64   18 89   19 31   20 95 
   1 35    2 45    3 46    4 65    5  3    6 57    7 77    8 24    9 73   10 90   11 67   12 21   13 37   14 87   15 35   16  6   17 75   18 35   19 19   20 51 
   1 19    2 69    3 58    4 70    5 92    6 11    7 62    8 87    9  7   10 49   11 20   12 17   13 85   14 42   15  6   16 21   17 56   18  4   19 14   20 83 
   1 67    2 78    3 77    4 30    5 56    6 66    7 46    8 46    9 20   10 89   11  4   12 23   13 43   14 44   15 56   16 63   17 24   18 71   19 56   20 66 
   1 99    2 66    3 64    4 69    5 67    6 99    7 69    8 69    9 58   10 82   11 11   12  2   13 19   14 74   15 89   16 76   17 30   18 61   19  8   20 98 
   1 99    2  2    3 81    4 40    5 22    6 77    7 20    8 54    9 66   10 26   11 49   12 50   13 94   14 29   15 95   16 61   17 34   18 87   19 11   20 48 
   1 11    2 81    3 74    4 33    5 21    6 96    7 98    8  5    9 71   10 34   11 50   12 23   13 24   14 20   15 94   16 19   17 52   18  3   19  4   20 29 
   1 50    2 76    3 31    4 33    5 36    6 22    7 74    8 30    9 70   10  7   11 98   12 74   13 23   14 93   15 64   16 74   17 60   18 61   19 65   20 89 
   1 34    2 67    3 34    4 75    5 85    6 91    7 91    8 25    9 66   10 43   11  8   12 42   13 95   14  7   15 88   16 13   17 39   18 71   19 25   20 98 
   1 66    2 98    3 43    4 81    5 79    6 77    7 97    8 99    9 92   10 85   11  4   12 55   13 39   14 43   15  4   16 84   17  7   18 24   19 36   20 62 
   1 74    2 52    3 81    4 46    5 72    6 82    7  7    8 99    9  6   10 19   11 23   12 25   13 63   14 92   15 36   16 76   17 91   18 15   19 89   20 36 
   1 64    2 63    3 79    4 43    5 34    6 13    7 69    8  1    9 19   10 73   11  5   12 56   13 30   14  5   15 44   16 27   17 82   18 13   19 22   20 40 
   1  8    2  6    3 74    4 50    5 27    6 84    7 59    8 54    9 16   10 75   11 77   12 90   13  6   14 12   15 90   16 74   17 38   18 56   19  7   20 69 
   1 18    2 11    3 80    4 89    5 54    6 67    7 72    8 64    9 31   10 84   11 40   12 43   13  7   14  4   15  2   16 44   17 12   18 72   19  4   20 87 
   1 77    2 84    3 76    4 32    5 97    6  2    7 12    8 57    9 38   10 29   11 49   12 81   13 32   14 65   15 35   16 84   17  2   18 24   19 56   20 90 
   1 92    2 72    3 71    4 19    5 67    6  5    7 61    8 25    9 78   10 63   11  5   12 74   13 10   14 85   15 83   16 30   17 31   18 72   19 56   20 26 
   1 85    2 90    3 41    4 55    5 37    6 34    7 88    8  9    9  7   10  5   11 98   12 51   13 29   14 71   15 59   16 39   17 31   18  3   19 71   20 32 
   1 43    2 84    3 12    4 26    5 87    6 94    7 88    8 47    9 28   10 54   11 77   12 71   13 13   14 40   15 50   16 41   17 54   18 32   19 29   20 38 
   1 63    2 75    3 71    4 18    5 95    6  1    7 80    8 52    9 26   10 96   11 67   12 24   13 39   14 78   15 10   16 94   17 87   18  8   19 33   20 23 
   1 70    2 17    3 67    4 87    5 19    6 47    7 21    8 24    9 25   10 71   11 21   12 42   13  8   14  5   15 71   16 53   17 15   18 13   19  6   20  9 
   1 13    2  3    3 37    4 74    5 42    6 30    7 64    8 17    9 19   10 64   11 59   12 71   13 24   14 42   15 98   16 65   17 53   18 50   19  4   20 47 
   1 18    2 87    3 34    4 52    5 35    6  4    7 81    8 81    9 86   10 83   11 43   12 39   13  6   14 87   15 47   16 53   17 84   18 14   19 82   20 12 
   1 28    2 19    3 16    4 95    5 70    6 17    7 38    8 79    9 93   10 69   11 70   12 79   13 98   14 41   15 35   16 34   17 11   18 78   19 39   20 56 
   1 77    2 47    3 26    4 81    5 59    6 10    7 50    8 70    9 65   10 40   11 10   12  8   13 34   14 31   15 63   16 89   17 13   18 66   19  1   20 90 
   1 94    2 73    3 76    4 52    5 79    6 27    7 11    8 41    9 18   10 65   11 62   12 25   13 58   14 76   15 88   16 27   17 42   18 22   19 79   20 35 
   1 47    2 13    3 92    4 15    5 99    6 73    7 48    8 13    9 10   10 29   11 89   12 61   13 58   14 37   15 15   16 88   17 41   18 87   19 28   20 54 
   1 77    2  8    3  7    4 89    5 34    6 85    7 21    8 74    9 92   10  2   11  7   12  8   13  7   14 99   15 80   16 42   17 27   18 34   19 17   20 59 
   1  4    2 56    3 85    4 43    5 66    6 55    7 18    8 28    9 36   10 51   11  5   12 96   13 48   14 18   15 88   16 95   17 83   18 30   19 42   20 43 
   1 12    2 65    3 54    4 33    5 66    6 75    7 42    8 33    9 71   10 21   11 51   12 89   13 57   14 14   15 97   16 27   17 61   18 29   19 93   20  1 
   1 17    2 82    3 43    4 26    5 75    6  9    7 64    8 19    9 39   10 38   11 91   12 56   13  5   14 62   15 65   16 69   17  2   18  9   19 12   20 96 
   1 84    2 98    3 31    4 40    5 28    6 43    7 68    8 82    9 24   10 94   11 52   12 70   13  5   14 53   15 15   16 85   17 52   18 95   19 38   20 20 
   1 72    2 78    3 19    4 48    5 55    6 26    7  7    8 33    9 74   10 29   11  1   12 61   13 86   14 90   15 12   16 35   17  7   18 58   19 92   20 83 
   1 69    2 10    3 39    4 87    5  2    6  3    7 81    8 19    9 97   10 47   11  5   12 50   13 15   14 40   15 77   16 88   17 53   18 87   19 60   20 18 
   1 45    2  2    3 73    4 10    5 72    6 88    7 60    8 29    9 67   10 80   11 89   12 39   13 56   14 76   15 17   16  1   17 96   18 21   19  8   20 59 
   1 51    2 68    3 31    4 45    5 93    6 36    7 81    8  5    9 78   10 57   11 96   12 17   13  9   14 62   15  7   16 17   17 34   18 43   19 62   20 44 
   1 33    2 15    3 65    4 73    5 21    6 75    7 32    8 98    9 77   10 87   11 14   12 33   13 86   14 45   15 17   16 63   17 92   18 29   19 82   20 58 
   1 14    2 82    3 18    4 64    5 54    6 31    7 15    8  4    9 12   10  9   11 96   12 63   13 75   14  8   15 40   16 78   17 75   18 68   19 61   20 30 
   1 99    2 73    3  1    4 33    5 40    6 69    7 21    8 46    9 45   10 27   11 65   12 14   13 72   14 32   15 34   16 44   17 40   18 31   19 81   20 72 
   1 49    2 57    3 16    4  8    5  7    6 53    7 89    8 44    9 13   10 81   11 63   12 62   13 97   14 17   15 53   16 67   17 52   18 90   19 18   20 50 
   1 36    2 66    3 83    4 11    5 32    6 96    7 11    8 20    9 47   10 89   11 88   12 12   13 64   14 58   15 67   16  4   17 38   18 95   19 24   20  1 
   1 97    2 30    3  5    4 11    5 73    6  7    7 42    8  8    9 36   10 42   11 30   12 42   13 12   14 14   15 81   16 75   17 90   18 90   19 57   20 26 
   1 35    2  5    3  7    4  4    5 91    6 25    7 24    8 37    9 63   10 81   11 59   12 56   13 81   14 11   15  9   16 37   17 30   18 48   19 18   20 86 
   1 80    2 57    3 11    4 52    5 71    6 34    7 34    8 54    9 32   10 91   11  3   12 17   13 70   14 93   15 24   16 81   17 83   18 55   19 23   20  8 
   1 94    2 74    3 86    4  8    5 48    6 53    7 72    8 47    9 84   10 81   11 74   12 42   13 69   14 68   15 17   16 40   17 39   18 78   19 46   20 49 
   1 38    2 35    3 38    4 84    5 43    6 57    7 11    8 75    9 30   10  1   11 76   12 96   13 92   14  9   15 82   16 14   17 63   18  5   19 98   20 20 
   1 25    2 58    3 47    4 81    5 54    6 45    7 56    8 22    9 45   10 42   11 66   12 23   13 23   14 49   15 73   16 17   17 34   18 66   19 75   20  2 
   1 80    2 10    3 70    4 38    5 91    6  4    7 68    8 41    9 50   10 73   11 93   12 10   13 13   14 15   15 91   16 48   17 87   18 85   19 62   20 92 
   1 18    2 76    3 10    4 85    5 54    6 40    7 88    8 56    9 14   10 34   11 23   12 58   13 80   14 14   15 22   16 17   17 55   18 37   19 75   20 86 
   1 90    2 32    3  4    4 33    5 33    6 49    7 99    8 83    9 33   10 28   11 42   12 82   13 34   14 97   15 13   16 33   17 88   18 14   19 47   20  5 
   1 63    2 67    3 77    4 64    5 17    6 77    7  2    8 49    9 97   10 26   11  9   12 95   13 83   14 71   15 88   16  1   17 97   18 85   19 50   20 36 
   1 55    2 42    3  8    4  1    5 47    6 60    7 66    8 30    9 17   10 99   11 20   12 69   13 99   14 16   15 75   16  9   17 87   18 48   19 72   20 75 
   1 44    2 54    3 83    4 70    5 83    6 80    7 98    8 72    9 21   10 70   11  8   12 98   13  2   14 92   15 31   16 35   17 78   18 67   19  1   20 12 
   1 93    2 39    3 74    4 74    5 74    6 69    7 69    8 15    9 78   10 15   11 43   12 68   13 78   14 22   15 10   16 68   17 49   18 22   19 10   20 26 
   1 48    2 41    3 24    4 87    5 83    6 92    7 44    8 93    9 57   10 97   11 76   12 71   13 71   14 96   15  4   16 38   17 83   18 26   19 52   20 13 
   1 68    2 11    3 76    4 79    5 78    6 99    7 32    8 91    9 12   10 53   11 58   12 93   13 45   14 54   15 65   16 68   17 54   18  6   19 76   20 54 
   1 53    2 91    3 61    4 65    5 54    6 86    7 67    8 65    9 56   10 86   11 41   12 15   13 89   14 50   15 96   16 29   17 16   18 31   19 20   20 64 
   1 15    2 63    3 33    4 84    5 58    6 17    7 23    8 75    9 22   10 26   11 57   12 83   13 86   14 53   15 14   16 90   17 15   18 48   19 37   20 13 
   1 79    2 26    3  3    4 15    5 10    6 11    7 86    8 41    9 83   10 13   11 27   12 16   13 63   14 98   15 60   16 15   17 29   18 10   19 12   20  9 
   1  4    2 24    3 58    4 83    5 81    6 19    7 21    8 38    9 60   10  7   11 49   12 41   13 18   14 78   15 69   16 61   17 16   18 40   19  3   20 58 
   1 95    2 70    3 37    4 20    5 24    6  6    7 69    8 13    9 43   10 69   11 36   12 57   13 97   14 39   15 46   16 32   17 34   18 98   19 74   20 56 
   1 95    2 31    3 52    4 98    5 75    6 96    7 30    8 62    9 28   10  6   11 14   12 42   13 64   14 12   15 56   16 39   17 55   18 63   19 58   20 54 
   1 19    2 22    3 75    4  8    5 96    6 90    7 98    8  1    9 20   10 57   11 92   12 19   13 37   14 35   15 31   16 46   17 80   18 78   19 58   20 72 
   1 58    2 36    3 34    4 88    5 19    6 52    7 31    8 49    9 58   10 78   11 80   12 12   13 36   14 20   15  6   16 75   17 90   18 73   19 53   20 21 
   1 58    2 44    3 12    4 58    5 65    6 28    7 96    8 13    9 70   10 69   11 66   12 78   13  1   14 65   15 68   16 92   17 31   18 25   19 80   20 47 
   1  9    2  7    3 52    4 55    5 23    6  2    7 71    8 74    9 54   10  7   11 80   12 54   13 88   14 70   15 97   16 17   17 88   18 38   19 84   20 57 
   1 31    2 61    3 53    4  8    5  4    6 19    7 58    8 46    9 13   10 74   11 81   12 86   13 18   14 17   15 91   16 66   17  3   18 67   19 56   20 25 
   1 37    2 20    3 92    4 54    5 80    6 24    7 83    8 96    9 82   10 26   11 43   12 51   13  4   14 48   15 14   16 25   17 41   18 62   19 90   20 84 
   1 26    2 99    3 99    4 40    5 76    6 38    7 30    8 58    9 89   10 44   11 55   12 34   13 58   14 24   15 89   16 43   17 34   18 30   19 89   20 75 
   1 54    2 99    3 56    4 39    5 40    6 34    7 98    8  2    9 31   10 76   11 25   12 83   13 63   14 35   15 70   16 98   17 66   18 40   19 55   20 14 
   1 69    2 91    3 68    4 81    5 54    6  7    7  8    8 14    9 83   10  9   11 21   12 22   13 82   14 79   15 16   16 68   17 95   18 86   19 25   20 88 
   1 15    2 46    3 30    4 72    5 26    6 80    7 72    8 79    9 81   10 53   11 24   12 85   13 17   14 16   15 42   16 14   17 26   18 99   19  7   20 53 
   1 75    2 52    3 26    4 14    5 83    6 67    7 42    8 39    9 77   10 97   11 46   12  9   13 21   14 91   15 93   16 55   17 12   18  7   19  4   20 48 
   1 81    2 73    3 90    4 64    5 89    6 83    7 33    8 84    9 39   10 42   11 64   12 33   13 23   14 75   15 83   16 74   17 69   18 35   19 29   20  9 
   1 66    2 96    3 58    4 99    5  8    6 24    7 51    8 85    9 81   10 90   11 72   12 47   13 84   14 83   15 93   16 62   17 77   18 80   19 89   20  5 
   1 21    2 16    3  1    4 54    5  4    6 37    7  2    8 10    9 23   10 52   11 48   12 45   13 80   14  1   15 23   16 94   17 31   18 25   19 59   20 88 
   1 27    2 95    3 60    4 39    5 91    6 55    7 36    8 41    9 71   10 42   11 48   12 75   13  5   14 36   15 62   16 80   17 38   18 69   19 45   20 58 
   1 87    2 33    3 37    4 41    5 30    6 33    7 58    8 41    9 77   10 93   11 63   12 13   13  2   14 53   15 14   16 44   17 80   18 70   19 85   20 96 
   1 19    2 64    3 83    4 69    5 77    6 88    7 24    8 94    9 72   10 34   11 72   12 72   13 10   14 43   15 22   16 59   17 50   18 86   19  9   20 67 
   1 33    2 61    3 96    4 34    5 85    6 87    7 24    8 73    9 33   10 65   11 83   12  8   13 21   14 27   15 20   16 59   17  9   18 17   19 47   20 88 
   1 64    2 26    3 62    4 58    5 48    6 81    7 24    8 19    9 27   10 85   11 59   12 75   13 11   14 64   15 13   16 54   17 96   18 26   19 94   20 33 
   1 20    2 39    3  3    4 22    5 17    6 22    7 81    8 55    9 12   10 12   11 66   12 80   13 93   14 94   15 19   16 32   17 74   18  7   19  8   20 71 
   1 70    2 33    3 24    4 57    5 97    6 91    7 39    8 92    9 33   10 11   11 28   12 99   13 37   14 26   15 93   16 87   17 36   18 91   19 88   20 38 
   1 26    2 16    3 62    4 95    5 15    6 71    7 71    8 86    9 58   10 10   11 62   12 20   13 89   14 80   15 90   16 81   17 56   18  4   19 71   20 15 
   1 68    2 58    3 73    4 57    5 90    6 33    7  4    8 13    9 19   10 32   11 66   12 48   13 95   14 82   15 27   16 70   17 89   18 90   19 89   20 87 
   1  5    2 92    3 55    4 23    5 16    6 34    7 84    8 58    9 64   10 17   11 94   12 71   13 16   14 53   15 21   16 62   17 33   18 62   19 28   20 45 
   1 10    2 53    3 30    4 20    5 28    6 40    7  1    8 45    9 29   10 24   11 86   12 78   13 35   14 37   15 28   16 24   17 31   18 37   19 17   20 93 
   1 49    2 13    3 20    4 16    5 94    6 40    7 20    8 84    9 93   10 40   11 75   12 94   13 54   14 48   15 77   16 61   17 21   18  3   19 50   20  9 
   1 38    2 44    3 87    4 26    5 65    6 68    7 77    8 35    9 37   10 25   11  1   12 50   13 40   14  6   15 97   16 91   17 76   18 28   19 88   20 64 
   1 25    2 64    3 14    4 45    5  2    6 60    7 51    8 85    9 79   10 56   11 28   12 10   13 43   14 80   15 98   16 69   17 75   18 90   19 20   20 66 
   1 90    2 89    3 57    4 37    5 84    6 58    7 72    8 86    9 16   10 45   11 48   12 95   13 18   14 83   15  9   16 50   17 76   18 24   19 78   20 93 

