ta004
20 5
   1 53    2 93    3 90    4 65    5 64 
   1 19    2 79    3 92    4 97    5 38 
   1 99    2 88    3 35    4 27    5 44 
   1 62    2 77    3 13    4 25    5 46 
   1 88    2 94    3 75    4 61    5 66 
   1 93    2 39    3 55    4 24    5 31 
   1 34    2 74    3 80    4 97    5 48 
   1 72    2 46    3 67    4 61    5 27 
   1 42    2 17    3  3    4 75    5 82 
   1 65    2 30    3 93    4 92    5 51 
   1 39    2 62    3 54    4 73    5 90 
   1 79    2 77    3 67    4 21    5 63 
   1  9    2 43    3 25    4 29    5 85 
   1 26    2 98    3 77    4  3    5 36 
   1 72    2 48    3 38    4 96    5 69 
   1 29    2 14    3 98    4 51    5 67 
   1 36    2 45    3 96    4 26    5 81 
   1 48    2 25    3 20    4 44    5 18 
   1 57    2 98    3 15    4 56    5 81 
   1 95    2 30    3 36    4 31    5 72 

