ta003
20 5
   1 77    2 39    3 14    4 11    5 83 
   1 94    2 31    3 21    4  2    5 13 
   1  9    2 46    3 15    4 36    5 84 
   1 57    2 18    3 10    4 30    5 46 
   1 29    2 93    3 85    4 89    5 20 
   1 79    2 58    3 46    4 10    5 33 
   1 55    2 85    3 42    4 88    5 74 
   1 73    2 58    3 18    4 22    5 42 
   1 65    2 97    3 36    4 31    5 33 
   1 86    2 10    3  2    4  9    5 71 
   1 25    2 79    3 44    4 43    5 32 
   1 39    2 93    3 89    4 91    5 48 
   1 76    2  2    3  6    4 26    5 42 
   1 24    2 87    3  3    4  3    5 99 
   1 38    2 17    3  1    4 75    5  7 
   1  5    2 18    3 43    4 99    5 54 
   1 91    2 10    3 81    4 63    5  8 
   1 29    2 50    3 57    4 83    5 73 
   1 22    2  8    3 76    4 70    5 30 
   1 27    2 26    3 59    4 84    5 75 

