ta015
20 10
   1 64    2 48    3 30    4 84    5  9    6 93    7 71    8 72    9 33   10 85 
   1 96    2  6    3 94    4 24    5  1    6 44    7 34    8 65    9 95   10 47 
   1 13    2 34    3 52    4 84    5 66    6  2    7 40    8 20    9  7   10 54 
   1  9    2 22    3 49    4 16    5 57    6 87    7 57    8 67    9 34   10 31 
   1 17    2 12    3 32    4 87    5 90    6 93    7 29    8 61    9  6   10 31 
   1 19    2 78    3 61    4 22    5 61    6 23    7 78    8 69    9 34   10 83 
   1 52    2 87    3 30    4 51    5 90    6 92    7 99    8 19    9 62   10 28 
   1  1    2 24    3  6    4 27    5 60    6 51    7 88    8 63    9 97   10 70 
   1 54    2 87    3 33    4 87    5 40    6  5    7 40    8 50    9  7   10 49 
   1 86    2 10    3 33    4 87    5 38    6 32    7 40    8 68    9 18   10 27 
   1 90    2 46    3 42    4 34    5 25    6 69    7 35    8  7    9  8   10 40 
   1 26    2 16    3 87    4 99    5 15    6 92    7 57    8 93    9 39   10 37 
   1 16    2 11    3 55    4 37    5 89    6 21    7 56    8 58    9 86   10 55 
   1 39    2 73    3 13    4 14    5  5    6 77    7 65    8 31    9 58   10 59 
   1 51    2 24    3 39    4 59    5 81    6 95    7 63    8 97    9 35   10 46 
   1  4    2 16    3 20    4 13    5 16    6 17    7 48    8 89    9 12   10 25 
   1 18    2 68    3  9    4 17    5 28    6 47    7 24    8  5    9 50   10 34 
   1 35    2 14    3 57    4 33    5 58    6  1    7 40    8 98    9 44   10 84 
   1 65    2 92    3 83    4 31    5 98    6 13    7 20    8 41    9 81   10 72 
   1  5    2 93    3  2    4 18    5 90    6 73    7 21    8 81    9 89   10 32 

