ta019
20 10
   1 39    2  9    3 72    4 93    5  8    6 75    7 16    8 98    9 65   10 21 
   1 16    2 19    3 13    4 77    5 83    6 70    7 98    8 49    9 93   10 98 
   1 84    2 71    3 49    4 20    5 29    6 16    7 85    8 46    9 14   10 61 
   1 51    2  7    3 37    4  1    5 87    6 72    7 63    8 66    9 73   10 78 
   1 19    2 23    3 89    4 60    5 77    6 85    7 10    8 63    9 97   10  6 
   1 57    2  7    3 37    4 36    5 15    6 94    7 14    8 88    9 17   10 34 
   1 33    2 65    3 58    4 85    5 26    6 49    7 82    8 41    9 91   10 53 
   1  1    2 56    3  4    4 18    5 97    6 40    7 39    8 13    9 71   10 63 
   1 23    2 37    3 13    4 97    5 44    6 64    7 23    8 43    9 59   10  3 
   1 39    2 87    3 48    4 24    5 85    6 98    7 29    8 54    9 45   10 50 
   1 27    2 43    3  4    4 60    5 22    6 46    7 30    8 69    9 45   10 29 
   1 37    2  4    3 43    4 28    5 17    6 18    7 99    8 97    9 21   10 29 
   1 37    2 92    3 18    4 94    5 47    6 47    7 34    8 10    9 98   10 20 
   1  1    2 75    3  9    4 34    5 30    6  2    7 16    8 51    9 64   10 68 
   1 82    2 86    3 81    4 61    5 10    6 77    7 34    8 95    9 50   10 84 
   1 24    2 26    3 66    4 10    5 84    6 74    7 28    8 51    9 74   10 29 
   1 28    2 17    3 82    4  4    5 13    6 77    7 69    8 92    9 77   10 75 
   1 98    2  7    3 21    4 83    5 26    6 32    7 85    8 71    9 32   10 85 
   1 74    2 80    3 60    4 91    5 16    6 65    7 50    8 98    9 70   10 98 
   1 36    2 24    3 26    4 38    5 48    6 91    7 58    8 33    9 95   10 68 

