ta027
20 20
   1 77    2 52    3 47    4 40    5 72    6 90    7 89    8 91    9 15   10 34   11 87   12 47   13 56   14 68   15 94   16 57   17 57   18 12   19 22   20 99 
   1  3    2 83    3 86    4 56    5 88    6 70    7 59    8 42    9 91   10 18   11 36   12 40   13 33   14 87   15 36   16 79   17 56   18 72   19 35   20 78 
   1 60    2 50    3 85    4 42    5 83    6 23    7 43    8 79    9 46   10 67   11 48   12 49   13 58   14  7   15 45   16 74   17 15   18 17   19 89   20 42 
   1 92    2  2    3  2    4 73    5 38    6 28    7 77    8  6    9 51   10 15   11  1   12 23   13 99   14 21   15 26   16 21   17 51   18 91   19  4   20 88 
   1 17    2  9    3 43    4 98    5  8    6 50    7 83    8 56    9 64   10 34   11 81   12  3   13 85   14 91   15  4   16 69   17 30   18 75   19 71   20 54 
   1 38    2 48    3 56    4 74    5 20    6 33    7 36    8 13    9 19   10 64   11 59   12 84   13 64   14 39   15 37   16 39   17 82   18 60   19 43   20 50 
   1 45    2 68    3 90    4 49    5 33    6 42    7 40    8 66    9 98   10 71   11 57   12  4   13 40   14 25   15 20   16 41   17 92   18 20   19 34   20 54 
   1 92    2 37    3 41    4 32    5 63    6 69    7 85    8 74    9 34   10  5   11 82   12 40   13 55   14 77   15 55   16 76   17 76   18 23   19 24   20 83 
   1 20    2 57    3 55    4 48    5 44    6 36    7 60    8 21    9 54   10 82   11 49   12 36   13 58   14 58   15 15   16 84   17 36   18 83   19 39   20 36 
   1 33    2 19    3 12    4 57    5 43    6 80    7 65    8  7    9  9   10 84   11 12   12 13   13 99   14 96   15 81   16 20   17  5   18 93   19 44   20 41 
   1 14    2 59    3 99    4 71    5 33    6 37    7 78    8  7    9 10   10 38   11 62   12 90   13 38   14 65   15 82   16  7   17 18   18 41   19 40   20 80 
   1 39    2 20    3 36    4 65    5 34    6 25    7 44    8 29    9 20   10 91   11 95   12 57   13 39   14  1   15 81   16 40   17 63   18 99   19 97   20 45 
   1 66    2 25    3 90    4 73    5 82    6 87    7 15    8 23    9 46   10 55   11  9   12  3   13  5   14 83   15 74   16 26   17 82   18 74   19  1   20 14 
   1 93    2 64    3 12    4 19    5 22    6 41    7 55    8 11    9  4   10  1   11 39   12  3   13 30   14 57   15 68   16 28   17 45   18 54   19 98   20 96 
   1 37    2 92    3 15    4 12    5 58    6 34    7 49    8 36    9 90   10  4   11 90   12 66   13  2   14  4   15 14   16 93   17 51   18 10   19 61   20 45 
   1 44    2  6    3 38    4 20    5 78    6 54    7 77    8 50    9 88   10 71   11 41   12 74   13 97   14 36   15 78   16 81   17 16   18 61   19  7   20 65 
   1 21    2 24    3 19    4 29    5 61    6 51    7  5    8 91    9 71   10 49   11 33   12 28   13 33   14 77   15 93   16 25   17 15   18 40   19 77   20 17 
   1 77    2 29    3 95    4 39    5 67    6 52    7 72    8 10    9 50   10 31   11 53   12 80   13 75   14 94   15 69   16 82   17 39   18 96   19 95   20 27 
   1 90    2  6    3 24    4 38    5 43    6 90    7 97    8 81    9 23   10 18   11 67   12 59   13 31   14 11   15 79   16 60   17 72   18 18   19 68   20 77 
   1 63    2 64    3 98    4 28    5 64    6 22    7 46    8 87    9 50   10 44   11 17   12 39   13 68   14 41   15 63   16 25   17 70   18 85   19 54   20 54 

