ta026
20 20
   1 66    2 21    3 45    4 56    5 49    6 39    7 13    8 34    9 22   10 53   11 40   12 17   13 72   14 50   15 99   16 50   17 26   18 99   19 61   20  1 
   1 41    2 63    3  2    4 14    5 44    6 12    7 36    8 18    9 56   10 71   11 62   12 92   13 33   14 82   15 53   16  4   17 50   18 48   19 55   20 54 
   1 74    2 45    3 39    4 88    5 76    6 45    7  6    8  4    9 63   10 98   11  8   12 90   13 71   14 16   15 52   16 20   17  4   18 41   19  2   20 94 
   1 62    2 70    3  4    4 41    5 88    6 34    7 22    8 65    9 56   10 99   11 13   12 58   13 68   14 17   15  9   16 19   17  8   18 40   19 55   20 63 
   1 70    2 41    3 46    4  4    5 45    6 11    7 44    8 58    9 79   10 54   11 87   12 19   13 94   14 68   15  8   16 58   17 60   18 76   19 78   20 91 
   1 30    2  6    3 11    4 52    5 52    6 71    7 65    8 35    9 82   10 20   11 40   12 97   13 82   14 65   15 50   16 22   17 60   18 89   19 27   20 27 
   1 66    2 70    3 66    4 17    5 31    6 53    7 87    8 86    9 92   10 62   11 27   12 80   13 46   14 92   15 62   16 56   17 80   18 42   19 13   20 55 
   1 11    2 33    3 59    4 95    5 66    6 28    7 50    8 34    9 19   10 18   11 44   12 28   13 78   14 37   15 14   16 92   17 38   18 90   19 20   20 74 
   1 51    2 97    3 28    4 15    5 17    6 93    7 96    8 49    9 45   10 81   11 41   12 67   13 37   14 47   15 21   16 59   17 51   18 61   19 38   20 77 
   1 43    2 32    3 74    4 85    5 68    6 61    7 51    8 88    9 32   10 60   11 70   12 59   13 69   14 70   15 88   16 34   17 25   18 25   19 75   20 77 
   1 32    2 28    3 93    4 12    5 99    6 61    7 48    8 42    9 11   10  1   11 10   12  9   13  7   14 66   15  7   16 17   17 97   18 27   19 23   20 81 
   1 23    2 54    3 95    4 11    5 78    6 78    7 89    8 79    9 59   10 93   11 94   12 92   13 34   14 30   15 85   16 39   17 73   18 60   19 61   20 29 
   1 20    2 63    3 48    4 24    5 87    6 13    7 69    8 25    9 22   10  8   11 25   12  7   13 69   14  7   15 62   16 59   17 46   18 79   19 37   20 91 
   1  1    2 16    3 71    4 71    5 45    6 49    7 83    8 18    9 14   10 92   11 10   12 19   13 18   14 37   15 10   16  7   17 82   18 50   19 43   20 20 
   1 54    2 12    3 30    4 46    5 78    6 15    7 22    8 75    9 88   10 60   11 36   12 82   13 98   14  5   15 61   16 59   17 92   18 15   19 69   20 99 
   1 55    2  2    3 22    4 59    5 51    6 31    7 26    8 45    9 82   10 87   11 87   12 60   13  8   14 52   15 92   16  2   17 42   18 65   19  2   20 27 
   1 65    2 50    3  3    4 16    5 87    6 93    7 29    8 54    9 82   10 11   11 37   12 60   13 58   14 86   15 47   16 70   17 65   18 80   19 44   20 30 
   1 22    2 48    3 22    4 33    5  4    6 83    7 67    8 19    9 71   10 24   11 86   12 58   13 86   14 36   15 77   16 72   17 12   18 67   19 25   20 85 
   1 99    2 34    3 82    4 53    5 45    6 20    7 70    8 80    9  8   10 11   11 76   12 74   13 77   14 29   15 37   16 90   17 34   18 70   19 12   20  5 
   1 97    2 75    3 35    4 22    5  9    6  1    7 59    8 15    9 13   10 98   11 70   12 70   13 50   14  4   15 96   16 56   17 23   18 94   19 31   20  4 

