ta029
20 20
   1  1    2  6    3 10    4 28    5 69    6 95    7 90    8 87    9 80   10 60   11 17   12 13   13 66   14 79   15 79   16  6   17 43   18  3   19 36   20 67 
   1 96    2 36    3 65    4 13    5 34    6 75    7 38    8 32    9 10   10 70   11 74   12 98   13 30   14 12   15 93   16 73   17 45   18 69   19 98   20 96 
   1 21    2 74    3 39    4 74    5 10    6 24    7 20    8  8    9 63   10 38   11 87   12 79   13 89   14 96   15 25   16 64   17 46   18 38   19  7   20 70 
   1 57    2 53    3 99    4 18    5 91    6  3    7 85    8 17    9 14   10 94   11 39   12 20   13 45   14 78   15 61   16 30   17  9   18 61   19  3   20 89 
   1  7    2 25    3 77    4 71    5 98    6 83    7 49    8 54    9 89   10 94   11 14   12 57   13 44   14 29   15 59   16 30   17 10   18  8   19  5   20  5 
   1 34    2 68    3 39    4 11    5 60    6 67    7 37    8 43    9 65   10 30   11 28   12 68   13 91   14 28   15 20   16 99   17 42   18 54   19 82   20 45 
   1 72    2 37    3 50    4 17    5  3    6 88    7 29    8  3    9 43   10 50   11 12   12 17   13 18   14 14   15 92   16 61   17 43   18 90   19 41   20 38 
   1 12    2 42    3 14    4 27    5 86    6 75    7 84    8 65    9 44   10 17   11 49   12 27   13 67   14 52   15  1   16 26   17 46   18  3   19  2   20 79 
   1 80    2 68    3 75    4 89    5 55    6 28    7 93    8 33    9 28   10 43   11 88   12 25   13 94   14 27   15 35   16 38   17  7   18  5   19 63   20 73 
   1 99    2 74    3 28    4 14    5 95    6 65    7 99    8 36    9 39   10 28   11 91   12 36   13 41   14 51   15 97   16 46   17 15   18 25   19 56   20 99 
   1 28    2 93    3 92    4 13    5 73    6 54    7 44    8 70    9 59   10 33   11 53   12 67   13 78   14 46   15 79   16 76   17 32   18 31   19 85   20 33 
   1 80    2 39    3 74    4 40    5 65    6 65    7 39    8 18    9 91   10 48   11 40   12 73   13 27   14 98   15 37   16 65   17 80   18 38   19 85   20  1 
   1 30    2 75    3 20    4 97    5 24    6 34    7 18    8 19    9 70   10 48   11  1   12 34   13 15   14 97   15 72   16 51   17  4   18 36   19 25   20 84 
   1 15    2 54    3 70    4 70    5 22    6 17    7 40    8 76    9 24   10 81   11 55   12 47   13 55   14 38   15 76   16 39   17 73   18 35   19 98   20 79 
   1 95    2 10    3 43    4 96    5  5    6 51    7 24    8  7    9 96   10 50   11 39   12 65   13 28   14 78   15 89   16 23   17 42   18 52   19 58   20 44 
   1 19    2 60    3  6    4 13    5 67    6 98    7 98    8 34    9  1   10 86   11 35   12 79   13 28   14 89   15  7   16 71   17 98   18 13   19 16   20 39 
   1 12    2 15    3 77    4 66    5 39    6 94    7 61    8 66    9 92   10 23   11 99   12 31   13 26   14 67   15 79   16 63   17 24   18 78   19 99   20 16 
   1 59    2 75    3 25    4 77    5 58    6 22    7 72    8 72    9 79   10 95   11 17   12 54   13 98   14 91   15 85   16 94   17 25   18 31   19 61   20 50 
   1 66    2 71    3 68    4  2    5  4    6 57    7 21    8 16    9 57   10  3   11 69   12 56   13 98   14 51   15 40   16 62   17 13   18  8   19 21   20 39 
   1 51    2 22    3 83    4 41    5 30    6 37    7 76    8 95    9 88   10 80   11 67   12 33   13 77   14 62   15 24   16 87   17 38   18 62   19 26   20 55 

