ta028
20 20
   1 74    2 63    3  8    4 21    5 14    6 19    7 71    8 50    9 24   10 54   11 77   12 67   13 20   14 72   15 34   16 17   17 23   18 91   19  1   20 26 
   1 45    2 31    3 75    4  7    5  7    6 41    7  1    8  4    9 63   10  6   11 22   12 98   13  6   14 90   15 85   16 92   17 21   18 75   19  6   20 83 
   1 23    2 40    3 82    4 73    5 95    6  6    7 99    8 96    9 60   10 15   11 15   12 98   13 45   14 94   15 40   16 35   17 26   18 53   19 71   20 66 
   1 20    2 47    3 34    4 24    5 49    6  6    7 44    8 12    9 99   10 98   11 46   12 47   13 67   14 90   15 99   16 54   17 20   18 59   19 16   20 61 
   1  6    2 21    3 68    4 59    5 23    6 44    7 47    8 57    9 84   10 88   11 51   12 65   13 22   14 36   15 97   16  5   17 52   18  6   19 97   20 54 
   1 21    2  8    3 61    4 62    5 67    6 28    7 30    8 70    9 92   10 31   11 26   12 65   13 13   14  6   15 24   16 49   17 73   18 68   19 31   20 25 
   1 83    2 14    3 55    4 23    5 86    6 68    7 70    8 76    9 34   10 12   11 45   12 58   13 60   14 28   15 55   16 97   17 92   18 30   19 32   20 62 
   1 47    2 60    3 19    4 76    5 68    6 44    7 35    8 88    9 45   10 31   11 59   12 13   13 31   14 86   15 34   16 75   17 62   18 58   19 71   20 16 
   1 42    2 64    3 47    4 35    5 75    6 29    7 29    8  4    9 85   10 48   11 24   12 33   13 72   14 20   15 60   16 15   17 53   18 12   19 14   20 30 
   1 54    2 59    3  2    4  2    5 11    6 85    7 99    8 77    9 88   10 74   11 13   12 53   13 68   14 44   15 80   16 89   17 82   18 93   19 92   20 62 
   1 88    2 16    3 83    4 60    5 18    6 56    7 96    8 56    9 46   10 80   11 50   12  2   13 49   14 62   15 44   16 25   17 84   18 26   19 86   20 67 
   1 92    2 66    3 28    4 62    5 57    6 53    7 46    8 58    9 69   10 26   11 86   12 10   13 64   14 37   15 83   16  8   17 41   18 13   19 53   20 36 
   1 42    2 77    3 31    4 67    5 57    6 23    7 58    8 94    9 30   10 51   11 12   12 34   13  3   14 65   15 56   16 75   17  2   18 65   19 61   20 70 
   1 70    2 38    3 37    4  4    5 75    6 81    7 95    8 78    9 94   10 50   11 60   12 41   13 18   14 55   15 88   16 50   17 77   18 79   19 55   20 31 
   1 13    2 41    3 84    4 13    5 69    6  3    7 14    8 47    9 58   10  7   11 78   12 77   13 19   14 44   15 37   16 28   17 50   18 38   19 15   20 30 
   1 23    2 79    3 17    4 12    5 33    6 16    7 24    8 63    9 65   10 34   11 79   12 40   13 30   14 48   15 27   16 34   17 31   18 52   19 96   20  7 
   1 30    2 49    3 10    4 91    5 68    6 40    7 54    8 78    9 53   10 20   11 64   12 82   13 57   14 68   15 58   16 28   17 83   18 90   19 50   20 13 
   1 45    2 68    3 33    4 43    5 34    6 53    7 25    8 53    9 86   10 55   11 56   12 80   13 83   14 58   15  3   16 63   17 33   18 58   19  4   20 41 
   1 96    2 62    3 57    4 82    5 19    6 62    7  2    8 78    9 72   10 64   11 35   12 98   13  9   14 70   15 46   16 59   17 71   18 28   19 55   20 44 
   1 71    2 47    3  4    4 83    5 15    6 45    7 66    8 37    9 41   10 27   11 57   12 89   13  1   14 97   15 39   16 97   17 29   18 88   19 17   20 76 

