ta030
20 20
   1 55    2 74    3 99    4 34    5 59    6 20    7 94    8 12    9 76   10 12   11 97   12 50   13  5   14 76   15 84   16  4   17 75   18 79   19 18   20 99 
   1 56    2 41    3 82    4 67    5 33    6 35    7 43    8  8    9  4   10 78   11 44   12 71   13 87   14  5   15 21   16 24   17 39   18 35   19 85   20 52 
   1 21    2 10    3 14    4 16    5 71    6 25    7 68    8 15    9 45   10 58   11 93   12 27   13 66   14 59   15  4   16 88   17 38   18 97   19  7   20 21 
   1 77    2 36    3 14    4 83    5 49    6 81    7 77    8 21    9 25   10 13   11 11   12 86   13 33   14 52   15 37   16 53   17 72   18 68   19  2   20 41 
   1 83    2 69    3 63    4 64    5 22    6 19    7 42    8 75    9 23   10 22   11 74   12 24   13  2   14 16   15 72   16  7   17 26   18 93   19 93   20 69 
   1 43    2  1    3 67    4 32    5  6    6  4    7 75    8 84    9 77   10 53   11 69   12 58   13 32   14 14   15 86   16 35   17 50   18 29   19 20   20 88 
   1 11    2 21    3 16    4 43    5 68    6 42    7 17    8 29    9  3   10 92   11 60   12 20   13 43   14  3   15 17   16 45   17 83   18 94   19 50   20 80 
   1 64    2 72    3 46    4 67    5 14    6 58    7 85    8 15    9 20   10  7   11 95   12 12   13 16   14  1   15 96   16 45   17 15   18 14   19 95   20 83 
   1 59    2 37    3 28    4 37    5 36    6 18    7 54    8 26    9 49   10 62   11 83   12 61   13 96   14 24   15 38   16 43   17 71   18 84   19  3   20  4 
   1 37    2 54    3 91    4 79    5 17    6 19    7 83    8 83    9 35   10 94   11 97   12 57   13 22   14 47   15 43   16 31   17 13   18 29   19 30   20 99 
   1 96    2 88    3 69    4 31    5 30    6 73    7 30    8 38    9 29   10  8   11 37   12 34   13 17   14 19   15 13   16 58   17 94   18 35   19 44   20 59 
   1 27    2 65    3 34    4 41    5 83    6 14    7 52    8 32    9 59   10 81   11 86   12 64   13 75   14 76   15 81   16 88   17 16   18 13   19 97   20 47 
   1  9    2 97    3  9    4  3    5 94    6 44    7 89    8 13    9 14   10  5   11 61   12 43   13 31   14 13   15 12   16 52   17 28   18 51   19 13   20 92 
   1 63    2 71    3  7    4 11    5 53    6 13    7 54    8 10    9 94   10 24   11 68   12 94   13 62   14 67   15 57   16 99   17 17   18 49   19  7   20 11 
   1 82    2 13    3 43    4 71    5 30    6 11    7 74    8 23    9 11   10 98   11 87   12 37   13 76   14  7   15 62   16 87   17 95   18 40   19 72   20 73 
   1 31    2 90    3 62    4 21    5 74    6 55    7 86    8 28    9 17   10 85   11 19   12 13   13 30   14  7   15 87   16 47   17 65   18 11   19 49   20 31 
   1 27    2 88    3 29    4 26    5 24    6 91    7 27    8 42    9 80   10 75   11 12   12 28   13  8   14 14   15 90   16 32   17 84   18 98   19 83   20 70 
   1 67    2 39    3 70    4 98    5 47    6 51    7 22    8 68    9 70   10 57   11 39   12  2   13 34   14 99   15 94   16 24   17 93   18 61   19 75   20 15 
   1 82    2 46    3 28    4 39    5 76    6 42    7 24    8 78    9 20   10 37   11 85   12 82   13 35   14  5   15 94   16 99   17 98   18 19   19 63   20 57 
   1 65    2 89    3 62    4 73    5 28    6 47    7 11    8 39    9 25   10 96   11  6   12 10   13 73   14 11   15 81   16 22   17 65   18 53   19 47   20 19 

