ta031
50 5
   1 75    2 26    3 48    4 26    5 77 
   1 87    2 37    3  4    4 67    5 94 
   1 13    2 25    3 92    4  4    5  9 
   1 11    2 95    3 92    4 14    5 57 
   1 41    2 49    3 72    4 93    5 29 
   1 43    2 12    3 45    4 54    5 79 
   1 93    2 59    3  5    4 21    5 55 
   1 69    2 17    3 98    4 20    5 73 
   1 80    2 46    3 93    4  6    5 65 
   1 13    2 20    3 17    4 18    5 86 
   1 24    2 52    3 79    4 75    5 25 
   1 72    2 44    3 11    4 25    5 39 
   1 38    2 92    3 16    4 16    5 76 
   1 81    2 75    3 89    4 77    5 24 
   1 83    2 95    3 81    4 28    5 38 
   1 88    2 33    3 92    4 24    5  5 
   1 26    2 10    3 45    4 15    5 91 
   1  6    2 45    3 61    4 77    5 29 
   1 89    2  2    3 39    4 36    5 22 
   1 67    2 62    3 28    4 16    5 27 
   1 70    2 62    3 94    4 32    5 39 
   1 30    2 82    3 87    4 46    5 31 
   1 89    2 29    3 23    4 21    5 46 
   1 30    2 29    3  1    4 81    5 18 
   1 68    2 94    3 55    4 28    5 93 
   1 21    2 20    3 91    4 70    5 58 
   1 78    2 42    3 67    4 89    5 85 
   1 46    2 80    3 91    4 54    5 58 
   1 99    2 94    3  4    4 96    5 97 
   1 10    2 35    3 60    4 62    5 10 
   1 17    2  8    3 38    4 46    5 79 
   1 23    2 41    3 25    4 60    5 93 
   1 83    2 65    3 90    4 19    5  2 
   1 47    2  4    3 93    4 97    5 87 
   1 86    2 71    3 13    4 13    5 17 
   1 18    2 30    3 65    4  7    5 18 
   1 67    2 14    3 25    4 44    5 10 
   1 46    2 32    3 34    4  7    5 50 
   1  4    2 50    3 47    4 73    5  8 
   1 14    2 30    3 98    4 15    5 26 
   1  4    2 27    3 91    4 66    5 14 
   1 20    2 98    3 11    4 70    5 21 
   1 88    2 39    3 46    4 97    5 15 
   1 50    2 84    3 50    4 33    5 10 
   1 84    2 65    3 77    4 97    5 85 
   1 58    2 12    3  5    4 64    5 46 
   1 93    2 58    3 14    4 73    5 42 
   1 76    2 45    3 47    4 28    5 18 
   1 50    2 49    3 80    4  4    5 36 
   1 30    2 15    3 45    4 87    5  2 

