ta034
50 5
   1 37    2 77    3 91    4 91    5  5 
   1  5    2 64    3 36    4  7    5 73 
   1  8    2 66    3 63    4 40    5 99 
   1 37    2 33    3 69    4 92    5 23 
   1 71    2 47    3 83    4 47    5 83 
   1 65    2 67    3 29    4 49    5  9 
   1 13    2 61    3 33    4 87    5 89 
   1 35    2 99    3 97    4 76    5 94 
   1 52    2 54    3  1    4 49    5 84 
   1 63    2 66    3 74    4 41    5 97 
   1 58    2 57    3 74    4 29    5 99 
   1 13    2 65    3 53    4 27    5 43 
   1 69    2 24    3 74    4 14    5 71 
   1 35    2 30    3 54    4 68    5 86 
   1  9    2 95    3 21    4  9    5 51 
   1 90    2 40    3 41    4 69    5 22 
   1 57    2 85    3 92    4 94    5  2 
   1 90    2 46    3  2    4 51    5 60 
   1 55    2 46    3 83    4 64    5 17 
   1 36    2 55    3 63    4 67    5 81 
   1 84    2 39    3 87    4 47    5  6 
   1 31    2 22    3 37    4 66    5 40 
   1 50    2 41    3 64    4 27    5 32 
   1 44    2 41    3 65    4 49    5 82 
   1 38    2 40    3 40    4 92    5 63 
   1 12    2 19    3 77    4 74    5 50 
   1 57    2 56    3  1    4 59    5 74 
   1 70    2 16    3 12    4 36    5 36 
   1 92    2 48    3 54    4 79    5 56 
   1  1    2 38    3 39    4 16    5 10 
   1 72    2 25    3 24    4 43    5 24 
   1 94    2  2    3 79    4  4    5 82 
   1 96    2 99    3 47    4  3    5 90 
   1 78    2 67    3 80    4 11    5 29 
   1 30    2 94    3 40    4 13    5 99 
   1 46    2 50    3 44    4 95    5 38 
   1 60    2 26    3 58    4 64    5  7 
   1 95    2 54    3 20    4 38    5 77 
   1 82    2 67    3 50    4 32    5 50 
   1 94    2 57    3 16    4 76    5  4 
   1 62    2 18    3 99    4 66    5 11 
   1  7    2  8    3 22    4 37    5 73 
   1 51    2 81    3 33    4 28    5 16 
   1 44    2 49    3 60    4  7    5 27 
   1 31    2 96    3 87    4  2    5 98 
   1 40    2 18    3 55    4 88    5 30 
   1 29    2 50    3 70    4 92    5 51 
   1 78    2 46    3 93    4 58    5 77 
   1 57    2 22    3 52    4 24    5 54 
   1 42    2 48    3 41    4  2    5 92 

