ta043
50 10
   1 66    2 55    3 65    4 57    5 58    6 38    7  5    8 26    9 66   10 93 
   1 46    2 63    3 35    4 72    5 66    6 23    7 13    8 40    9 41   10 95 
   1 25    2 71    3 49    4 48    5  5    6 13    7 36    8 84    9 74   10 48 
   1 30    2 21    3  2    4  6    5 69    6  1    7 54    8 84    9 62   10 71 
   1 17    2 74    3 95    4 10    5 38    6 10    7 76    8 74    9 70   10 30 
   1 40    2 65    3 14    4 98    5 93    6 76    7 40    8 39    9 30   10 22 
   1 17    2 52    3 67    4 55    5 59    6 49    7 67    8 65    9 66   10  3 
   1 20    2 91    3  8    4 71    5 56    6  2    7 31    8 15    9 11   10 22 
   1 73    2 12    3 62    4 19    5 26    6 81    7 35    8 71    9 51   10 82 
   1  5    2 22    3 25    4 28    5 96    6 43    7 48    8 92    9 43   10 35 
   1 60    2 12    3  2    4 31    5 60    6 51    7 85    8 44    9 32   10 56 
   1  3    2 26    3 40    4 79    5 18    6 71    7 41    8 27    9 23   10 14 
   1 91    2 97    3 68    4 69    5 74    6 29    7 82    8 93    9 20   10 88 
   1 34    2 30    3 75    4 11    5 93    6 44    7 95    8  2    9  1   10 41 
   1 81    2 30    3 72    4  4    5 12    6 26    7 15    8 55    9 54   10  4 
   1 58    2 12    3  5    4 12    5 56    6 27    7 24    8 44    9 55   10 52 
   1 48    2 94    3  5    4 71    5 36    6 27    7 77    8 55    9 65   10 17 
   1 71    2 46    3 10    4 62    5 71    6 56    7  6    8 23    9 22   10 95 
   1 57    2 20    3 33    4  2    5 38    6 21    7 79    8 25    9 99   10 15 
   1  5    2 73    3 56    4 95    5 96    6 76    7 36    8  1    9 97   10 85 
   1  8    2 58    3 89    4 35    5 84    6 88    7 18    8 51    9 21   10 12 
   1 19    2 10    3 54    4 82    5 84    6  9    7 21    8 12    9 63   10 11 
   1 78    2 77    3 31    4 57    5 65    6 33    7 34    8 47    9 45   10 24 
   1  2    2 27    3  1    4  7    5 17    6  6    7 42    8 98    9 70   10 71 
   1  1    2 33    3 61    4 24    5 78    6 40    7 74    8 41    9 41   10 46 
   1 78    2 53    3 25    4 62    5 45    6 64    7 46    8 18    9  6   10 59 
   1  8    2 23    3 11    4 70    5 83    6  5    7  1    8 44    9 70   10 16 
   1 14    2  2    3  7    4 89    5 53    6  5    7 88    8 72    9 33   10 33 
   1 46    2 65    3 88    4 87    5 60    6  7    7 29    8 88    9 97   10 53 
   1 98    2 35    3 65    4 21    5 60    6  5    7 95    8 60    9 32   10 22 
   1 50    2  7    3 74    4 54    5  9    6 76    7 67    8 29    9 28   10 49 
   1 88    2 54    3 16    4 16    5  7    6 63    7 41    8 99    9 54   10 44 
   1 28    2 43    3 87    4 72    5 51    6 35    7 98    8  2    9 63   10 76 
   1 66    2 87    3 57    4 31    5 85    6 94    7 31    8 17    9 16   10 88 
   1 43    2 56    3 89    4 24    5 66    6 65    7 25    8 79    9 12   10 45 
   1 23    2  4    3 85    4 94    5  6    6 25    7 70    8  6    9  2   10 52 
   1 93    2 29    3 46    4 18    5  3    6  6    7 62    8 29    9 50   10 31 
   1 52    2 35    3 54    4 83    5 93    6 87    7 45    8 89    9 48   10 66 
   1  1    2 37    3 23    4 36    5 88    6 60    7 59    8  4    9 34   10 17 
   1 77    2 53    3 23    4 73    5 40    6 33    7 68    8 70    9 75   10 68 
   1 54    2 10    3 96    4 67    5 85    6 67    7 22    8 10    9 45   10 99 
   1 45    2 90    3 79    4 74    5 92    6 81    7 81    8 79    9  2   10 78 
   1 56    2 95    3 70    4 75    5 15    6 93    7 44    8 64    9 39   10 87 
   1 54    2 85    3 33    4 93    5 51    6 98    7 80    8 92    9  4   10 45 
   1 57    2  2    3 50    4 16    5 55    6  9    7 88    8 42    9 46   10 78 
   1 23    2 36    3 18    4 74    5 19    6 94    7 25    8 79    9 11   10 51 
   1 18    2 85    3 65    4 70    5 58    6 49    7 93    8 56    9 66   10 87 
   1 88    2  5    3 87    4 16    5 84    6 27    7 61    8 94    9 59   10  4 
   1 38    2  3    3 18    4 81    5  4    6 62    7  1    8 26    9 28   10 45 
   1 72    2 45    3 15    4 93    5 23    6 90    7 97    8 93    9 74   10  9 

