ta049
50 10
   1 68    2 69    3  1    4 19    5 10    6 76    7 50    8 39    9 77   10 30 
   1 40    2 96    3 37    4 65    5 76    6 40    7 87    8 11    9 30   10 71 
   1 43    2 54    3 91    4 35    5 75    6 96    7 77    8 96    9 88   10 57 
   1 72    2 37    3 59    4 89    5 29    6 54    7 88    8 74    9 21   10 83 
   1 87    2 35    3  2    4 41    5 10    6 91    7 80    8 22    9 29   10 34 
   1 59    2 19    3 44    4 15    5 86    6 90    7 75    8 22    9 12   10 31 
   1 67    2 10    3 29    4 99    5 62    6 41    7 41    8 50    9  2   10 11 
   1 89    2 88    3 37    4 19    5 26    6 72    7 84    8  6    9 95   10 50 
   1 84    2 61    3 30    4 74    5  1    6 37    7 24    8 95    9 24   10 22 
   1 43    2 95    3 20    4 63    5 62    6 38    7 27    8 83    9 20   10  7 
   1 92    2 18    3 19    4 92    5 89    6 64    7 52    8 70    9 66   10 82 
   1 90    2 49    3 79    4 29    5  2    6 98    7 73    8  1    9 82   10 34 
   1 23    2 69    3 41    4 47    5 62    6 36    7 75    8  8    9 45   10  5 
   1 20    2 86    3 79    4 80    5 96    6 20    7 23    8 94    9  4   10 62 
   1 97    2 28    3 49    4  7    5 99    6  3    7 52    8 65    9 22   10  3 
   1 57    2  6    3 21    4 43    5 91    6 41    7 97    8 70    9 81   10 68 
   1 33    2 40    3 97    4 89    5 85    6 93    7 40    8 61    9 56   10 35 
   1  7    2 88    3 86    4  9    5 42    6 44    7 50    8 80    9 85   10 79 
   1 69    2 94    3 15    4 99    5  7    6  3    7 95    8 82    9  3   10 10 
   1 56    2 78    3 57    4 38    5  4    6 19    7 34    8 23    9 82   10 60 
   1 16    2 43    3 76    4 76    5 23    6 66    7  2    8 51    9 94   10 67 
   1 41    2 31    3 14    4 52    5 74    6 55    7 76    8 92    9 72   10 10 
   1  7    2 54    3 57    4 48    5 83    6 66    7 26    8 25    9 96   10 87 
   1 74    2 80    3 80    4 55    5 41    6 68    7 48    8 23    9 55   10 25 
   1 54    2 11    3 93    4 17    5 63    6  1    7 16    8 40    9  3   10 24 
   1 67    2 27    3 31    4 63    5 99    6  5    7 20    8 69    9 63   10  4 
   1 15    2  3    3 66    4 92    5 55    6 59    7 86    8 42    9 65   10 36 
   1 85    2 32    3 30    4 77    5 37    6 64    7 62    8 13    9 20   10 44 
   1 83    2  2    3 82    4 31    5 23    6  1    7 54    8 17    9  4   10 22 
   1 42    2 49    3 11    4 44    5  1    6  5    7 50    8 27    9 95   10  8 
   1 29    2 27    3 71    4 76    5 84    6 11    7 26    8 74    9 20   10 49 
   1 64    2 81    3 94    4 18    5 46    6 46    7  4    8  7    9 57   10 97 
   1  3    2 18    3 35    4  7    5 31    6 10    7  4    8 25    9 38   10  8 
   1  9    2 83    3 71    4 40    5 93    6 56    7 59    8 73    9 46   10  9 
   1 35    2 84    3 76    4 47    5 79    6 25    7 24    8 81    9 76   10 18 
   1 24    2 49    3 76    4 73    5 32    6 95    7 14    8 84    9 10   10 34 
   1 72    2 64    3 26    4 41    5 71    6 12    7 49    8 40    9 79   10 54 
   1 70    2 20    3 31    4 70    5 60    6 48    7 35    8 28    9  7   10 42 
   1 47    2 52    3 58    4 86    5 42    6 11    7 78    8 86    9 12   10 70 
   1 78    2 42    3 31    4  8    5 24    6 45    7 77    8 17    9 60   10 59 
   1 60    2 51    3 98    4 63    5 51    6 25    7 72    8 66    9 85   10  8 
   1 11    2 66    3 26    4 77    5 98    6 62    7 10    8 33    9 73   10 29 
   1 60    2 95    3 92    4 91    5 64    6 12    7 87    8 20    9 18   10  6 
   1  5    2 18    3 11    4 24    5 85    6 67    7 24    8 84    9 75   10 42 
   1 24    2 37    3 72    4 19    5 31    6 17    7 26    8 23    9 77   10 33 
   1 52    2 70    3 46    4 63    5 11    6 59    7 46    8 73    9 71   10 67 
   1 39    2 22    3 20    4 72    5 95    6 30    7 40    8 25    9 83   10  7 
   1 14    2 87    3 38    4 17    5 58    6 73    7 86    8 87    9 63   10 64 
   1 65    2 67    3 57    4 46    5 57    6 34    7 40    8  2    9 52   10  7 
   1 99    2 15    3  5    4 66    5 28    6 27    7  8    8 15    9 66   10 60 

