ta047
50 10
   1 29    2 39    3 19    4 98    5 20    6 58    7 59    8 59    9 76   10 77 
   1 28    2 38    3  6    4 38    5 79    6 44    7 66    8 60    9 72   10 34 
   1 63    2 12    3 72    4 80    5 35    6 53    7 35    8 72    9 23   10 66 
   1 73    2 83    3 73    4 84    5 67    6 11    7 61    8 54    9 74   10  3 
   1 99    2 98    3 43    4 28    5 65    6 92    7 70    8 97    9 99   10 52 
   1 55    2 31    3  3    4 15    5 20    6 50    7 17    8 71    9 74   10  3 
   1 79    2 37    3 47    4 46    5 30    6 37    7 98    8 43    9 71   10 51 
   1 82    2 48    3 34    4 67    5 23    6 57    7 40    8 92    9 27   10 89 
   1  2    2 59    3 28    4 78    5 85    6 14    7 46    8 71    9 81   10 78 
   1 45    2 28    3 32    4 39    5 55    6 64    7 88    8 53    9 75   10 62 
   1 45    2 91    3  7    4 85    5 32    6 63    7 93    8 28    9 47   10 40 
   1 41    2 88    3 29    4 93    5 45    6 16    7 11    8 97    9 90   10  8 
   1 26    2 51    3 89    4 22    5 94    6  9    7 33    8 55    9 17   10 32 
   1 87    2 62    3 84    4 22    5 84    6 97    7 65    8 91    9 59   10 37 
   1 52    2 99    3 33    4 36    5 48    6 86    7 15    8 33    9 91   10 14 
   1 10    2 43    3 95    4 67    5 56    6 87    7 67    8 12    9 27   10 80 
   1 42    2  7    3 64    4  7    5 46    6 77    7 41    8 12    9 69   10 10 
   1 72    2 10    3  9    4 83    5 90    6 20    7  1    8 36    9 29   10 43 
   1 59    2 77    3 44    4 78    5 73    6 60    7 90    8 73    9 79   10 87 
   1 45    2 35    3 23    4 68    5  2    6 83    7  8    8 78    9 95   10 27 
   1 54    2 28    3 45    4 75    5  8    6 72    7 16    8  7    9 20   10 85 
   1 71    2 98    3 68    4  7    5 62    6 29    7 12    8  3    9 88   10 36 
   1 44    2 17    3 88    4 65    5 49    6  3    7 86    8  4    9 54   10 11 
   1 49    2 75    3 96    4 23    5 86    6 27    7 71    8 87    9 46   10 27 
   1 78    2 82    3 56    4 32    5 97    6 33    7 53    8 84    9 46   10  9 
   1  7    2 89    3 43    4 13    5 34    6  3    7 13    8 16    9 82   10 16 
   1 57    2 48    3 11    4 38    5  2    6 41    7 32    8 12    9 50   10 57 
   1 10    2 60    3 95    4 51    5 19    6 61    7 64    8 84    9 10   10 87 
   1 63    2 26    3 94    4 79    5 66    6 63    7 53    8  2    9 53   10 58 
   1 73    2 52    3 99    4 50    5 23    6 52    7 51    8 34    9 69   10 25 
   1 91    2 65    3 56    4 25    5  1    6 69    7 58    8  9    9 25   10 52 
   1 22    2 10    3  3    4 83    5 26    6 97    7 95    8 98    9  2   10 92 
   1 63    2 27    3  2    4  6    5 47    6 45    7  6    8 83    9 29   10 67 
   1 98    2 25    3 23    4 16    5 10    6  4    7 93    8 98    9 51   10  1 
   1 92    2  6    3 75    4 36    5 75    6 72    7 47    8 70    9 12   10 69 
   1 91    2 96    3 17    4 16    5 39    6 19    7 22    8  3    9 65   10 37 
   1 28    2 16    3 46    4 43    5 18    6 66    7 83    8 76    9 85   10 93 
   1 86    2 57    3 83    4 66    5 57    6 35    7  4    8 16    9 48   10 20 
   1 76    2 98    3 98    4 79    5 95    6 43    7 17    8 49    9 73   10 21 
   1 36    2 38    3 30    4 40    5 70    6 72    7 17    8 27    9  1   10 53 
   1 29    2 66    3 23    4  8    5 11    6 28    7 86    8 20    9  4   10 37 
   1  5    2 91    3 77    4 71    5 42    6 46    7 16    8 24    9 46   10 98 
   1 77    2 70    3 12    4 77    5  9    6 73    7 59    8 61    9 80   10 68 
   1 81    2 83    3 12    4 31    5 61    6 12    7 43    8 48    9 72   10 74 
   1 73    2 49    3 15    4 83    5 81    6 74    7  1    8 49    9 96   10  7 
   1 65    2  7    3 70    4 31    5 75    6 41    7 18    8 34    9 47   10 64 
   1 72    2 54    3 78    4 76    5 94    6 59    7 87    8 97    9 22   10 24 
   1 61    2 25    3 13    4  9    5 31    6 42    7 27    8 92    9  9   10 85 
   1 32    2  6    3 22    4 45    5 48    6 47    7 94    8 62    9 90   10 31 
   1 61    2 87    3 90    4 76    5 88    6 23    7 57    8 81    9 58   10 51 

