ta048
50 10
   1 56    2 13    3 24    4 36    5 39    6 26    7 67    8 73    9 53   10 97 
   1 78    2 78    3 79    4 31    5 33    6 37    7 44    8 48    9 81   10 80 
   1 92    2  8    3 83    4 87    5  9    6 18    7 73    8 89    9 50   10 16 
   1 66    2 69    3 40    4 52    5 67    6 42    7 89    8 44    9  4   10 40 
   1 30    2 42    3 97    4 20    5 41    6 47    7 53    8 56    9 36   10 45 
   1 26    2 11    3 36    4 86    5 61    6 26    7 57    8 87    9 76   10 64 
   1 16    2 70    3 61    4 70    5 17    6 30    7 60    8 89    9 10   10 36 
   1 48    2 21    3 48    4 78    5 76    6 62    7 52    8 72    9  8   10 44 
   1 30    2 53    3 24    4 99    5 31    6 41    7 42    8 67    9 17   10 98 
   1 97    2 88    3 71    4 76    5 39    6 59    7 80    8 65    9 28   10 82 
   1 54    2  2    3 75    4 56    5 25    6 14    7 42    8 97    9  3   10 66 
   1 62    2 69    3  2    4 71    5  9    6 96    7 45    8 45    9 80   10 69 
   1 23    2 37    3 26    4 45    5 69    6 31    7 37    8  2    9 14   10 44 
   1 43    2 78    3 13    4 10    5 75    6 19    7 73    8 68    9  6   10 55 
   1 21    2 69    3 68    4 34    5 42    6 22    7 44    8 39    9 32   10 68 
   1 98    2 97    3 32    4 81    5 53    6 80    7 73    8  6    9 20   10 84 
   1 19    2 53    3 58    4 77    5 26    6 57    7  5    8 24    9 17   10 77 
   1 17    2 51    3 84    4 92    5 29    6 88    7 78    8 88    9 67   10 77 
   1 80    2 31    3 19    4 34    5 15    6 73    7 89    8 96    9 67   10 28 
   1 56    2 76    3 10    4 35    5 41    6 94    7 20    8 17    9 52   10 45 
   1 32    2  3    3  6    4  5    5 32    6 49    7 94    8 11    9 39   10  9 
   1 86    2 20    3 79    4 28    5 24    6  7    7 82    8 67    9 93   10 23 
   1 85    2 32    3 69    4 73    5 63    6 33    7 42    8 81    9 46   10 23 
   1 88    2 29    3 37    4 65    5 23    6 56    7 31    8 99    9 76   10 28 
   1 77    2 36    3 13    4 71    5 95    6 81    7  1    8 22    9 78   10 19 
   1 15    2 34    3 35    4 47    5 88    6 38    7  9    8 26    9 87   10 91 
   1 48    2 89    3 97    4 98    5 40    6 13    7  5    8  1    9 16   10 75 
   1 11    2 43    3 45    4  7    5 25    6 14    7 51    8 23    9 19   10  6 
   1 33    2 48    3 72    4 42    5 12    6 62    7 21    8 41    9 82   10 60 
   1 72    2 68    3 80    4 71    5 12    6 58    7 31    8 38    9 80   10 12 
   1 69    2 52    3 24    4 54    5  9    6  5    7 54    8 36    9 28   10 61 
   1 74    2 39    3 30    4  7    5 69    6  9    7  1    8 50    9 97   10 35 
   1 48    2 12    3 89    4 90    5 28    6 91    7  3    8 59    9 60   10 81 
   1 50    2 50    3 72    4 14    5 78    6 16    7  4    8 92    9  8   10 51 
   1 41    2 48    3 85    4 15    5  1    6 38    7 58    8 55    9 40   10 94 
   1 88    2 50    3 17    4 63    5 23    6  7    7 30    8 78    9 44   10 57 
   1 50    2 73    3 35    4 19    5 79    6 94    7 10    8 77    9 72   10 65 
   1 13    2 99    3 13    4 90    5 25    6 43    7 55    8 25    9 97   10  5 
   1 74    2 10    3 80    4 72    5 15    6 66    7  6    8 25    9 10   10 26 
   1 16    2 89    3 50    4 66    5 18    6 94    7 23    8 20    9  4   10 34 
   1 91    2 13    3  4    4 58    5  3    6 54    7 29    8 87    9 15   10 61 
   1 40    2 85    3 60    4 60    5 80    6 12    7 63    8 32    9 95   10 63 
   1 59    2 50    3 55    4 66    5 41    6 34    7 71    8 12    9  4   10 72 
   1 28    2 52    3 82    4 11    5 15    6 80    7 91    8 52    9 63   10 14 
   1 61    2 39    3  5    4 83    5 94    6  6    7 94    8 33    9 68   10 43 
   1 34    2 60    3 93    4  9    5 96    6 72    7 68    8 90    9 28   10  3 
   1  7    2 89    3 38    4 85    5  6    6 40    7 46    8 81    9 50   10 94 
   1 22    2 91    3 75    4 68    5 52    6 38    7 12    8 40    9 31   10 54 
   1 63    2 76    3 40    4 79    5 59    6 36    7 89    8 67    9 38   10 13 
   1 69    2 28    3 46    4 94    5 51    6 86    7 50    8 84    9 65   10 89 

