ta041
50 10
   1 46    2 61    3  3    4 51    5 37    6 79    7 83    8 22    9 27   10 24 
   1 52    2 87    3  1    4 24    5 16    6 93    7 87    8 29    9 92   10 47 
   1 79    2 51    3 58    4 21    5 42    6 68    7 38    8 99    9 75   10 39 
   1 45    2 25    3 85    4 57    5 47    6 75    7 38    8 25    9 94   10 66 
   1 97    2 73    3 33    4 69    5 94    6 37    7 86    8 98    9 18   10 41 
   1 10    2 93    3 71    4 51    5 14    6 44    7 67    8 55    9 41   10 46 
   1 44    2 28    3 58    4 50    5 94    6 34    7 23    8 80    9 37   10 24 
   1 24    2 90    3 56    4 51    5 34    6 39    7 19    8 82    9 58   10 23 
   1 85    2 94    3 64    4 21    5 72    6 76    7 97    8 33    9 56   10 68 
   1 75    2 59    3 43    4 19    5 36    6 62    7 78    8 68    9 20   10 50 
   1 66    2 64    3 48    4 63    5 88    6 74    7 66    8 47    9  2   10 93 
   1 49    2  2    3 69    4 91    5 51    6 28    7 67    8 74    9 39   10 22 
   1 95    2 16    3 96    4 11    5 41    6 78    7  7    8 26    9 91   10 64 
   1 61    2 35    3 35    4  6    5 71    6 43    7 23    8 61    9 81   10 81 
   1 19    2 53    3 82    4 31    5 94    6 98    7 67    8 95    9 33   10 94 
   1 47    2 40    3 53    4 63    5 99    6 83    7  8    8 55    9 14   10 97 
   1 84    2 81    3 64    4 36    5 11    6 91    7 77    8 11    9 88   10 54 
   1 13    2 26    3 11    4 39    5 97    6 27    7 71    8 42    9 22   10 82 
   1 11    2 85    3 61    4 57    5 44    6  6    7 85    8 72    9 36   10 11 
   1 19    2  4    3 36    4 47    5 77    6 82    7 29    8 14    9 65   10 91 
   1 98    2  4    3 53    4 56    5 69    6 60    7 49    8  8    9 79   10 23 
   1  2    2 10    3 87    4 65    5 91    6 44    7  3    8 98    9 23   10 32 
   1 85    2 63    3 88    4 59    5 38    6 43    7 94    8 90    9 66   10 26 
   1 44    2 96    3 10    4  4    5 25    6 76    7 76    8 36    9  5   10 22 
   1  7    2 55    3 32    4 10    5 87    6 99    7 95    8 75    9 15   10 12 
   1 73    2 71    3 38    4 12    5  7    6 66    7 48    8 69    9 51   10 23 
   1 19    2 66    3 25    4 62    5 66    6 11    7  4    8 26    9  2   10 34 
   1 69    2 94    3 24    4 43    5 54    6 35    7 37    8 24    9 81   10 87 
   1 12    2  7    3 90    4 49    5 86    6 52    7 82    8 55    9 12   10 59 
   1 73    2 15    3  7    4 54    5 49    6  8    7 57    8 98    9 40   10  2 
   1 85    2 11    3 11    4 87    5  3    6 40    7 61    8 86    9 59   10 38 
   1 23    2 99    3 49    4 29    5 48    6 62    7  6    8 30    9 32   10 84 
   1 53    2 37    3  2    4  2    5 44    6 25    7 97    8 92    9 16   10 62 
   1 16    2 50    3 76    4 18    5 93    6 24    7  5    8 94    9 87   10 10 
   1 88    2 56    3 17    4 75    5 37    6 30    7 27    8 66    9 78   10 11 
   1  8    2 69    3 32    4 39    5 82    6  1    7 95    8 47    9 41   10 93 
   1 26    2 22    3 39    4 77    5 31    6 73    7 46    8  3    9 43   10 57 
   1 42    2 56    3  9    4 69    5 59    6 27    7 92    8 41    9 94   10 81 
   1 58    2 67    3 83    4 15    5 78    6 16    7 46    8 41    9  1   10 10 
   1 63    2 63    3 69    4 78    5 33    6 91    7 52    8 47    9 93   10 40 
   1  7    2 96    3 67    4 68    5 36    6 33    7  8    8 89    9 22   10 62 
   1  2    2 74    3 28    4 37    5  3    6 11    7 11    8 28    9 93   10 49 
   1 44    2  4    3 88    4 22    5 58    6 99    7  7    8 39    9 62   10 90 
   1 38    2 42    3 23    4 41    5 10    6  2    7 54    8 80    9 53   10 34 
   1 24    2 40    3 91    4 92    5 98    6 60    7 72    8 47    9 30   10 11 
   1 76    2 30    3 71    4 67    5  6    6 90    7 57    8 57    9 34   10 81 
   1 85    2 93    3  3    4 24    5 44    6 36    7 85    8 74    9 27   10 51 
   1 61    2 36    3 26    4 87    5 62    6 62    7 22    8 38    9 30   10 21 
   1 32    2 25    3 41    4 91    5 24    6 15    7 87    8 59    9 54   10 39 
   1 90    2 87    3 96    4 31    5 94    6  3    7 65    8  5    9 77   10 27 

