ta053
50 20
   1 66    2 55    3 65    4 57    5 58    6 38    7  5    8 26    9 66   10 93   11 39   12 42   13 40   14  7   15 50   16 27   17 64   18 20   19 79   20 28 
   1 46    2 63    3 35    4 72    5 66    6 23    7 13    8 40    9 41   10 95   11 12   12 79   13 62   14 34   15  4   16 60   17 44   18 65   19 18   20 91 
   1 25    2 71    3 49    4 48    5  5    6 13    7 36    8 84    9 74   10 48   11 45   12 25   13  8   14 69   15 20   16 79   17 58   18 50   19 99   20 32 
   1 30    2 21    3  2    4  6    5 69    6  1    7 54    8 84    9 62   10 71   11 34   12 18   13 13   14 18   15 19   16 50   17  7   18 76   19 75   20 56 
   1 17    2 74    3 95    4 10    5 38    6 10    7 76    8 74    9 70   10 30   11 11   12 75   13 87   14 98   15 58   16 15   17 69   18 75   19 47   20 70 
   1 40    2 65    3 14    4 98    5 93    6 76    7 40    8 39    9 30   10 22   11 71   12 45   13 40   14  8   15 22   16 65   17 12   18  7   19 96   20 51 
   1 17    2 52    3 67    4 55    5 59    6 49    7 67    8 65    9 66   10  3   11 53   12 54   13 27   14 58   15 56   16 80   17  5   18 82   19  6   20  9 
   1 20    2 91    3  8    4 71    5 56    6  2    7 31    8 15    9 11   10 22   11 28   12 19   13 44   14 86   15 92   16 67   17 69   18 49   19 22   20 94 
   1 73    2 12    3 62    4 19    5 26    6 81    7 35    8 71    9 51   10 82   11 93   12 80   13 41   14 77   15 59   16 70   17 46   18  3   19  3   20 63 
   1  5    2 22    3 25    4 28    5 96    6 43    7 48    8 92    9 43   10 35   11 61   12 15   13 70   14 50   15 34   16 94   17 23   18 56   19 29   20 33 
   1 60    2 12    3  2    4 31    5 60    6 51    7 85    8 44    9 32   10 56   11 61   12 22   13 10   14 50   15 17   16 61   17 95   18 38   19 12   20 89 
   1  3    2 26    3 40    4 79    5 18    6 71    7 41    8 27    9 23   10 14   11 78   12 56   13 94   14 82   15 39   16 55   17 24   18 85   19 53   20  6 
   1 91    2 97    3 68    4 69    5 74    6 29    7 82    8 93    9 20   10 88   11 13   12 63   13 25   14 16   15 59   16  2   17 58   18 29   19 42   20 41 
   1 34    2 30    3 75    4 11    5 93    6 44    7 95    8  2    9  1   10 41   11 49   12 56   13 10   14 17   15  7   16 55   17 88   18 26   19 61   20 22 
   1 81    2 30    3 72    4  4    5 12    6 26    7 15    8 55    9 54   10  4   11 15   12 79   13 36   14 68   15 59   16 78   17 46   18 23   19 49   20 68 
   1 58    2 12    3  5    4 12    5 56    6 27    7 24    8 44    9 55   10 52   11 31   12 82   13 87   14 65   15  2   16 27   17 65   18 28   19 56   20 83 
   1 48    2 94    3  5    4 71    5 36    6 27    7 77    8 55    9 65   10 17   11 93   12 92   13 37   14 92   15 70   16 13   17 31   18 19   19  9   20 79 
   1 71    2 46    3 10    4 62    5 71    6 56    7  6    8 23    9 22   10 95   11 83   12 19   13 86   14 37   15 72   16 20   17 84   18 10   19  6   20 69 
   1 57    2 20    3 33    4  2    5 38    6 21    7 79    8 25    9 99   10 15   11 20   12 45   13 76   14 47   15 90   16 38   17  4   18 72   19 54   20 44 
   1  5    2 73    3 56    4 95    5 96    6 76    7 36    8  1    9 97   10 85   11  1   12 32   13 70   14 70   15 56   16 75   17 73   18 33   19 57   20 64 
   1  8    2 58    3 89    4 35    5 84    6 88    7 18    8 51    9 21   10 12   11 13   12 11   13 17   14 66   15 26   16 23   17 43   18 21   19 16   20 77 
   1 19    2 10    3 54    4 82    5 84    6  9    7 21    8 12    9 63   10 11   11 36   12 59   13 92   14 30   15 50   16 61   17 97   18 79   19 95   20 46 
   1 78    2 77    3 31    4 57    5 65    6 33    7 34    8 47    9 45   10 24   11  6   12 22   13 90   14  7   15  4   16 37   17 49   18 55   19 26   20 76 
   1  2    2 27    3  1    4  7    5 17    6  6    7 42    8 98    9 70   10 71   11 22   12 14   13 58   14 37   15  8   16 43   17  2   18 69   19 25   20 64 
   1  1    2 33    3 61    4 24    5 78    6 40    7 74    8 41    9 41   10 46   11 44   12 88   13 19   14  5   15 60   16 69   17 54   18 38   19 71   20 25 
   1 78    2 53    3 25    4 62    5 45    6 64    7 46    8 18    9  6   10 59   11 65   12 82   13 97   14 52   15 60   16  2   17 12   18 15   19 50   20 55 
   1  8    2 23    3 11    4 70    5 83    6  5    7  1    8 44    9 70   10 16   11 87   12 82   13 80   14 86   15 80   16 44   17 31   18 58   19 38   20 30 
   1 14    2  2    3  7    4 89    5 53    6  5    7 88    8 72    9 33   10 33   11 50   12 71   13 28   14 36   15 38   16 25   17 52   18 36   19 15   20 89 
   1 46    2 65    3 88    4 87    5 60    6  7    7 29    8 88    9 97   10 53   11 96   12  8   13 67   14 29   15 51   16 12   17 29   18 11   19 85   20 96 
   1 98    2 35    3 65    4 21    5 60    6  5    7 95    8 60    9 32   10 22   11 51   12 13   13 59   14  4   15 25   16 31   17 98   18 98   19 20   20 71 
   1 50    2  7    3 74    4 54    5  9    6 76    7 67    8 29    9 28   10 49   11 48   12 53   13  9   14 99   15 97   16  1   17 46   18  2   19 25   20 69 
   1 88    2 54    3 16    4 16    5  7    6 63    7 41    8 99    9 54   10 44   11 89   12 71   13 92   14 53   15 73   16 54   17 83   18 74   19 67   20 88 
   1 28    2 43    3 87    4 72    5 51    6 35    7 98    8  2    9 63   10 76   11 69   12 98   13  7   14 52   15 46   16 94   17 78   18 16   19  7   20 24 
   1 66    2 87    3 57    4 31    5 85    6 94    7 31    8 17    9 16   10 88   11 83   12 99   13 19   14  9   15 82   16 63   17 52   18 21   19 12   20 41 
   1 43    2 56    3 89    4 24    5 66    6 65    7 25    8 79    9 12   10 45   11 22   12 54   13 82   14  8   15 92   16 91   17 63   18 10   19 50   20 53 
   1 23    2  4    3 85    4 94    5  6    6 25    7 70    8  6    9  2   10 52   11 26   12 20   13 60   14 50   15 42   16 27   17 66   18 98   19  8   20  8 
   1 93    2 29    3 46    4 18    5  3    6  6    7 62    8 29    9 50   10 31   11 29   12 62   13 60   14 62   15 65   16 55   17 45   18 74   19 82   20 58 
   1 52    2 35    3 54    4 83    5 93    6 87    7 45    8 89    9 48   10 66   11 67   12 18   13 58   14 14   15 12   16 74   17 49   18 84   19  5   20 19 
   1  1    2 37    3 23    4 36    5 88    6 60    7 59    8  4    9 34   10 17   11 70   12 81   13 74   14 21   15 34   16 77   17 21   18 55   19  9   20 50 
   1 77    2 53    3 23    4 73    5 40    6 33    7 68    8 70    9 75   10 68   11 59   12 60   13 70   14 88   15 23   16 77   17 13   18 19   19 41   20 21 
   1 54    2 10    3 96    4 67    5 85    6 67    7 22    8 10    9 45   10 99   11 34   12  1   13 72   14  7   15 99   16 81   17  9   18 20   19 85   20 43 
   1 45    2 90    3 79    4 74    5 92    6 81    7 81    8 79    9  2   10 78   11 18   12 93   13 33   14 85   15 48   16 29   17 87   18 37   19 77   20 18 
   1 56    2 95    3 70    4 75    5 15    6 93    7 44    8 64    9 39   10 87   11  4   12  8   13 71   14 62   15 41   16 91   17  3   18 90   19 74   20 74 
   1 54    2 85    3 33    4 93    5 51    6 98    7 80    8 92    9  4   10 45   11 65   12 92   13 68   14 10   15 40   16 20   17 15   18 76   19 17   20 50 
   1 57    2  2    3 50    4 16    5 55    6  9    7 88    8 42    9 46   10 78   11 58   12 60   13 94   14 61   15 76   16 99   17 55   18 10   19 38   20 20 
   1 23    2 36    3 18    4 74    5 19    6 94    7 25    8 79    9 11   10 51   11 35   12 87   13 82   14 92   15 89   16 27   17  5   18 81   19 42   20 81 
   1 18    2 85    3 65    4 70    5 58    6 49    7 93    8 56    9 66   10 87   11 86   12 11   13 46   14 47   15 42   16 30   17  8   18 27   19 20   20 98 
   1 88    2  5    3 87    4 16    5 84    6 27    7 61    8 94    9 59   10  4   11 34   12 24   13 78   14 77   15 90   16 85   17 94   18 52   19 68   20 92 
   1 38    2  3    3 18    4 81    5  4    6 62    7  1    8 26    9 28   10 45   11 49   12 11   13 37   14 37   15 61   16  5   17 60   18 21   19 93   20 21 
   1 72    2 45    3 15    4 93    5 23    6 90    7 97    8 93    9 74   10  9   11 88   12 98   13 69   14 96   15 25   16  4   17 18   18  1   19 15   20 83 

