ta056
50 20
   1  1    2 92    3 95    4 70    5 17    6 78    7  6    8 31    9 24   10 79   11  3   12 59   13 53   14 86   15 71   16 77   17 55   18 69   19 20   20 38 
   1 96    2 74    3 75    4 18    5 74    6 27    7 73    8 38    9 83   10 28   11 65   12 42   13  7   14 28   15 54   16 33   17 56   18 34   19 35   20 32 
   1 21    2 20    3 24    4 19    5 87    6 15    7 64    8 36    9 59   10 43   11 73   12 18   13 27   14 67   15 48   16 22   17 21   18  9   19 25   20 13 
   1 57    2 70    3  3    4 76    5 39    6 55    7 30    8 35    9 58   10 20   11 81   12 51   13 44   14 29   15 16   16 77   17 77   18  7   19 81   20 10 
   1  7    2 43    3 83    4  7    5 14    6 28    7 30    8 52    9 60   10 16   11 38   12 95   13 36   14 53   15 22   16 90   17 83   18 43   19 19   20 23 
   1 34    2  6    3 67    4 34    5 28    6 28    7 99    8 13    9 15   10  9   11 71   12 82   13 21   14 24   15 14   16 23   17 43   18 62   19  4   20 28 
   1 72    2 77    3 88    4 66    5 12    6 26    7 61    8 78    9 15   10 80   11  3   12 96   13 53   14 95   15 39   16 10   17 11   18 29   19 42   20 42 
   1 12    2 25    3 75    4 72    5 49    6 98    7 26    8 31    9 27   10 36   11 40   12 45   13 38   14 66   15 99   16 44   17 64   18 70   19 58   20 68 
   1 80    2 68    3 28    4 16    5 88    6 98    7 38    8  8    9 47   10 14   11  6   12 25   13 37   14 32   15 68   16  1   17 59   18 28   19 18   20 78 
   1 99    2 83    3 65    4 95    5 91    6 77    7 46    8 62    9 25   10 86   11 98   12 80   13 90   14 66   15 32   16 53   17 37   18 62   19 19   20 39 
   1 28    2 28    3 54    4 80    5 53    6 79    7 76    8 36    9 43   10 70   11  4   12 42   13 34   14 61   15 20   16 58   17 96   18 34   19 73   20 76 
   1 80    2 13    3 65    4 10    5 40    6 12    7 65    8 98    9 11   10 87   11 23   12 66   13  1   14 18   15  7   16 40   17 27   18 67   19 14   20  4 
   1 30    2 74    3 34    4 63    5  1    6 96    7 51    8  7    9 20   10 77   11 23   12 41   13 83   14 99   15 26   16 48   17  9   18 16   19 44   20 45 
   1 15    2 18    3 17    4 14    5 55    6 78    7 39    8  3    9 36   10 44   11  2   12  1   13 64   14 48   15  2   16 94   17 63   18 83   19 13   20 25 
   1 95    2 71    3 51    4 89    5 39    6 29    7 23    8  5    9  3   10 52   11 66   12 14   13 69   14 31   15 58   16 20   17 82   18 64   19 11   20 23 
   1 19    2 11    3 98    4 65    5 35    6 28    7 71    8 82    9 42   10 86   11 67   12 66   13 30   14 66   15 92   16 34   17 31   18 32   19 55   20 77 
   1 12    2 17    3 94    4 43    5 99    6 14    7 63    8 41    9 51   10 12   11  8   12 89   13 18   14 15   15 86   16 16   17 27   18 43   19 91   20  3 
   1 59    2 27    3 22    4 44    5 17    6 52    7 94    8  2    9 11   10 49   11 76   12 35   13 74   14 93   15 45   16 99   17 67   18 67   19 51   20 20 
   1 66    2 89    3 57    4 28    5 69    6 27    7 62    8 63    9 86   10 68   11 58   12  2   13  9   14 64   15 19   16 27   17 82   18 37   19 42   20 49 
   1 51    2 14    3 37    4 39    5 67    6 51    7 87    8 56    9 55   10 56   11 82   12 63   13 70   14 77   15 90   16 80   17 65   18 79   19 47   20 35 
   1  6    2 13    3 90    4 59    5 13    6 46    7 43    8 85    9 20   10 59   11 63   12 80   13 41   14 67   15 54   16 24   17 74   18 31   19 94   20 29 
   1 36    2 40    3 38    4 91    5 98    6 98    7 45    8 85    9  3   10 87   11 18   12 34   13  5   14 74   15 51   16 19   17 41   18 41   19 43   20 59 
   1 74    2 97    3 20    4 70    5 79    6 97    7 46    8 25    9 64   10 82   11 17   12 45   13 70   14 90   15 88   16 34   17 10   18  3   19 68   20 14 
   1 53    2 70    3 85    4 24    5 20    6 38    7  9    8 98    9 19   10  5   11  5   12 42   13  5   14 44   15 72   16  6   17 36   18 11   19 77   20 94 
   1 25    2 96    3 49    4 96    5 57    6 78    7 10    8 58    9 49   10 23   11 75   12 81   13  4   14 51   15 44   16 65   17 69   18 71   19 42   20 11 
   1 68    2 13    3 37    4  1    5 68    6 89    7 42    8 16    9 70   10  6   11 52   12 27   13 65   14 17   15 85   16 11   17  1   18 21   19 75   20 17 
   1 37    2 66    3 29    4 92    5 17    6 67    7 43    8 99    9 28   10 15   11 95   12 15   13 53   14 50   15 20   16 14   17 21   18 26   19 17   20 80 
   1 42    2 77    3 84    4 79    5 27    6 91    7 46    8 61    9 53   10 42   11 55   12 42   13 17   14 80   15  5   16 97   17 72   18 98   19 85   20 70 
   1 68    2  2    3 93    4 57    5 25    6 51    7  7    8 21    9 96   10 63   11 62   12 80   13  6   14 44   15 10   16 14   17 37   18 39   19 54   20 20 
   1 74    2 41    3 99    4 88    5 36    6 62    7 15    8 26    9 52   10 66   11 84   12 11   13 98   14 63   15 98   16 77   17 54   18 73   19 83   20 25 
   1 93    2 69    3 44    4 60    5 67    6 79    7 32    8 67    9 44   10 59   11  5   12  4   13 84   14 19   15 44   16 58   17 88   18 59   19 30   20 12 
   1 39    2 34    3 39    4 70    5 73    6 93    7 80    8 96    9 24   10 98   11 33   12 84   13 39   14 24   15  6   16 86   17 65   18 33   19 52   20 78 
   1 75    2 10    3 18    4 38    5 34    6 25    7  4    8 70    9 40   10 67   11 72   12 25   13  3   14 24   15 44   16 72   17 97   18 71   19 89   20 58 
   1 54    2 91    3 40    4 94    5 47    6 61    7 73    8 89    9 66   10 73   11 52   12 45   13  9   14 35   15 12   16 20   17 71   18 49   19 54   20 13 
   1 10    2 98    3 24    4 94    5 65    6 59    7 42    8  5    9  2   10 94   11  8   12 42   13 50   14 79   15 55   16 22   17 13   18 22   19 74   20 22 
   1 60    2 60    3 98    4 30    5 79    6 20    7 98    8 45    9 89   10 27   11 74   12 61   13 58   14 62   15 14   16  2   17 90   18  6   19 86   20 53 
   1 15    2  3    3 61    4 50    5 31    6 92    7 24    8 38    9 70   10 56   11 70   12  4   13 87   14 11   15 66   16 28   17 88   18 68   19 27   20 92 
   1 75    2 86    3 72    4 17    5 54    6  1    7 25    8 79    9 69   10 96   11  5   12 34   13 54   14 59   15 28   16 16   17 39   18 14   19 22   20  7 
   1 71    2 55    3 21    4 43    5 56    6 35    7 13    8 73    9  3   10 81   11 38   12 54   13 41   14 14   15 80   16 54   17 46   18 36   19 24   20 62 
   1 22    2 95    3 76    4 28    5 33    6 97    7 38    8 99    9 77   10 92   11  7   12 46   13 87   14 89   15 64   16 19   17 89   18 17   19 11   20 94 
   1 10    2 73    3 87    4 33    5 66    6 79    7  3    8 33    9 96   10 68   11 86   12 80   13  9   14 16   15 13   16 77   17 99   18 30   19 12   20  8 
   1 65    2 65    3 32    4 48    5 30    6 37    7 69    8  1    9 40   10 92   11 41   12  1   13 49   14 96   15 73   16  7   17 82   18 83   19  8   20 81 
   1 39    2 24    3  8    4 48    5 89    6 72    7 38    8 84    9 66   10 77   11 99   12 94   13 93   14 72   15 44   16 27   17 14   18 94   19 15   20  5 
   1 99    2 22    3 17    4 81    5 45    6 76    7 61    8 79    9 75   10 94   11 98   12  8   13 70   14 95   15 11   16 19   17 14   18 53   19 21   20 24 
   1 77    2  5    3 54    4 50    5 44    6 89    7  8    8 44    9 81   10 93   11  2   12 56   13  4   14 92   15 89   16 80   17 63   18 30   19 75   20 98 
   1 39    2 67    3 43    4 86    5 91    6  7    7 54    8 39    9 52   10 28   11 51   12 52   13 13   14 34   15 78   16 80   17 67   18 74   19 84   20 85 
   1 50    2 39    3  3    4 23    5 18    6 79    7 90    8 16    9 78   10 75   11 13   12 13   13 60   14 64   15  6   16 40   17 16   18 24   19 29   20 75 
   1 14    2 58    3 65    4 95    5 67    6 85    7  3    8 50    9 86   10 74   11 96   12 39   13 41   14 83   15 10   16 49   17 46   18 47   19 15   20 57 
   1 75    2  4    3 33    4  3    5 94    6 40    7  5    8 39    9 44   10 34   11 78   12 62   13 48   14 66   15 44   16 46   17 28   18 76   19 26   20 37 
   1 28    2 30    3 36    4 80    5 41    6 24    7 25    8 55    9 85   10 80   11 49   12 84   13 75   14  6   15 28   16 85   17 91   18 28   19 83   20 96 

