ta070
100 5
   1 88    2 43    3  2    4 95    5 20 
   1 11    2  9    3 10    4 10    5  5 
   1 99    2 81    3 40    4 84    5 96 
   1 20    2 83    3 22    4 34    5 32 
   1 63    2 90    3 98    4 26    5 33 
   1 67    2 44    3 85    4 76    5 79 
   1 79    2 60    3 11    4 32    5 35 
   1 91    2 70    3 94    4 50    5  4 
   1 13    2 85    3 49    4 44    5 22 
   1 77    2 11    3 57    4 36    5 13 
   1 13    2 88    3 47    4 18    5 64 
   1 52    2 44    3 65    4 25    5  9 
   1 84    2 97    3 22    4 28    5 55 
   1 73    2 96    3 21    4 81    5 92 
   1 61    2 28    3 18    4 57    5 85 
   1 27    2 93    3 72    4 48    5 20 
   1 67    2 28    3 72    4 79    5 86 
   1  5    2 95    3 25    4 14    5 57 
   1  3    2 94    3 41    4 88    5 49 
   1 13    2  6    3 31    4  8    5 61 
   1 89    2 52    3 82    4 85    5 50 
   1 58    2 23    3 91    4 69    5 26 
   1 55    2 33    3 57    4 60    5 16 
   1  1    2  2    3 89    4 74    5 87 
   1 79    2 60    3 51    4 66    5 32 
   1 74    2 42    3  5    4  7    5 49 
   1 14    2 59    3  4    4 24    5 27 
   1 71    2 45    3 30    4 92    5  9 
   1 13    2  5    3 26    4 57    5 92 
   1 60    2 76    3 78    4 85    5 93 
   1  1    2 45    3 53    4 54    5 43 
   1 55    2 26    3 43    4 33    5 62 
   1 75    2 44    3 58    4 86    5 19 
   1 88    2 47    3 92    4 61    5 27 
   1 78    2 11    3 80    4 16    5  2 
   1 80    2 81    3 64    4 33    5 82 
   1 15    2 82    3  6    4 14    5 61 
   1 93    2 68    3 70    4  5    5 10 
   1 98    2  6    3 94    4 85    5 43 
   1 40    2 87    3 34    4 83    5 94 
   1 27    2 20    3 98    4 94    5 59 
   1 65    2 32    3 28    4 46    5 56 
   1 65    2 35    3 64    4 67    5 82 
   1 70    2  7    3 62    4 74    5 17 
   1 63    2 61    3 43    4 81    5 42 
   1 54    2  4    3 47    4 10    5 34 
   1 42    2 71    3  6    4  9    5 29 
   1 82    2 70    3 11    4 75    5 80 
   1 94    2 11    3 43    4 70    5 32 
   1  4    2 49    3 22    4 92    5 14 
   1 34    2 54    3 41    4 25    5 49 
   1 91    2 63    3 83    4 97    5 53 
   1 50    2 91    3 43    4 45    5 43 
   1 50    2 79    3 48    4 23    5 31 
   1 11    2  5    3 65    4 84    5 22 
   1  3    2 81    3 85    4 20    5 97 
   1 38    2 99    3 15    4 26    5 91 
   1 50    2  4    3 86    4 54    5 10 
   1 90    2 10    3 90    4 82    5 95 
   1 97    2 19    3 59    4 20    5 72 
   1 79    2 24    3 81    4 55    5 10 
   1 45    2 15    3 17    4  2    5 36 
   1 20    2 66    3 83    4 62    5 87 
   1 22    2 48    3 61    4 93    5 76 
   1 51    2 96    3  2    4  5    5 10 
   1 83    2  4    3 83    4 14    5 70 
   1 60    2 82    3 37    4 65    5 12 
   1 50    2 74    3 57    4 16    5 11 
   1  3    2 21    3 85    4 27    5 81 
   1  1    2 69    3  4    4 34    5 50 
   1 13    2 83    3 55    4 80    5 97 
   1 63    2 64    3 23    4 62    5 96 
   1 67    2 22    3 78    4 37    5 84 
   1 19    2  1    3 62    4 28    5  8 
   1 21    2  7    3 83    4  4    5 18 
   1 89    2 34    3 69    4 28    5 40 
   1 83    2 93    3 27    4 92    5 84 
   1 60    2 70    3 94    4 64    5 98 
   1 83    2 31    3 55    4 10    5 91 
   1 67    2 86    3 20    4 30    5 71 
   1 71    2 74    3 19    4  6    5 81 
   1 60    2 71    3 48    4 58    5 83 
   1 25    2  5    3 34    4 77    5 47 
   1 26    2 45    3 90    4 53    5 82 
   1 82    2 76    3 62    4 50    5  1 
   1 60    2 99    3 90    4 99    5 63 
   1 54    2 41    3 93    4 19    5 31 
   1 26    2 28    3 97    4 20    5 22 
   1 97    2 80    3 86    4 69    5 59 
   1 30    2 54    3 22    4 15    5 96 
   1 21    2 99    3 69    4 19    5 19 
   1 71    2 12    3 18    4 30    5 56 
   1 12    2 57    3 89    4 35    5 91 
   1 13    2 13    3 75    4 90    5 64 
   1 47    2 46    3 80    4 50    5 52 
   1 95    2 97    3 35    4 52    5 97 
   1 90    2 90    3 21    4 49    5 56 
   1 67    2 59    3  7    4 73    5 17 
   1 61    2 65    3 68    4 73    5 18 
   1 23    2 82    3 47    4 19    5 15 

