ta076
100 10
   1 30    2 98    3 75    4 45    5 56    6 56    7 63    8 94    9 63   10 72 
   1 26    2  1    3 92    4 57    5 59    6 76    7 47    8 73    9 77   10 52 
   1 71    2 11    3 78    4 14    5 22    6 27    7 36    8  7    9 44   10 40 
   1  3    2 71    3 26    4 59    5  2    6 87    7 26    8 25    9 15   10 79 
   1 56    2  3    3 54    4 10    5 46    6  7    7 80    8  9    9 45   10 70 
   1 61    2 59    3  3    4 18    5  4    6 68    7 14    8 31    9 82   10 53 
   1 21    2 80    3 46    4 87    5 31    6  9    7 50    8 13    9 54   10 32 
   1  2    2 50    3 29    4 40    5 90    6  8    7 44    8 54    9 59   10 47 
   1 18    2 33    3 39    4 21    5  2    6 45    7 43    8 11    9 10   10 70 
   1 76    2 22    3 10    4 59    5 75    6 54    7 94    8 81    9 21   10 38 
   1 77    2 97    3 65    4 92    5 25    6 23    7 72    8 25    9 40   10 76 
   1 37    2 69    3 74    4 12    5 58    6 13    7 89    8 61    9 30   10 19 
   1  2    2 91    3 97    4 88    5 59    6 91    7 22    8 34    9 23   10 46 
   1  9    2 64    3 31    4 51    5 39    6 82    7 16    8 98    9 73   10 52 
   1 75    2 44    3 35    4 49    5 27    6 25    7  2    8 53    9 94   10 60 
   1 61    2 85    3 53    4 85    5 97    6 92    7 23    8 26    9  4   10 49 
   1 96    2 94    3 57    4 93    5 84    6 21    7 92    8 91    9 47   10 60 
   1 44    2  8    3 27    4 60    5 40    6 35    7 25    8 43    9 63   10  1 
   1 24    2 26    3  1    4 20    5 22    6 81    7 63    8 23    9 42   10 19 
   1  8    2  8    3 11    4 41    5 29    6 51    7 90    8 29    9 29   10 12 
   1  6    2 23    3 33    4 94    5 95    6 48    7 98    8 38    9 20   10 76 
   1  8    2  8    3 41    4 46    5 70    6 47    7 74    8 51    9 43   10 12 
   1 90    2 93    3 78    4  5    5 25    6 34    7 23    8 13    9 93   10 65 
   1 15    2 36    3 42    4 20    5 92    6 19    7  4    8 97    9  1   10 22 
   1 48    2  5    3 20    4 89    5 45    6 82    7 30    8 94    9 59   10  7 
   1 95    2 66    3 86    4 43    5 57    6 57    7  8    8 27    9 23   10 26 
   1 88    2 69    3 60    4 88    5 26    6 72    7 76    8 90    9 59   10 40 
   1 62    2 73    3 42    4 47    5 47    6 19    7 28    8  2    9 12   10 34 
   1 53    2 63    3 42    4 86    5 12    6 38    7 79    8 14    9 11   10 99 
   1 23    2 47    3 59    4 13    5 96    6 70    7 47    8 36    9 47   10 95 
   1 60    2 14    3 53    4 54    5 67    6 96    7 92    8 48    9 62   10 76 
   1 89    2 38    3 55    4 46    5  1    6 38    7 19    8 71    9 54   10  7 
   1 84    2 40    3 43    4 84    5 79    6 41    7 17    8 25    9 42   10 25 
   1 28    2 86    3 70    4 73    5 23    6 90    7 15    8  1    9  5   10 55 
   1 79    2  3    3 99    4 10    5 33    6 18    7 76    8 58    9 64   10 96 
   1 45    2 39    3  9    4 92    5 11    6 15    7 68    8 64    9 24   10 42 
   1 14    2 68    3 20    4 73    5 77    6 25    7 74    8 47    9 39   10 44 
   1 72    2 32    3 26    4 19    5  4    6 61    7 13    8  2    9 30   10 42 
   1 31    2 26    3 72    4 41    5 56    6 54    7 12    8 29    9 76   10 21 
   1 32    2 83    3 20    4 44    5 12    6 27    7 84    8 18    9 20   10 15 
   1 25    2  7    3 32    4 39    5 86    6 15    7 33    8 52    9 35   10 99 
   1 88    2 37    3 21    4 83    5 10    6 66    7 32    8  6    9 45   10 41 
   1 35    2 81    3 28    4 24    5 48    6 27    7 24    8 32    9 42   10 55 
   1 66    2 66    3 23    4 85    5 56    6  5    7 37    8 54    9  7   10 17 
   1 85    2 67    3  2    4 14    5 10    6 48    7  7    8  6    9 23   10 20 
   1 20    2 12    3 37    4 31    5 52    6 67    7 12    8 47    9 40   10 55 
   1  3    2 50    3 23    4 62    5  1    6 22    7 24    8 55    9 59   10 72 
   1 18    2 55    3 77    4 60    5 30    6 46    7 56    8 60    9 28   10 57 
   1 66    2  8    3 86    4  1    5 41    6 56    7 10    8 88    9 68   10 81 
   1 74    2 35    3 13    4 80    5 68    6 41    7 16    8 65    9 84   10 57 
   1 75    2 81    3 94    4 92    5 34    6 22    7 97    8 31    9 38   10 84 
   1 39    2 72    3  2    4 11    5 60    6 70    7 38    8 94    9 14   10 89 
   1 14    2  5    3 22    4 47    5 48    6 13    7 70    8 78    9 55   10 66 
   1 58    2  6    3 18    4 41    5 61    6 12    7 60    8 84    9 22   10 89 
   1 27    2 37    3 10    4 91    5 83    6 30    7 31    8 88    9 88   10 59 
   1 42    2 75    3 43    4 82    5 76    6 46    7  5    8 80    9 57   10 17 
   1 44    2 53    3 25    4  1    5 32    6  6    7  1    8  6    9 86   10 98 
   1 91    2 57    3 46    4  4    5 17    6 81    7 37    8  5    9 84   10 22 
   1 49    2 16    3  3    4 71    5 61    6 59    7 86    8  3    9 22   10  3 
   1 16    2 29    3 20    4 89    5 84    6 28    7 27    8 62    9 39   10 75 
   1 80    2 98    3 88    4 89    5 25    6 96    7 49    8 48    9 48   10 41 
   1 39    2 82    3 56    4 82    5 50    6 82    7 27    8 97    9 84   10 63 
   1 83    2 33    3 58    4 38    5 62    6 38    7  2    8 93    9 91   10  5 
   1 19    2 25    3 43    4 58    5 32    6 40    7 36    8 34    9 55   10 69 
   1 39    2 12    3 37    4 92    5 54    6 42    7 24    8 23    9 23   10 12 
   1 64    2 55    3 19    4 34    5 40    6 58    7 99    8 76    9 42   10 14 
   1 59    2 17    3 16    4 77    5  3    6 86    7 55    8 33    9 10   10 93 
   1 19    2 15    3  4    4 81    5 43    6 72    7 31    8 84    9 63   10 86 
   1 59    2 93    3  8    4 92    5 17    6 45    7 63    8 77    9 78   10 93 
   1 63    2  2    3 25    4 27    5 49    6 98    7 34    8 80    9 56   10 14 
   1 72    2 56    3 68    4  5    5 36    6 71    7 86    8 59    9  9   10 88 
   1 77    2 28    3 12    4 11    5 89    6 77    7 35    8 57    9 40   10 28 
   1 39    2 49    3 73    4 98    5 61    6 91    7 11    8 91    9 99   10 56 
   1 44    2 75    3 73    4 11    5 67    6 78    7 32    8  4    9 34   10 60 
   1 25    2 81    3 47    4 27    5 93    6 41    7 20    8 54    9 40   10  8 
   1  4    2 62    3 43    4 13    5 53    6 52    7 15    8 31    9 44   10 70 
   1 73    2 25    3 16    4 48    5 55    6 45    7 14    8  2    9 18   10 88 
   1  4    2  1    3 13    4 77    5 60    6 39    7  5    8 21    9 79   10 29 
   1  3    2 91    3 42    4 52    5 21    6  3    7 30    8 58    9 28   10 33 
   1 27    2 70    3 42    4 58    5 59    6 11    7 61    8 90    9 44   10 91 
   1 64    2 49    3 78    4 50    5 38    6 17    7 60    8 91    9 12   10 78 
   1 12    2 47    3 47    4 98    5 98    6 91    7 47    8 41    9  6   10  2 
   1 97    2 93    3 45    4 61    5 79    6 10    7  1    8 65    9 68   10 46 
   1 43    2 21    3 45    4 20    5 98    6 53    7 94    8 87    9 66   10 42 
   1  7    2 77    3 21    4 17    5 83    6 71    7 82    8 87    9 29   10 89 
   1 54    2  6    3 28    4 23    5  3    6 55    7 72    8 91    9 43   10  5 
   1 29    2 93    3 87    4 58    5 70    6  7    7 85    8 46    9 13   10 51 
   1 72    2 68    3 24    4 76    5  3    6 27    7 89    8 40    9 89   10 76 
   1 75    2 98    3 85    4 51    5 47    6 35    7 96    8 95    9 61   10 57 
   1 76    2 12    3 35    4  5    5 49    6 18    7 79    8 95    9  8   10 78 
   1 36    2 72    3 83    4 63    5 60    6 82    7 12    8 44    9 90   10 31 
   1 74    2 16    3 34    4 33    5 73    6 37    7 17    8 13    9 82   10  5 
   1 96    2 20    3 54    4 86    5  8    6 89    7 60    8 61    9 88   10 19 
   1 88    2 92    3 35    4 16    5 37    6 60    7 16    8 67    9 16   10 95 
   1 66    2 31    3 43    4 57    5 43    6 25    7 24    8 37    9 63   10 37 
   1 62    2 17    3 28    4 14    5 36    6 60    7 97    8 82    9 70   10  6 
   1  3    2 24    3  4    4 78    5 47    6 28    7 95    8 84    9 72   10 38 
   1 25    2 43    3 39    4 69    5 80    6 17    7  5    8 75    9 93   10 36 
   1 40    2  7    3 98    4 66    5  7    6 91    7 35    8  9    9 97   10 39 
   1  4    2 92    3 72    4 27    5 66    6 94    7 92    8  4    9  3   10 36 

