ta078
100 10
   1 47    2 79    3 94    4 69    5  8    6 15    7 40    8 71    9 64   10 55 
   1 45    2 92    3 35    4 92    5  9    6 88    7 62    8 79    9 10   10 29 
   1 28    2 92    3 24    4 13    5 34    6 56    7 38    8 62    9 62   10 20 
   1 99    2 45    3 29    4 93    5 15    6 27    7 14    8 94    9 58   10 90 
   1 48    2 88    3 32    4  5    5 30    6 75    7 55    8 71    9 91   10  6 
   1 24    2 30    3 39    4 35    5 83    6 61    7 89    8 66    9 92   10 20 
   1 89    2 28    3 73    4 76    5 15    6 69    7  3    8 90    9 49   10 27 
   1 73    2 95    3 27    4 29    5 98    6 87    7 29    8 64    9 30   10 60 
   1 34    2 65    3 48    4 47    5 15    6 53    7 53    8 39    9 93   10 61 
   1 78    2 20    3 18    4 18    5 40    6 40    7 63    8 64    9 44   10 10 
   1 88    2 16    3 57    4 56    5 63    6  4    7  1    8 47    9 25   10 44 
   1  2    2  8    3 76    4  5    5 81    6 50    7 72    8 46    9 76   10 16 
   1 36    2  1    3 44    4 34    5 72    6 97    7 25    8 96    9 43   10 75 
   1  5    2 46    3 80    4 25    5  4    6 19    7 32    8 79    9 22   10 58 
   1 50    2 38    3 29    4  7    5 44    6 75    7 85    8 29    9 49   10 75 
   1 70    2 54    3 12    4 57    5 82    6 57    7 99    8 13    9 27   10 81 
   1 78    2 36    3 18    4 57    5 86    6 13    7 25    8 22    9 69   10 21 
   1 50    2 87    3  2    4 79    5 37    6 72    7 75    8 50    9 18   10 96 
   1 25    2 53    3 24    4 54    5 26    6 63    7 44    8 72    9 69   10 53 
   1 84    2 82    3  2    4 89    5 63    6 36    7 33    8  6    9 33   10 63 
   1 38    2 52    3 13    4 91    5 60    6 60    7 37    8 56    9 29   10 72 
   1 93    2 19    3 11    4  7    5 69    6 52    7 52    8 84    9 66   10 95 
   1  4    2 66    3 52    4 52    5  5    6 92    7 99    8 52    9 14   10 92 
   1 56    2 42    3 52    4 44    5 73    6 88    7 37    8 85    9 38   10 14 
   1 98    2 41    3  2    4 36    5 74    6 59    7 85    8 70    9 15   10 52 
   1 36    2 87    3 10    4 51    5 89    6 33    7 81    8 97    9 11   10 91 
   1 80    2 52    3 41    4 40    5 23    6 74    7 91    8 63    9 42   10 51 
   1 41    2 81    3 40    4  5    5 80    6 17    7 46    8 86    9 62   10 20 
   1 79    2 63    3 34    4 93    5 94    6 28    7 81    8 60    9  2   10 54 
   1 54    2 86    3  1    4 54    5  4    6 95    7 46    8 68    9 78   10 55 
   1 28    2 39    3  2    4 43    5 23    6 25    7 77    8 63    9 94   10 13 
   1 30    2 80    3 46    4 48    5 53    6 57    7 95    8 78    9 32   10 77 
   1 70    2 20    3 39    4 62    5 38    6 59    7 13    8 56    9 24   10 66 
   1  9    2 11    3 43    4 77    5 53    6 83    7 18    8  1    9 58   10 41 
   1 53    2 89    3 17    4 19    5 70    6 35    7 60    8 83    9 89   10 22 
   1 56    2 31    3 85    4 49    5 25    6 78    7 44    8 52    9 46   10 44 
   1 59    2 53    3 14    4  9    5 97    6 92    7 84    8 92    9 29   10 50 
   1  6    2 49    3 11    4 83    5 76    6  3    7 80    8 42    9 26   10 89 
   1 74    2 37    3 84    4 42    5 12    6  7    7 30    8 24    9 31   10 90 
   1 30    2 41    3 46    4 82    5 83    6 66    7 11    8 33    9 46   10 17 
   1 47    2 27    3 16    4 37    5 47    6 12    7 29    8  8    9 38   10 56 
   1 68    2 83    3 58    4 28    5 84    6 54    7 75    8 92    9 88   10 25 
   1 45    2 79    3 53    4 12    5 77    6 68    7 49    8 90    9 70   10 67 
   1 59    2 89    3 72    4  8    5 78    6 39    7 50    8 74    9 70   10  7 
   1 95    2 36    3 20    4 46    5 24    6 83    7 38    8 54    9 60   10 64 
   1 58    2 81    3 79    4 75    5 67    6 59    7 56    8  8    9 15   10 52 
   1 46    2 91    3 19    4 47    5 39    6 20    7 11    8 57    9 66   10 10 
   1 18    2 22    3 12    4 33    5  1    6 76    7 58    8 31    9 27   10 32 
   1 99    2 25    3 76    4 77    5 18    6 88    7 18    8 87    9 78   10 42 
   1 33    2 83    3  5    4  5    5 68    6 90    7 33    8 75    9 61   10 66 
   1 96    2 60    3 75    4 55    5 68    6 24    7 67    8 50    9 89   10 39 
   1 77    2 38    3 99    4 28    5 11    6 80    7 84    8 53    9 62   10 95 
   1 52    2 65    3 73    4 72    5 48    6 44    7  1    8 71    9 18   10 13 
   1 46    2 29    3 20    4 83    5 38    6 95    7 45    8 79    9 73   10 37 
   1 19    2 38    3 70    4 82    5 38    6 45    7 25    8 16    9 69   10 56 
   1 41    2 25    3 28    4 86    5 23    6 12    7 47    8 77    9  5   10 98 
   1 97    2 52    3 13    4 38    5 68    6 84    7 31    8  8    9 44   10 90 
   1 90    2 81    3 89    4 51    5 75    6 27    7 99    8 37    9 14   10 84 
   1 29    2 10    3 16    4 91    5 89    6  1    7 28    8 75    9 22   10 11 
   1 58    2 29    3 64    4 96    5 58    6 95    7 59    8 46    9 88   10 70 
   1 93    2  5    3 92    4 54    5 57    6 77    7 36    8 13    9 29   10 40 
   1 79    2  7    3 69    4 38    5 86    6 14    7 70    8 79    9 98   10 77 
   1 32    2 19    3 15    4 55    5 24    6 74    7 77    8 17    9 13   10 45 
   1 62    2 94    3 81    4 71    5 54    6 56    7 54    8 38    9 60   10 32 
   1 84    2 15    3 31    4  3    5 81    6 76    7 44    8  9    9 44   10 80 
   1 93    2 52    3 22    4 41    5 13    6 79    7 32    8 13    9 38   10 26 
   1 10    2 36    3 37    4 48    5 49    6 92    7 35    8 19    9  8   10 61 
   1 91    2  4    3 95    4 30    5 81    6 35    7 24    8  6    9 61   10 95 
   1 61    2 32    3 42    4 30    5 74    6 40    7 13    8 74    9 82   10 42 
   1 36    2  9    3 65    4  2    5 23    6 40    7 17    8 59    9 69   10 48 
   1 75    2 62    3 79    4 16    5 42    6 23    7 21    8 69    9 53   10 67 
   1 76    2 17    3  8    4  6    5 95    6 36    7 97    8 46    9 66   10 19 
   1  5    2  7    3 46    4 57    5 43    6 82    7 23    8 64    9 31   10 14 
   1 88    2 42    3 95    4  2    5  9    6 58    7 67    8 36    9 48   10 98 
   1 14    2 27    3 95    4 78    5 88    6 35    7 38    8 38    9 52   10 99 
   1 18    2 36    3 59    4 15    5 23    6 67    7 81    8 15    9 97   10 45 
   1 14    2 37    3 75    4 73    5 28    6 96    7 31    8 19    9 48   10 36 
   1 35    2 19    3 62    4 26    5 86    6 21    7 54    8 88    9  6   10 72 
   1 82    2 60    3 56    4 96    5 88    6  9    7 41    8 23    9 25   10 21 
   1 75    2 34    3 66    4  8    5  6    6 79    7 28    8 63    9 19   10 88 
   1 70    2 57    3 68    4  4    5 64    6  8    7 38    8 62    9 31   10 50 
   1 95    2 60    3 58    4 79    5 49    6 62    7 51    8 80    9 25   10 94 
   1 15    2 48    3 18    4 84    5 85    6 66    7 77    8  7    9 76   10 17 
   1 60    2 51    3 97    4 88    5 53    6 59    7  6    8 30    9 60   10 11 
   1 93    2 22    3 94    4 36    5 34    6 19    7  2    8 51    9 71   10 70 
   1 49    2 18    3 26    4 70    5 86    6 77    7  4    8 72    9 21   10 49 
   1 33    2 68    3 25    4 81    5 39    6 35    7 89    8 80    9 26   10 52 
   1 33    2 23    3 86    4 92    5 90    6 48    7 82    8 75    9 19   10 28 
   1 11    2 94    3 38    4 96    5 33    6 63    7 39    8 38    9 19   10 68 
   1 25    2 30    3 44    4 82    5 22    6 52    7 16    8 57    9 42   10 51 
   1 85    2 80    3 73    4 19    5 11    6 66    7 42    8 40    9 23   10 65 
   1 17    2 50    3 65    4 86    5  4    6 26    7 36    8 92    9 90   10 29 
   1 40    2 16    3 75    4 50    5 33    6 91    7  1    8 65    9 72   10 32 
   1 33    2 24    3  4    4 12    5 95    6 60    7 75    8 52    9 26   10 27 
   1 67    2 74    3 81    4 71    5 74    6 24    7 14    8 66    9 82   10 79 
   1 35    2 61    3 66    4 28    5 17    6  6    7 22    8 23    9 12   10 30 
   1 64    2  2    3 27    4 41    5 67    6  7    7 69    8 27    9 83   10 93 
   1 53    2 59    3 32    4 11    5 82    6 23    7 19    8 40    9 60   10 79 
   1 12    2  7    3 47    4 95    5 31    6 75    7 90    8 89    9 54   10  9 
   1 57    2 82    3 69    4 42    5 34    6  4    7 21    8  6    9 95   10 71 

