ta077
100 10
   1  1    2 95    3 17    4  6    5 24    6  3    7 53    8 71    9 55   10 20 
   1 96    2 75    3 74    4 73    5 83    6 65    7  7    8 54    9 56   10 35 
   1 21    2 24    3 87    4 64    5 59    6 73    7 27    8 48    9 21   10 25 
   1 57    2  3    3 39    4 30    5 58    6 81    7 44    8 16    9 77   10 81 
   1  7    2 83    3 14    4 30    5 60    6 38    7 36    8 22    9 83   10 19 
   1 34    2 67    3 28    4 99    5 15    6 71    7 21    8 14    9 43   10  4 
   1 72    2 88    3 12    4 61    5 15    6  3    7 53    8 39    9 11   10 42 
   1 12    2 75    3 49    4 26    5 27    6 40    7 38    8 99    9 64   10 58 
   1 80    2 28    3 88    4 38    5 47    6  6    7 37    8 68    9 59   10 18 
   1 99    2 65    3 91    4 46    5 25    6 98    7 90    8 32    9 37   10 19 
   1 28    2 54    3 53    4 76    5 43    6  4    7 34    8 20    9 96   10 73 
   1 80    2 65    3 40    4 65    5 11    6 23    7  1    8  7    9 27   10 14 
   1 30    2 34    3  1    4 51    5 20    6 23    7 83    8 26    9  9   10 44 
   1 15    2 17    3 55    4 39    5 36    6  2    7 64    8  2    9 63   10 13 
   1 95    2 51    3 39    4 23    5  3    6 66    7 69    8 58    9 82   10 11 
   1 19    2 98    3 35    4 71    5 42    6 67    7 30    8 92    9 31   10 55 
   1 12    2 94    3 99    4 63    5 51    6  8    7 18    8 86    9 27   10 91 
   1 59    2 22    3 17    4 94    5 11    6 76    7 74    8 45    9 67   10 51 
   1 66    2 57    3 69    4 62    5 86    6 58    7  9    8 19    9 82   10 42 
   1 51    2 37    3 67    4 87    5 55    6 82    7 70    8 90    9 65   10 47 
   1  6    2 90    3 13    4 43    5 20    6 63    7 41    8 54    9 74   10 94 
   1 36    2 38    3 98    4 45    5  3    6 18    7  5    8 51    9 41   10 43 
   1 74    2 20    3 79    4 46    5 64    6 17    7 70    8 88    9 10   10 68 
   1 53    2 85    3 20    4  9    5 19    6  5    7  5    8 72    9 36   10 77 
   1 25    2 49    3 57    4 10    5 49    6 75    7  4    8 44    9 69   10 42 
   1 68    2 37    3 68    4 42    5 70    6 52    7 65    8 85    9  1   10 75 
   1 37    2 29    3 17    4 43    5 28    6 95    7 53    8 20    9 21   10 17 
   1 42    2 84    3 27    4 46    5 53    6 55    7 17    8  5    9 72   10 85 
   1 68    2 93    3 25    4  7    5 96    6 62    7  6    8 10    9 37   10 54 
   1 74    2 99    3 36    4 15    5 52    6 84    7 98    8 98    9 54   10 83 
   1 93    2 44    3 67    4 32    5 44    6  5    7 84    8 44    9 88   10 30 
   1 39    2 39    3 73    4 80    5 24    6 33    7 39    8  6    9 65   10 52 
   1 75    2 18    3 34    4  4    5 40    6 72    7  3    8 44    9 97   10 89 
   1 54    2 40    3 47    4 73    5 66    6 52    7  9    8 12    9 71   10 54 
   1 10    2 24    3 65    4 42    5  2    6  8    7 50    8 55    9 13   10 74 
   1 60    2 98    3 79    4 98    5 89    6 74    7 58    8 14    9 90   10 86 
   1 15    2 61    3 31    4 24    5 70    6 70    7 87    8 66    9 88   10 27 
   1 75    2 72    3 54    4 25    5 69    6  5    7 54    8 28    9 39   10 22 
   1 71    2 21    3 56    4 13    5  3    6 38    7 41    8 80    9 46   10 24 
   1 22    2 76    3 33    4 38    5 77    6  7    7 87    8 64    9 89   10 11 
   1 10    2 87    3 66    4  3    5 96    6 86    7  9    8 13    9 99   10 12 
   1 65    2 32    3 30    4 69    5 40    6 41    7 49    8 73    9 82   10  8 
   1 39    2  8    3 89    4 38    5 66    6 99    7 93    8 44    9 14   10 15 
   1 99    2 17    3 45    4 61    5 75    6 98    7 70    8 11    9 14   10 21 
   1 77    2 54    3 44    4  8    5 81    6  2    7  4    8 89    9 63   10 75 
   1 39    2 43    3 91    4 54    5 52    6 51    7 13    8 78    9 67   10 84 
   1 50    2  3    3 18    4 90    5 78    6 13    7 60    8  6    9 16   10 29 
   1 14    2 65    3 67    4  3    5 86    6 96    7 41    8 10    9 46   10 15 
   1 75    2 33    3 94    4  5    5 44    6 78    7 48    8 44    9 28   10 26 
   1 28    2 36    3 41    4 25    5 85    6 49    7 75    8 28    9 91   10 83 
   1 92    2 70    3 78    4 31    5 79    6 59    7 86    8 77    9 69   10 38 
   1 74    2 18    3 27    4 38    5 28    6 42    7 28    8 33    9 34   10 32 
   1 20    2 19    3 15    4 36    5 43    6 18    7 67    8 22    9  9   10 13 
   1 70    2 76    3 55    4 35    5 20    6 51    7 29    8 77    9  7   10 10 
   1 43    2  7    3 28    4 52    5 16    6 95    7 53    8 90    9 43   10 23 
   1  6    2 34    3 28    4 13    5  9    6 82    7 24    8 23    9 62   10 28 
   1 77    2 66    3 26    4 78    5 80    6 96    7 95    8 10    9 29   10 42 
   1 25    2 72    3 98    4 31    5 36    6 45    7 66    8 44    9 70   10 68 
   1 68    2 16    3 98    4  8    5 14    6 25    7 32    8  1    9 28   10 78 
   1 83    2 95    3 77    4 62    5 86    6 80    7 66    8 53    9 62   10 39 
   1 28    2 80    3 79    4 36    5 70    6 42    7 61    8 58    9 34   10 76 
   1 13    2 10    3 12    4 98    5 87    6 66    7 18    8 40    9 67   10  4 
   1 74    2 63    3 96    4  7    5 77    6 41    7 99    8 48    9 16   10 45 
   1 18    2 14    3 78    4  3    5 44    6  1    7 48    8 94    9 83   10 25 
   1 71    2 89    3 29    4  5    5 52    6 14    7 31    8 20    9 64   10 23 
   1 11    2 65    3 28    4 82    5 86    6 66    7 66    8 34    9 32   10 77 
   1 17    2 43    3 14    4 41    5 12    6 89    7 15    8 16    9 43   10  3 
   1 27    2 44    3 52    4  2    5 49    6 35    7 93    8 99    9 67   10 20 
   1 89    2 28    3 27    4 63    5 68    6  2    7 64    8 27    9 37   10 49 
   1 14    2 39    3 51    4 56    5 56    6 63    7 77    8 80    9 79   10 35 
   1 13    2 59    3 46    4 85    5 59    6 80    7 67    8 24    9 31   10 29 
   1 40    2 91    3 98    4 85    5 87    6 34    7 74    8 19    9 41   10 59 
   1 97    2 70    3 97    4 25    5 82    6 45    7 90    8 34    9  3   10 14 
   1 70    2 24    3 38    4 98    5  5    6 42    7 44    8  6    9 11   10 94 
   1 96    2 96    3 78    4 58    5 23    6 81    7 51    8 65    9 71   10 11 
   1 13    2  1    3 89    4 16    5  6    6 27    7 17    8 11    9 21   10 17 
   1 66    2 92    3 67    4 99    5 15    6 15    7 50    8 14    9 26   10 80 
   1 77    2 79    3 91    4 61    5 42    6 42    7 80    8 97    9 98   10 70 
   1  2    2 57    3 51    4 21    5 63    6 80    7 44    8 14    9 39   10 20 
   1 41    2 88    3 62    4 26    5 66    6 11    7 63    8 77    9 73   10 25 
   1 69    2 60    3 79    4 67    5 59    6  4    7 19    8 58    9 59   10 12 
   1 34    2 70    3 93    4 96    5 98    6 84    7 24    8 86    9 33   10 78 
   1 10    2 38    3 25    4 70    5 67    6 25    7 24    8 72    9 71   10 58 
   1 91    2 94    3 61    4 89    5 73    6 45    7 35    8 20    9 49   10 13 
   1 98    2 94    3 59    4  5    5 94    6 42    7 79    8 22    9 22   10 22 
   1 60    2 30    3 20    4 45    5 27    6 61    7 62    8  2    9  6   10 53 
   1  3    2 50    3 92    4 38    5 56    6  4    7 11    8 28    9 68   10 92 
   1 86    2 17    3  1    4 79    5 96    6 34    7 59    8 16    9 14   10  7 
   1 55    2 43    3 35    4 73    5 81    6 54    7 14    8 54    9 36   10 62 
   1 95    2 28    3 97    4 99    5 92    6 46    7 89    8 19    9 17   10 94 
   1 73    2 33    3 79    4 33    5 68    6 80    7 16    8 77    9 30   10  8 
   1 65    2 48    3 37    4  1    5 92    6  1    7 96    8  7    9 83   10 81 
   1 24    2 48    3 72    4 84    5 77    6 94    7 72    8 27    9 94   10  5 
   1 22    2 81    3 76    4 79    5 94    6  8    7 95    8 19    9 53   10 24 
   1  5    2 50    3 89    4 44    5 93    6 56    7 92    8 80    9 30   10 98 
   1 67    2 86    3  7    4 39    5 28    6 52    7 34    8 80    9 74   10 85 
   1 39    2 23    3 79    4 16    5 75    6 13    7 64    8 40    9 24   10 75 
   1 58    2 95    3 85    4 50    5 74    6 39    7 83    8 49    9 47   10 57 
   1  4    2  3    3 40    4 39    5 34    6 62    7 66    8 46    9 76   10 37 
   1 30    2 80    3 24    4 55    5 80    6 84    7  6    8 85    9 28   10 96 

