ta072
100 10
   1 66    2 65    3 58    4  5    5 66    6 39    7 40    8 50    9 64   10 79 
   1 46    2 35    3 66    4 13    5 41    6 12    7 62    8  4    9 44   10 18 
   1 25    2 49    3  5    4 36    5 74    6 45    7  8    8 20    9 58   10 99 
   1 30    2  2    3 69    4 54    5 62    6 34    7 13    8 19    9  7   10 75 
   1 17    2 95    3 38    4 76    5 70    6 11    7 87    8 58    9 69   10 47 
   1 40    2 14    3 93    4 40    5 30    6 71    7 40    8 22    9 12   10 96 
   1 17    2 67    3 59    4 67    5 66    6 53    7 27    8 56    9  5   10  6 
   1 20    2  8    3 56    4 31    5 11    6 28    7 44    8 92    9 69   10 22 
   1 73    2 62    3 26    4 35    5 51    6 93    7 41    8 59    9 46   10  3 
   1  5    2 25    3 96    4 48    5 43    6 61    7 70    8 34    9 23   10 29 
   1 60    2  2    3 60    4 85    5 32    6 61    7 10    8 17    9 95   10 12 
   1  3    2 40    3 18    4 41    5 23    6 78    7 94    8 39    9 24   10 53 
   1 91    2 68    3 74    4 82    5 20    6 13    7 25    8 59    9 58   10 42 
   1 34    2 75    3 93    4 95    5  1    6 49    7 10    8  7    9 88   10 61 
   1 81    2 72    3 12    4 15    5 54    6 15    7 36    8 59    9 46   10 49 
   1 58    2  5    3 56    4 24    5 55    6 31    7 87    8  2    9 65   10 56 
   1 48    2  5    3 36    4 77    5 65    6 93    7 37    8 70    9 31   10  9 
   1 71    2 10    3 71    4  6    5 22    6 83    7 86    8 72    9 84   10  6 
   1 57    2 33    3 38    4 79    5 99    6 20    7 76    8 90    9  4   10 54 
   1  5    2 56    3 96    4 36    5 97    6  1    7 70    8 56    9 73   10 57 
   1  8    2 89    3 84    4 18    5 21    6 13    7 17    8 26    9 43   10 16 
   1 19    2 54    3 84    4 21    5 63    6 36    7 92    8 50    9 97   10 95 
   1 78    2 31    3 65    4 34    5 45    6  6    7 90    8  4    9 49   10 26 
   1  2    2  1    3 17    4 42    5 70    6 22    7 58    8  8    9  2   10 25 
   1  1    2 61    3 78    4 74    5 41    6 44    7 19    8 60    9 54   10 71 
   1 78    2 25    3 45    4 46    5  6    6 65    7 97    8 60    9 12   10 50 
   1  8    2 11    3 83    4  1    5 70    6 87    7 80    8 80    9 31   10 38 
   1 14    2  7    3 53    4 88    5 33    6 50    7 28    8 38    9 52   10 15 
   1 46    2 88    3 60    4 29    5 97    6 96    7 67    8 51    9 29   10 85 
   1 98    2 65    3 60    4 95    5 32    6 51    7 59    8 25    9 98   10 20 
   1 50    2 74    3  9    4 67    5 28    6 48    7  9    8 97    9 46   10 25 
   1 88    2 16    3  7    4 41    5 54    6 89    7 92    8 73    9 83   10 67 
   1 28    2 87    3 51    4 98    5 63    6 69    7  7    8 46    9 78   10  7 
   1 66    2 57    3 85    4 31    5 16    6 83    7 19    8 82    9 52   10 12 
   1 43    2 89    3 66    4 25    5 12    6 22    7 82    8 92    9 63   10 50 
   1 23    2 85    3  6    4 70    5  2    6 26    7 60    8 42    9 66   10  8 
   1 93    2 46    3  3    4 62    5 50    6 29    7 60    8 65    9 45   10 82 
   1 52    2 54    3 93    4 45    5 48    6 67    7 58    8 12    9 49   10  5 
   1  1    2 23    3 88    4 59    5 34    6 70    7 74    8 34    9 21   10  9 
   1 77    2 23    3 40    4 68    5 75    6 59    7 70    8 23    9 13   10 41 
   1 54    2 96    3 85    4 22    5 45    6 34    7 72    8 99    9  9   10 85 
   1 45    2 79    3 92    4 81    5  2    6 18    7 33    8 48    9 87   10 77 
   1 56    2 70    3 15    4 44    5 39    6  4    7 71    8 41    9  3   10 74 
   1 54    2 33    3 51    4 80    5  4    6 65    7 68    8 40    9 15   10 17 
   1 57    2 50    3 55    4 88    5 46    6 58    7 94    8 76    9 55   10 38 
   1 23    2 18    3 19    4 25    5 11    6 35    7 82    8 89    9  5   10 42 
   1 18    2 65    3 58    4 93    5 66    6 86    7 46    8 42    9  8   10 20 
   1 88    2 87    3 84    4 61    5 59    6 34    7 78    8 90    9 94   10 68 
   1 38    2 18    3  4    4  1    5 28    6 49    7 37    8 61    9 60   10 93 
   1 72    2 15    3 23    4 97    5 74    6 88    7 69    8 25    9 18   10 15 
   1 55    2 57    3 38    4 26    5 93    6 42    7  7    8 27    9 20   10 28 
   1 63    2 72    3 23    4 40    5 95    6 79    7 34    8 60    9 65   10 91 
   1 71    2 48    3 13    4 84    5 48    6 25    7 69    8 79    9 50   10 32 
   1 21    2  6    3  1    4 84    5 71    6 18    7 18    8 50    9 76   10 56 
   1 74    2 10    3 10    4 74    5 30    6 75    7 98    8 15    9 75   10 70 
   1 65    2 98    3 76    4 39    5 22    6 45    7  8    8 65    9  7   10 51 
   1 52    2 55    3 49    4 65    5  3    6 54    7 58    8 80    9 82   10  9 
   1 91    2 71    3  2    4 15    5 22    6 19    7 86    8 67    9 49   10 94 
   1 12    2 19    3 81    4 71    5 82    6 80    7 77    8 70    9  3   10 63 
   1 22    2 28    3 43    4 92    5 35    6 15    7 50    8 94    9 56   10 33 
   1 12    2 31    3 51    4 44    5 56    6 22    7 50    8 61    9 38   10 89 
   1 26    2 79    3 71    4 27    5 14    6 56    7 82    8 55    9 85   10  6 
   1 97    2 69    3 29    4 93    5 88    6 63    7 16    8  2    9 29   10 41 
   1 30    2 11    3 44    4  2    5 41    6 56    7 17    8 55    9 26   10 22 
   1 30    2  4    3 26    4 55    5  4    6 79    7 68    8 78    9 23   10 68 
   1 12    2 12    3 27    4 44    5 52    6 82    7 65    8 27    9 28   10 83 
   1 94    2 71    3 27    4 55    5 17    6 92    7 92    8 13    9 19   10 79 
   1 46    2 62    3 56    4 23    5 95    6 19    7 37    8 20    9 10   10 69 
   1 20    2  2    3 21    4 25    5 15    6 45    7 47    8 38    9 72   10 44 
   1 73    2 95    3 76    4  1    5 85    6 32    7 70    8 75    9 33   10 64 
   1 58    2 35    3 88    4 51    5 12    6 11    7 66    8 23    9 21   10 77 
   1 10    2 82    3  9    4 12    5 11    6 59    7 30    8 61    9 79   10 46 
   1 77    2 57    3 33    4 47    5 24    6 22    7  7    8 37    9 55   10 76 
   1 27    2  7    3  6    4 98    5 71    6 14    7 37    8 43    9 69   10 64 
   1 33    2 24    3 40    4 41    5 46    6 88    7  5    8 69    9 38   10 25 
   1 53    2 62    3 64    4 18    5 59    6 82    7 52    8  2    9 15   10 55 
   1 23    2 70    3  5    4 44    5 16    6 82    7 86    8 44    9 58   10 30 
   1  2    2 89    3  5    4 72    5 33    6 71    7 36    8 25    9 36   10 89 
   1 65    2 87    3  7    4 88    5 53    6  8    7 29    8 12    9 11   10 96 
   1 35    2 21    3  5    4 60    5 22    6 13    7  4    8 31    9 98   10 71 
   1  7    2 54    3 76    4 29    5 49    6 53    7 99    8  1    9  2   10 69 
   1 54    2 16    3 63    4 99    5 44    6 71    7 53    8 54    9 74   10 88 
   1 43    2 72    3 35    4  2    5 76    6 98    7 52    8 94    9 16   10 24 
   1 87    2 31    3 94    4 17    5 88    6 99    7  9    8 63    9 21   10 41 
   1 56    2 24    3 65    4 79    5 45    6 54    7  8    8 91    9 10   10 53 
   1  4    2 94    3 25    4  6    5 52    6 20    7 50    8 27    9 98   10  8 
   1 29    2 18    3  6    4 29    5 31    6 62    7 62    8 55    9 74   10 58 
   1 35    2 83    3 87    4 89    5 66    6 18    7 14    8 74    9 84   10 19 
   1 37    2 36    3 60    4  4    5 17    6 81    7 21    8 77    9 55   10 50 
   1 53    2 73    3 33    4 70    5 68    6 60    7 88    8 77    9 19   10 21 
   1 10    2 67    3 67    4 10    5 99    6  1    7  7    8 81    9 20   10 43 
   1 90    2 74    3 81    4 79    5 78    6 93    7 85    8 29    9 37   10 18 
   1 95    2 75    3 93    4 64    5 87    6  8    7 62    8 91    9 90   10 74 
   1 85    2 93    3 98    4 92    5 45    6 92    7 10    8 20    9 76   10 50 
   1  2    2 16    3  9    4 42    5 78    6 60    7 61    8 99    9 10   10 20 
   1 36    2 74    3 94    4 79    5 51    6 87    7 92    8 27    9 81   10 81 
   1 85    2 70    3 49    4 56    5 87    6 11    7 47    8 30    9 27   10 98 
   1  5    2 16    3 27    4 94    5  4    6 24    7 77    8 85    9 52   10 92 
   1  3    2 81    3 62    4 26    5 45    6 11    7 37    8  5    9 21   10 21 
   1 45    2 93    3 90    4 93    5  9    6 98    7 96    8  4    9  1   10 83 

