ta080
100 10
   1 80    2 13    3 14    4 90    5 46    6 73    7 84    8 69    9 35   10 77 
   1 65    2 20    3 17    4 52    5 50    6  7    7 81    8 91    9 23   10 27 
   1 79    2 78    3 56    4  6    5 52    6 55    7 92    8 39    9 57   10 24 
   1 47    2 41    3 83    4 48    5 73    6 74    7 19    8  9    9 85   10 70 
   1 17    2 80    3 77    4 74    5 58    6 30    7 83    8 36    9 59   10 37 
   1 93    2 12    3 39    4 63    5 19    6 15    7  3    8 15    9 80   10 90 
   1 56    2 48    3 24    4 46    5 51    6 25    7 71    8 71    9 81   10 10 
   1 24    2 56    3 63    4 57    5 11    6 18    7 18    8 55    9 45   10 74 
   1 22    2 95    3 18    4 17    5 70    6 74    7 10    8 21    9 23   10 63 
   1 40    2 66    3 85    4 18    5 24    6 45    7 34    8 86    9 43   10  3 
   1 71    2 27    3 30    4 47    5 62    6 99    7 71    8 82    9 43   10 78 
   1 96    2 67    3 51    4 71    5 68    6 49    7 89    8 67    9 16   10 69 
   1 59    2 93    3 44    4 92    5  2    6  2    7 52    8 47    9 70   10 90 
   1  6    2 43    3 95    4  4    5 20    6 69    7 47    8 32    9 22   10 41 
   1 49    2 99    3 23    4 46    5 38    6 18    7  8    8 97    9 26   10 67 
   1 63    2  4    3 67    4 60    5 18    6 33    7 91    8 61    9  8   10 28 
   1 45    2 27    3 75    4 32    5 18    6 38    7 68    8 29    9 13   10 73 
   1 61    2 18    3 75    4 38    5 53    6 70    7 58    8 49    9 67   10 55 
   1 33    2 72    3 62    4 46    5 66    6 22    7 63    8 54    9  8   10 45 
   1 29    2 12    3 71    4 46    5 75    6 19    7 44    8 92    9 85   10 18 
   1 56    2 55    3 18    4 16    5 57    6 31    7 57    8 98    9 54   10 37 
   1 10    2 78    3 45    4  9    5 38    6 94    7 44    8 93    9 81   10 36 
   1 88    2 95    3 40    4 36    5 42    6 31    7 52    8 84    9 73   10 36 
   1 67    2 81    3 17    4 90    5 77    6  9    7 72    8 30    9  6   10 56 
   1 86    2 25    3 58    4 59    5 28    6 84    7 51    8 14    9 72   10 87 
   1 80    2 69    3 66    4 86    5 36    6 78    7 99    8 43    9  9   10 40 
   1 74    2 88    3 78    4 87    5 63    6  8    7 51    8 26    9 43   10 24 
   1 65    2 31    3 22    4 66    5 24    6 81    7 96    8 18    9 25   10 99 
   1 64    2 47    3 23    4 98    5 69    6 24    7 50    8 92    9 11   10 13 
   1 33    2 75    3  2    4 16    5 26    6 70    7 80    8 63    9 75   10 95 
   1 72    2 32    3 73    4 70    5 23    6 71    7 11    8 90    9 22   10 63 
   1  4    2 87    3 44    4 34    5 57    6 99    7 53    8 20    9 14   10 24 
   1 32    2 50    3 95    4 26    5 72    6 60    7 39    8 84    9 97   10 65 
   1 24    2 40    3 15    4 70    5 70    6 78    7 14    8  5    9  5   10  2 
   1 23    2 18    3 95    4 98    5 17    6 91    7 71    8 76    9 14   10 93 
   1 96    2 53    3 14    4  5    5 48    6 65    7 47    8 58    9 89   10 73 
   1 65    2 10    3 35    4 54    5 91    6 48    7 39    8 98    9 34   10 93 
   1 84    2 31    3 36    4 53    5 91    6 78    7  5    8 68    9 39   10 55 
   1 95    2 74    3 55    4 44    5 95    6 84    7 48    8 37    9 40   10 86 
   1 87    2 89    3  9    4 20    5 26    6 12    7 76    8 36    9 36   10 99 
   1 51    2 27    3 55    4 77    5 62    6 94    7 98    8  1    9 77   10 23 
   1  9    2 47    3 78    4 31    5 90    6 53    7 64    8 43    9 52   10 32 
   1 79    2 99    3 97    4  6    5 15    6 79    7 85    8 84    9 66   10 78 
   1 51    2 48    3 95    4 65    5 35    6  7    7 68    8 83    9 82   10 28 
   1 49    2 73    3 25    4 17    5 91    6 73    7 96    8 96    9 51   10 94 
   1  8    2  6    3 74    4 38    5 95    6 81    7 40    8 98    9 85   10 59 
   1 58    2 76    3 93    4 14    5 27    6 66    7 42    8  3    9 57   10 72 
   1 95    2 34    3  6    4 34    5 27    6 26    7  2    8 87    9  6   10 57 
   1 44    2 18    3 92    4 45    5  7    6 58    7 97    8 99    9 84   10 46 
   1 84    2 52    3 12    4  9    5 31    6 98    7 95    8 34    9 59   10 88 
   1 42    2 40    3 75    4 41    5 97    6 95    7 94    8 90    9 76   10 30 
   1 28    2 51    3  3    4 22    5 38    6 41    7 28    8 90    9 70   10  9 
   1 16    2 91    3 84    4 63    5 76    6 69    7 45    8 39    9 49   10 50 
   1 56    2 14    3 38    4 84    5 68    6 15    7  6    8 55    9 65   10 61 
   1 71    2 29    3 87    4 21    5 83    6  8    7 39    8 44    9 86   10 37 
   1 86    2 17    3 68    4 20    5 23    6 53    7 49    8 93    9 46   10 44 
   1 28    2 37    3 51    4 12    5 67    6 38    7 19    8  5    9  2   10 66 
   1 73    2 78    3 24    4 17    5 41    6 36    7 85    8 97    9 68   10 84 
   1 28    2 90    3 85    4 33    5 52    6 92    7 94    8 60    9 25   10 52 
   1 93    2 41    3 45    4 20    5 63    6 81    7 35    8 99    9 84   10 71 
   1 56    2 72    3 68    4 82    5 93    6 62    7 99    8 30    9 30   10 41 
   1 95    2 67    3 45    4 18    5 67    6 23    7 80    8 51    9  3   10  7 
   1  7    2 11    3  1    4 17    5 77    6 55    7 61    8 39    9 59   10 70 
   1 56    2 68    3 32    4 53    5 95    6 55    7 39    8  2    9 35   10 72 
   1 73    2 97    3  3    4 52    5 67    6 85    7 84    8 68    9 52   10 54 
   1 13    2  5    3 63    4 68    5 20    6 16    7 64    8 41    9 52   10 73 
   1 98    2 73    3 29    4 43    5 60    6 93    7 25    8 60    9 34   10 61 
   1 41    2 45    3 53    4  6    5 19    6 36    7 91    8 36    9 66   10  4 
   1 88    2 94    3 36    4 71    5  3    6 16    7 62    8 41    9 20   10 66 
   1 36    2 66    3 94    4 37    5 92    6 25    7 13    8 61    9 91   10 35 
   1 19    2 40    3  3    4 41    5  5    6 40    7 18    8 62    9 44   10 83 
   1  8    2 33    3 96    4 96    5 52    6 69    7 29    8 13    9 42   10 52 
   1 13    2 53    3 56    4 93    5 65    6 45    7 39    8 22    9  5   10 17 
   1 85    2 18    3 44    4 60    5 85    6  2    7 44    8 61    9 90   10 38 
   1  8    2  8    3 74    4 55    5 13    6 22    7 55    8 63    9 30   10 29 
   1 44    2 74    3 21    4 31    5 43    6 21    7 92    8 17    9 89   10 80 
   1 90    2 84    3 36    4 70    5 66    6 44    7  4    8 23    9 54   10 58 
   1 28    2 22    3 31    4 71    5 59    6 47    7 45    8  4    9 54   10 72 
   1 93    2 25    3 99    4 28    5 11    6 75    7 53    8 25    9  3   10 94 
   1 13    2 79    3 44    4 71    5 45    6 57    7 62    8 76    9 16   10 94 
   1 95    2  4    3 66    4 14    5 18    6 10    7  6    8 13    9 89   10 74 
   1  2    2 55    3 28    4 17    5 88    6 93    7 28    8 13    9 23   10 27 
   1 10    2 50    3 27    4 92    5 59    6 85    7 85    8 64    9 72   10 76 
   1  8    2  3    3 54    4 14    5 57    6 52    7 27    8 38    9  1   10  8 
   1 99    2 74    3 86    4 18    5 83    6 16    7 37    8  1    9 85   10 94 
   1 61    2 35    3 90    4 33    5 37    6 31    7 69    8 88    9 84   10 16 
   1 81    2 28    3 58    4  8    5  8    6 10    7 49    8 38    9 73   10 74 
   1 53    2 11    3 66    4 49    5 24    6 93    7 33    8  9    9 59   10 81 
   1 30    2 42    3 17    4 10    5 39    6 59    7 84    8 31    9 59   10 47 
   1 99    2 43    3 96    4 49    5 72    6 30    7 29    8 82    9 75   10 63 
   1 82    2  1    3 74    4 66    5 91    6 87    7 53    8 62    9  9   10 10 
   1 42    2 54    3 59    4  1    5 20    6 75    7 81    8 81    9 30   10 85 
   1 83    2 94    3 44    4 93    5 34    6 72    7 14    8 61    9 42   10 98 
   1 47    2 44    3 20    4 78    5 80    6 14    7 11    8 81    9 52   10 64 
   1  8    2 47    3 33    4 45    5 88    6 93    7 70    8 71    9 38   10 81 
   1 59    2 87    3 14    4 31    5 88    6 33    7 86    8 79    9 16   10 89 
   1 40    2 48    3 35    4 38    5  1    6 19    7 51    8  6    9 23   10 77 
   1 69    2 32    3 24    4 89    5 73    6 81    7 75    8 57    9 15   10 72 
   1 38    2 46    3 16    4 14    5 22    6 38    7 86    8 83    9 68   10 20 
   1 29    2 20    3 37    4 44    5 63    6 36    7 39    8 93    9 26   10 24 

