ta081
100 20
   1 12    2 27    3 24    4 42    5  5    6 27    7 51    8 48    9 42   10 31   11 48   12 51   13  8   14  1   15  1   16 28   17  4   18 44   19  6   20 57 
   1 72    2 97    3 57    4 16    5 42    6 69    7  9    8 44    9 18   10 49   11 92   12 84   13 37   14 77   15 59   16 81   17 40   18  6   19 49   20 88 
   1 29    2 53    3 68    4 44    5 47    6 38    7 22    8 73    9 31   10 78   11 43   12 28   13 33   14 92   15 53   16 96   17  5   18 18   19 84   20 88 
   1 16    2 16    3 58    4 75    5 47    6 66    7 15    8 95    9 18   10 23   11 35   12 63   13  4   14 57   15 22   16 99   17 37   18 51   19 72   20 43 
   1 22    2 36    3 76    4 32    5 47    6 21    7 84    8 72    9 55   10 37   11  7   12 86   13  8   14 46   15 10   16 79   17 80   18 77   19 39   20 25 
   1 61    2 28    3 70    4 66    5 78    6 65    7 38    8 12    9 82   10 34   11 51   12 99   13 38   14 75   15 48   16 97   17 46   18 47   19 51   20 81 
   1 69    2 50    3 72    4 31    5 94    6  3    7 71    8 30    9 64   10 43   11 85   12 27   13 97   14  2   15 94   16 15   17 14   18 27   19 77   20  3 
   1 71    2 41    3 56    4  6    5 18    6  7    7 11    8 22    9 36   10  7   11 66   12 24   13 75   14 14   15 46   16  6   17 81   18 17   19 59   20  3 
   1 86    2 42    3 56    4  6    5 14    6 10    7 45    8 25    9 48   10 69   11 87   12 36   13 76   14 14   15 57   16 77   17 16   18 42   19 97   20 78 
   1 16    2 86    3 55    4 52    5 97    6 11    7 48    8 92    9 74   10 97   11 71   12 83   13 93   14 79   15 55   16 98   17 10   18 84   19  5   20 97 
   1 54    2  2    3 89    4  7    5 54    6 41    7 29    8  5    9 17   10 15   11 16   12 24   13 69   14 64   15 66   16  5   17 79   18  3   19 83   20 74 
   1 53    2 45    3 23    4 92    5 73    6 64    7 31    8 44    9 60   10 38   11 40   12 54   13 10   14  8   15 69   16 51   17 35   18 69   19 51   20 71 
   1 64    2 86    3 42    4 45    5 94    6  9    7 14    8 90    9 18   10 80   11 22   12 34   13 25   14 73   15  7   16 51   17 41   18  3   19  9   20 50 
   1 96    2 43    3 26    4 70    5 17    6 15    7 56    8 35    9 88   10 78   11 12   12 49   13 40   14 15   15 13   16 60   17 83   18  6   19  9   20 70 
   1 79    2 92    3 87    4 72    5 97    6 71    7 59    8 24    9 37   10 89   11  2   12 43   13 88   14 71   15 64   16 17   17 13   18 94   19 59   20 23 
   1 68    2 73    3 17    4 48    5  7    6 86    7 35    8 64    9 29   10 95   11 90   12  5   13 90   14  6   15 83   16 98   17 93   18 58   19 30   20 43 
   1 98    2 99    3 38    4 86    5 94    6  2    7  7    8 82    9 19   10  1   11 63   12 70   13 57   14 54   15 39   16 46   17 55   18 65   19 86   20 51 
   1 87    2 84    3 24    4 63    5 94    6 26    7 20    8  7    9 51   10 18   11 52   12 56   13 39   14 59   15 46   16 87   17 48   18 36   19 49   20 97 
   1 40    2 83    3 82    4 61    5 68    6 57    7 48    8 34    9 20   10 11   11 15   12 71   13 29   14 49   15 59   16 44   17 35   18 28   19 46   20 57 
   1 74    2 61    3 55    4 92    5  4    6 78    7 88    8 91    9  7   10 11   11  6   12 12   13 97   14 38   15 36   16 18   17 75   18 68   19 13   20 77 
   1 22    2  7    3 47    4 73    5 60    6 84    7 54    8 59    9 43   10 92   11 18   12 30   13 51   14 21   15 69   16 71   17 66   18 73   19 45   20 90 
   1 23    2  8    3  7    4 49    5 70    6 20    7 30    8  5    9 77   10 99   11 87   12 77   13 97   14 60   15 47   16 93   17 82   18 81   19 51   20 58 
   1 47    2 62    3 99    4 53    5 68    6 21    7 81    8 47    9 95   10 81   11 66   12 55   13  5   14  8   15 83   16 97   17  3   18 12   19 68   20 75 
   1 55    2  3    3 89    4 20    5 22    6  3    7  2    8 96    9 92   10 79   11  7   12 92   13 75   14 35   15 25   16 44   17 79   18 89   19 82   20  4 
   1 21    2 21    3 20    4 97    5 17    6 39    7  1    8  7    9 27   10 53   11 43   12 78   13 91   14 81   15 12   16 18   17 78   18 53   19  6   20 12 
   1 90    2 50    3 65    4 58    5 59    6 64    7 78    8 53    9 70   10 47   11 27   12 79   13 80   14 96   15 28   16 59   17 48   18 14   19 99   20  2 
   1 68    2 71    3  3    4 59    5 98    6 51    7  8    8 60    9 91   10 48   11 78   12 52   13 81   14 61   15 30   16  9   17 99   18 88   19 12   20  4 
   1 14    2 95    3 45    4 29    5 55    6 83    7  8    8 77    9 74   10 32   11 80   12 19   13 60   14 89   15 49   16 45   17 91   18 78   19  8   20 28 
   1 42    2 70    3 89    4 98    5 76    6 12    7 71    8 61    9 62   10 58   11 73   12 16   13 97   14 58   15 81   16 78   17 29   18 63   19 36   20 54 
   1 41    2 60    3 96    4 61    5  3    6 16    7 60    8 14    9 80   10 33   11 86   12 21   13 14   14 32   15 56   16 67   17 87   18 81   19 24   20 39 
   1 40    2  4    3 16    4 83    5 21    6  3    7 41    8 88    9 85   10 65   11 82   12 37   13  2   14 59   15 96   16 65   17 27   18 29   19 82   20 30 
   1 63    2 58    3 42    4  8    5 10    6  1    7 39    8 97    9  8   10 86   11 33   12 85   13 55   14 89   15 89   16 50   17  2   18 15   19 73   20 71 
   1 23    2 16    3 70    4 83    5 11    6 88    7  8    8 92    9 39   10 60   11 92   12 56   13 97   14 99   15 73   16 87   17 48   18 81   19 66   20 89 
   1 75    2 30    3 69    4 73    5 44    6 80    7 96    8 65    9 85   10 47   11  8   12 29   13 60   14  7   15 52   16 29   17 33   18 84   19 69   20 33 
   1  4    2 80    3 77    4  2    5 29    6 77    7  3    8 73    9 83   10 89   11 87   12 56   13  8   14 79   15 12   16 80   17 92   18 36   19 71   20 85 
   1 31    2 71    3 46    4 56    5 43    6  2    7 79    8 19    9 76   10 40   11 64   12 23   13 30   14 38   15 98   16 14   17 15   18  8   19 70   20  2 
   1 87    2 59    3 20    4  7    5 60    6 14    7 48    8 99    9 31   10 72   11  7   12 19   13 87   14  1   15 12   16 70   17 55   18 60   19 61   20 69 
   1 25    2 75    3 71    4 15    5 14    6 60    7 23    8 92    9 12   10 54   11 26   12 52   13 42   14 67   15 40   16 10   17 24   18 24   19 42   20 20 
   1 47    2 52    3 91    4 55    5 46    6 45    7 38    8 19    9 69   10 29   11 79   12 39   13 16   14 63   15 70   16 30   17 59   18 57   19 77   20 64 
   1 70    2 25    3  8    4  3    5  3    6 39    7 85    8 66    9 26   10 57   11 49   12  4   13 56   14 42   15 35   16 19   17 41   18 87   19 10   20 94 
   1  1    2 86    3 34    4 73    5 60    6 32    7 32    8 25    9 54   10 93   11 71   12 46   13 86   14  3   15 58   16 51   17 49   18 61   19  2   20  3 
   1 49    2 48    3 72    4 13    5 72    6 97    7 69    8 79    9 91   10 65   11 72   12 59   13  4   14 29   15 95   16  4   17 88   18 57   19  6   20 41 
   1 59    2 53    3 40    4 47    5 90    6 98    7 56    8 36    9 61   10 39   11 69   12 22   13 30   14 23   15 41   16 23   17 67   18 85   19 24   20 37 
   1 11    2 54    3 82    4 76    5  1    6 65    7 99    8 10    9 27   10  8   11 30   12 76   13 15   14 21   15 71   16  9   17 49   18 45   19 97   20 36 
   1 93    2 98    3 60    4 15    5 42    6 86    7 51    8 23    9 88   10 87   11 28   12 34   13 24   14 25   15 90   16 62   17 81   18 69   19 15   20 74 
   1 38    2 36    3 59    4 43    5 74    6  6    7 59    8 37    9 53   10 57   11 46   12 63   13 23   14 48   15  3   16 30   17 89   18 15   19 91   20 53 
   1  5    2  9    3 59    4 44    5 54    6 14    7 47    8 76    9 47   10  5   11 75   12 32   13 57   14 33   15 68   16 20   17 43   18  7   19 32   20 49 
   1 43    2 78    3 43    4 13    5 41    6 99    7 79    8 83    9 39   10 56   11 78   12 72   13 81   14 92   15  5   16 69   17 24   18 87   19 68   20 77 
   1 82    2 80    3 72    4 16    5 15    6 93    7 67    8 58    9 14   10 80   11 34   12 92   13 77   14  2   15 18   16 88   17 70   18 58   19 17   20 13 
   1 33    2 88    3 10    4 18    5 38    6 54    7 83    8 99    9 78   10  2   11  4   12 72   13 43   14 12   15 26   16 22   17 74   18 61   19  1   20 37 
   1 26    2 52    3 63    4 16    5 24    6 54    7 58    8 29    9 90   10 17   11 23   12 26   13 82   14 32   15  2   16 43   17 44   18 82   19 49   20 34 
   1 89    2 30    3 67    4 18    5 91    6 92    7 49    8 35    9 90   10 84   11 69   12 46   13 97   14 38   15 21   16 63   17 23   18 73   19 25   20 31 
   1 86    2 62    3 12    4  3    5 49    6 57    7 50    8 49    9 50   10 86   11 33   12 30   13  3   14 67   15 86   16 67   17 89   18 84   19 46   20 15 
   1 10    2  8    3 41    4 11    5 23    6 39    7 19    8 89    9 64   10 65   11 11   12 49   13 46   14 93   15  8   16 22   17 96   18 63   19 37   20 32 
   1 16    2 45    3  5    4 98    5 63    6 13    7 64    8 79    9 94   10 53   11  5   12  3   13 86   14 80   15 33   16 82   17 80   18 14   19 56   20 45 
   1 72    2 77    3 25    4  9    5 88    6 70    7  5    8 82    9 79   10  5   11 54   12 81   13 62   14 75   15 88   16 41   17 44   18 73   19 50   20 50 
   1 96    2 90    3 67    4 28    5  1    6 73    7  5    8 92    9 10   10 16   11 42   12  4   13 26   14 59   15 33   16 69   17 69   18 84   19  9   20 81 
   1 47    2 52    3 95    4 44    5 30    6 16    7 52    8 45    9 18   10 58   11 12   12 46   13 56   14 51   15 65   16 81   17  7   18  9   19 62   20 46 
   1  9    2 39    3 46    4 14    5 85    6 43    7 15    8 42    9  7   10 60   11 40   12 95   13 67   14  7   15  8   16 21   17 10   18 38   19 10   20 93 
   1 56    2 95    3 37    4 39    5 22    6  9    7 26    8 21    9 26   10 78   11 30   12 20   13 87   14 65   15 89   16 54   17 15   18 67   19 89   20 13 
   1  8    2 86    3 41    4 76    5 94    6  2    7 67    8 51    9 51   10 25   11 51   12 56   13 46   14  6   15 46   16 42   17 55   18 76   19 66   20 47 
   1 69    2 15    3  2    4 92    5 39    6 76    7 11    8 30    9 23   10 71   11 94   12 57   13 66   14 59   15 76   16 53   17 27   18 18   19 98   20 50 
   1 87    2 98    3 25    4 59    5 70    6 38    7 77    8 70    9 43   10 93   11 24   12 85   13 53   14 30   15 57   16 52   17 55   18 70   19 10   20 70 
   1 84    2 59    3 99    4 95    5 85    6 66    7 74    8  2    9 95   10 99   11 28   12 31   13 34   14 67   15 51   16 26   17  2   18 69   19 70   20 21 
   1 62    2 22    3 48    4 11    5  7    6 21    7 88    8 20    9 57   10  6   11 84   12 44   13 52   14 41   15 58   16 69   17 82   18  4   19 92   20 41 
   1 52    2 43    3 24    4 55    5 65    6 32    7 83    8 82    9 30   10 62   11 69   12  1   13 81   14 32   15 62   16 80   17 42   18 58   19 36   20 12 
   1 82    2 85    3 18    4 56    5 43    6 78    7 96    8 13    9 86   10 60   11 44   12 11   13 68   14 63   15 59   16 46   17 88   18 66   19 82   20 18 
   1 66    2 93    3 10    4 16    5  4    6 41    7 73    8 92    9 80   10 33   11 98   12 72   13 48   14  7   15 71   16 10   17 84   18 11   19 54   20 28 
   1 67    2  6    3 23    4 56    5 60    6 52    7 59    8 91    9 55   10 57   11 36   12  6   13  4   14  8   15 12   16 81   17 38   18  1   19 34   20 22 
   1 33    2 46    3 66    4 23    5 90    6 88    7 94    8  2    9 76   10 79   11 21   12 68   13 25   14 89   15 11   16 99   17 69   18 51   19 34   20 60 
   1  3    2 51    3 82    4 84    5 73    6 76    7 15    8 80    9 12   10  7   11  9   12 62   13 76   14 51   15 82   16  6   17 31   18 38   19  5   20 69 
   1 53    2 97    3 84    4 22    5 21    6 14    7 50    8 38    9 91   10 69   11 48   12 18   13 46   14 81   15 56   16 90   17  5   18 16   19 12   20 49 
   1 95    2 79    3 14    4 32    5 25    6 86    7 20    8 54    9 95   10 82   11 30   12 21   13 13   14  9   15 57   16 79   17  3   18 81   19  3   20 38 
   1 42    2 46    3 13    4 40    5 33    6 35    7 54    8 45    9 28   10 26   11 15   12 48   13 72   14 13   15 53   16 34   17 37   18 39   19 56   20 80 
   1 59    2 71    3 88    4 47    5 48    6 81    7 16    8 19    9 12   10 41   11 21   12 32   13 72   14 27   15 45   16 56   17 14   18 56   19 44   20 52 
   1 77    2 18    3  7    4 92    5 25    6 32    7 33    8 65    9 18   10 52   11 43   12 42   13 82   14 74   15 96   16 75   17 35   18 83   19 41   20 45 
   1 38    2 33    3 40    4 61    5 27    6 75    7  9    8 35    9 80   10 38   11 91   12 79   13 32   14 59   15 31   16 54   17 61   18 27   19 14   20 34 
   1 12    2 13    3 20    4 51    5 37    6 38    7 74    8 66    9 32   10 21   11 49   12 74   13 25   14 98   15 39   16 94   17 43   18 29   19 25   20  3 
   1  1    2  3    3 68    4 74    5 63    6 55    7 11    8 26    9 67   10 84   11 86   12 82   13 58   14 31   15 12   16 84   17 38   18 93   19 78   20 61 
   1 66    2 32    3 22    4 85    5 28    6 96    7 21    8 18    9  2   10 74   11 36   12  3   13 17   14 98   15 13   16 55   17 48   18 70   19 25   20 96 
   1 24    2 28    3 92    4  6    5 88    6 19    7 97    8 32    9  4   10 76   11 41   12 64   13 99   14 48   15  8   16 64   17 89   18 64   19 89   20 99 
   1 17    2 48    3 53    4 13    5 27    6 35    7 15    8 51    9 30   10 16   11 10   12 90   13 54   14 74   15 49   16 14   17 86   18 22   19 83   20 49 
   1 58    2  8    3 16    4 32    5 94    6 41    7 43    8 23    9 64   10 75   11 75   12 10   13 81   14 76   15  4   16 18   17 37   18 84   19 78   20 78 
   1 71    2 42    3 10    4  8    5 20    6 77    7  2    8 18    9 69   10 75   11 56   12 72   13 73   14 75   15 33   16  6   17 20   18 25   19 23   20 34 
   1 88    2 26    3 23    4 43    5 54    6 36    7  1    8 87    9 76   10 36   11 70   12  2   13 93   14 78   15 22   16 27   17 33   18 73   19 51   20 78 
   1 63    2 26    3 88    4 30    5 17    6 24    7 74    8 74    9 92   10 79   11 73   12 49   13 73   14 11   15 30   16 20   17  1   18 81   19  7   20 79 
   1 60    2 95    3 65    4 53    5 74    6 52    7 37    8 10    9 50   10 71   11 57   12 88   13 79   14 71   15 34   16 54   17  8   18 10   19 20   20 64 
   1 86    2 44    3 11    4 24    5 35    6 60    7 61    8 76    9 35   10 82   11 51   12 53   13 54   14 54   15 19   16 30   17 61   18 46   19 30   20 55 
   1  8    2 74    3 89    4  2    5 15    6 43    7  3    8 31    9 20   10 70   11 34   12 59   13 72   14 10   15 24   16 58   17 41   18 32   19 30   20 63 
   1  8    2 82    3 78    4 11    5 53    6 30    7 75    8 31    9 23   10 22   11 62   12 88   13 37   14 96   15 56   16 35   17 40   18 38   19 30   20 24 
   1 44    2 28    3 94    4 33    5 64    6 86    7 41    8 93    9 52   10 39   11  3   12 97   13 68   14 97   15 96   16 66   17 10   18 68   19 63   20 58 
   1 99    2  4    3 32    4 27    5 38    6  6    7 86    8 61    9 25   10  8   11 34   12 98   13 22   14 75   15 35   16 85   17 10   18 40   19 82   20 25 
   1 80    2 42    3 64    4 35    5 79    6  8    7 51    8 26    9 82   10 22   11 27   12 94   13 94   14 41   15 43   16 78   17 75   18 33   19 40   20 93 
   1 76    2 81    3 42    4 40    5 45    6 31    7 65    8 39    9 18   10 79   11 29   12 95   13 37   14 30   15  8   16 15   17  9   18 79   19 39   20 73 
   1 94    2 56    3 74    4 40    5 67    6 80    7 42    8 83    9  2   10 90   11 25   12 93   13 15   14 73   15  5   16 29   17 81   18 64   19 37   20 45 
   1 75    2 38    3 87    4 96    5 93    6 82    7 50    8 11    9 29   10 55   11 97   12 95   13 31   14 84   15 65   16 31   17 40   18 36   19 44   20 93 
   1 63    2 50    3 63    4 69    5 16    6  2    7 48    8 57    9 70   10 77   11 30   12  6   13 46   14 22   15 64   16 45   17 13   18 62   19  2   20 37 
   1 57    2 12    3 94    4 23    5 59    6 59    7 88    8 81    9  7   10  3   11 28   12  1   13 33   14  8   15 20   16 41   17 10   18 82   19 27   20 64 
   1 76    2 43    3 87    4 32    5 47    6 47    7 52    8 40    9 36   10 20   11 48   12 15   13 82   14 98   15 54   16 84   17 53   18 44   19 71   20 92 
   1 34    2 51    3 72    4 13    5 95    6 21    7 46    8 97    9 96   10 61   11 99   12 66   13 75   14 68   15 38   16 51   17 28   18 99   19 45   20 59 

