ta082
100 20
   1 20    2 70    3  3    4 28    5 91    6 39    7 94    8 10    9 99   10 75   11 47   12 94   13 56   14 59   15 74   16 78   17 17   18 74   19 12   20 98 
   1 24    2 33    3 21    4 70    5 97    6 85    7  7    8 64    9 53   10 65   11 12   12 93   13 31   14 94   15 26   16 58   17 60   18 71   19  5   20 97 
   1 40    2 54    3 75    4 36    5 41    6 18    7 77    8 76    9 70   10 18   11 19   12 53   13 66   14 87   15 84   16 53   17 51   18 89   19 15   20 69 
   1 36    2  8    3 41    4 45    5 72    6 90    7 96    8  5    9 92   10 24   11 32   12 63   13 73   14 22   15 41   16 17   17 61   18 81   19 16   20 24 
   1 31    2 19    3 50    4  3    5 75    6 31    7 40    8  8    9 77   10 52   11 63   12 41   13 96   14 59   15  3   16 36   17 26   18 59   19 64   20 10 
   1 46    2 76    3 39    4 31    5 40    6 14    7 14    8 70    9 27   10 62   11 78   12 81   13 31   14 30   15 46   16  3   17 60   18 62   19  6   20  7 
   1 59    2 29    3 32    4 87    5 67    6 93    7 21    8 85    9 84   10 80   11 77   12 74   13 41   14  2   15 39   16 83   17 80   18 64   19 65   20 79 
   1 28    2 91    3 87    4 92    5 11    6 48    7 41    8 75    9 48   10 58   11 51   12 37   13 79   14 55   15 90   16 91   17 45   18 62   19 53   20 84 
   1 99    2 62    3  9    4  4    5 53    6 45    7 95    8  8    9 17   10 85   11 59   12 52   13 66   14 36   15 62   16 73   17 20   18 67   19 19   20 50 
   1  7    2 57    3 72    4 68    5 21    6 31    7 38    8 24    9 37   10 90   11 54   12 24   13 49   14 73   15 63   16 81   17 62   18 68   19 93   20 86 
   1 74    2 31    3 56    4 93    5 84    6 76    7 33    8 84    9 27   10 61   11 48   12 45   13 39   14 98   15 74   16 74   17 55   18 87   19 21   20 24 
   1 84    2 61    3 38    4 87    5 85    6 38    7 53    8 14    9 38   10 72   11 96   12 19   13 28   14 15   15  4   16  2   17 25   18 47   19 38   20 28 
   1 13    2 69    3 79    4 67    5 18    6 60    7 24    8 93    9 28   10  9   11 52   12 72   13 24   14 54   15 37   16 31   17 68   18 60   19 54   20 73 
   1 40    2 40    3 36    4 22    5 57    6 87    7  8    8 23    9  5   10 12   11 42   12 62   13 85   14 55   15 75   16 37   17 56   18 10   19 46   20 72 
   1 68    2 16    3 89    4  9    5 26    6  8    7 52    8 11    9 69   10 95   11 57   12 78   13 64   14  3   15 72   16 78   17  5   18 76   19 33   20 19 
   1 85    2 47    3  1    4 50    5 80    6 58    7 99    8 73    9 35   10 15   11 30   12 83   13 37   14 54   15 30   16 74   17 14   18 46   19 38   20 20 
   1 35    2 84    3 62    4 81    5 16    6 79    7 79    8  7    9 87   10 30   11 34   12 98   13 85   14 89   15 43   16 51   17 20   18 56   19 32   20  8 
   1 39    2 88    3 73    4 60    5 22    6 61    7 59    8 33    9 76   10 86   11 77   12 83   13 40   14 50   15 95   16 41   17 19   18 48   19 12   20 20 
   1 11    2 20    3 45    4 21    5 92    6 18    7 91    8 73    9 30   10 73   11 80   12 58   13 35   14 68   15 41   16 78   17 92   18 61   19 90   20 45 
   1 79    2  6    3 54    4  2    5 36    6 94    7 98    8  8    9 96   10 97   11  7   12 61   13 77   14  9   15 97   16 26   17 88   18 13   19 46   20 59 
   1 58    2 94    3 81    4 93    5 93    6 99    7 49    8 75    9 59   10 57   11 11   12 47   13 30   14 81   15 70   16 33   17 23   18 13   19  8   20 51 
   1 89    2 40    3 70    4 99    5 34    6 93    7  4    8 73    9 26   10 20   11  2   12 16   13 26   14 42   15 92   16 70   17 78   18 38   19 78   20 54 
   1 71    2 52    3  7    4 97    5 13    6 28    7 27    8 74    9 81   10 78   11 91   12 28   13 41   14 11   15 36   16 10   17 35   18 37   19 95   20 58 
   1 81    2 79    3 56    4 28    5 78    6  7    7  2    8 65    9 58   10 64   11 99   12 48   13  6   14 12   15 70   16 45   17 94   18 11   19 28   20 16 
   1 84    2 65    3 61    4  9    5 35    6 74    7 29    8 45    9 55   10 55   11  5   12 63   13 19   14 55   15 37   16 70   17 31   18 12   19 47   20 38 
   1 36    2 81    3  6    4 14    5 85    6 62    7 70    8 46    9 11   10 46   11 43   12 74   13 83   14 75   15 36   16  2   17 67   18 63   19 10   20 94 
   1 79    2  2    3 67    4 44    5 86    6 57    7  6    8 34    9 99   10  8   11 39   12 45   13 52   14 10   15 42   16 92   17 10   18 97   19 16   20 72 
   1 77    2 85    3 87    4 87    5 47    6  7    7 64    8 51    9 23   10 53   11 64   12 36   13 54   14 91   15 34   16 50   17 15   18 26   19 45   20 69 
   1 36    2 32    3  9    4 71    5 88    6 73    7 57    8 14    9 51   10 17   11  8   12 29   13 71   14 87   15 29   16 54   17 32   18 27   19 18   20 14 
   1  1    2 82    3 58    4 84    5 50    6 92    7 50    8 24    9 59   10 26   11 26   12 38   13 86   14  5   15 80   16 64   17 94   18 89   19  4   20 83 
   1 18    2 63    3 71    4  3    5 41    6 15    7 84    8 61    9 49   10 55   11 71   12 66   13 45   14 44   15 91   16 44   17 15   18 74   19 98   20 86 
   1 64    2 88    3  4    4 35    5 30    6 88    7 66    8 21    9 27   10 66   11 32   12 62   13 78   14 56   15 56   16  4   17 53   18 80   19 35   20 58 
   1 79    2 25    3 34    4 99    5 90    6 10    7 84    8 68    9  1   10 31   11 73   12 96   13 61   14 18   15 71   16 99   17 42   18 83   19 85   20 61 
   1  6    2 47    3 94    4 27    5 96    6 81    7 47    8 11    9 60   10 35   11 26   12 22   13  5   14 89   15 14   16 43   17 45   18 49   19 77   20 77 
   1 54    2 58    3 34    4 53    5 38    6 18    7 78    8 28    9 71   10  1   11 91   12 95   13 87   14 51   15 31   16 43   17 39   18 79   19  4   20 63 
   1 67    2 42    3  2    4 10    5 56    6 50    7 76    8 70    9 12   10 53   11 92   12 81   13 43   14 94   15 75   16 11   17 84   18 49   19 33   20 67 
   1 97    2 96    3 69    4 12    5 55    6 33    7 32    8 80    9 15   10 41   11 55   12 92   13 44   14 11   15 80   16 60   17 64   18 44   19 87   20  1 
   1 73    2 66    3 33    4 75    5  3    6 90    7 97    8  1    9  9   10 74   11 51   12 20   13 42   14 56   15 73   16 53   17 27   18 30   19 47   20 59 
   1 84    2 31    3 85    4 22    5 99    6 71    7 14    8 80    9 60   10 69   11 11   12 51   13 30   14 37   15 32   16 45   17 10   18 30   19  5   20 18 
   1 48    2 39    3 63    4 32    5 23    6 82    7 57    8 69    9 91   10  4   11 22   12 71   13 12   14 85   15 56   16 63   17 22   18 53   19 81   20 26 
   1 80    2  7    3 48    4 85    5 44    6 98    7 55    8 52    9 66   10 67   11 75   12 30   13  7   14 55   15 84   16 87   17 14   18 46   19 25   20 45 
   1 13    2 64    3 60    4 43    5 89    6 20    7 68    8 19    9 35   10 97   11 49   12 23   13 18   14 33   15 20   16 20   17  8   18 26   19 31   20 82 
   1 33    2 92    3 16    4 31    5  9    6 42    7 10    8 65    9 42   10 13   11 95   12 77   13 80   14  9   15 64   16 71   17 70   18 31   19 83   20 78 
   1 57    2 47    3 57    4 31    5 65    6 70    7 36    8 63    9 27   10 60   11 88   12 20   13 53   14 20   15 44   16 95   17 91   18  1   19 45   20 43 
   1 10    2 64    3 49    4 57    5 53    6 51    7 90    8 70    9 52   10  1   11  6   12  1   13  6   14 26   15 69   16 71   17 23   18 43   19 23   20 61 
   1 11    2 16    3 83    4 91    5 43    6 50    7  3    8 57    9 33   10 35   11 19   12 96   13 81   14 80   15 63   16 99   17 35   18 27   19 30   20  2 
   1 21    2 72    3 90    4 22    5 33    6  5    7 66    8 28    9 74   10  7   11 99   12 32   13 29   14 98   15 94   16 79   17  6   18 91   19 89   20 70 
   1 72    2 99    3 62    4 10    5  1    6 64    7 16    8  2    9 73   10 77   11 73   12 13   13 22   14 88   15 86   16 19   17 52   18 70   19 40   20 52 
   1  5    2  6    3 25    4 62    5  7    6 80    7 57    8 25    9 10   10 54   11 27   12  8   13 49   14 55   15 66   16 41   17 93   18 89   19 92   20 99 
   1 16    2 15    3 12    4 40    5  5    6 50    7 54    8 12    9 63   10 62   11 50   12 36   13  1   14 78   15 97   16 74   17 26   18 68   19 48   20 60 
   1 72    2 26    3 72    4 26    5 92    6 57    7 80    8 58    9 26   10 82   11 25   12 18   13 79   14 53   15 25   16  8   17 89   18  2   19 63   20 97 
   1 75    2 33    3 86    4 11    5 69    6 84    7  9    8 45    9  5   10 69   11 33   12 64   13 56   14 46   15 90   16 55   17 49   18 82   19 63   20  1 
   1 15    2 76    3 63    4 93    5 98    6  6    7 26    8  3    9 56   10 59   11 94   12 58   13 15   14  3   15 12   16 87   17 89   18 72   19 76   20 76 
   1  5    2 72    3 53    4 59    5 71    6 95    7 56    8 24    9 30   10 20   11 35   12  1   13 36   14 56   15 62   16 87   17 60   18 29   19 90   20  8 
   1 25    2 56    3 49    4 75    5 59    6 21    7 76    8 36    9 53   10 56   11 63   12 72   13 48   14 46   15 83   16 37   17  6   18 12   19  1   20 15 
   1 67    2 86    3 30    4 83    5 96    6  8    7 80    8 50    9 59   10 77   11 44   12 10   13 31   14 34   15 32   16 52   17 60   18 37   19 24   20 69 
   1 37    2 84    3 29    4 60    5 77    6  9    7 77    8 55    9 88   10 23   11 80   12 20   13 57   14 27   15 12   16 36   17 24   18 46   19  1   20  5 
   1 73    2 38    3 53    4 69    5 82    6 10    7 29    8 36    9 24   10 80   11  7   12  6   13 49   14 21   15 38   16  6   17 70   18 50   19 77   20 31 
   1 13    2 55    3 92    4 65    5 14    6 31    7 21    8  2    9 23   10 12   11 72   12 40   13 20   14 81   15 22   16 42   17 42   18 93   19 91   20 39 
   1 31    2 78    3 58    4 34    5 82    6 78    7 72    8 43    9 45   10  3   11 95   12 91   13 67   14 14   15 92   16 30   17 86   18 77   19 78   20 34 
   1 19    2 84    3 84    4 25    5 11    6 58    7 33    8 35    9 55   10 97   11 40   12 56   13 20   14 52   15 63   16  3   17 64   18  6   19 93   20  9 
   1 14    2 30    3 27    4 53    5 96    6 26    7 52    8 23    9 99   10 76   11 48   12 39   13 34   14 50   15 61   16 86   17 47   18 77   19 32   20 81 
   1 41    2 88    3 82    4 40    5 78    6 79    7  2    8  9    9 32   10 45   11 41   12 68   13 78   14 80   15 46   16  3   17 19   18  7   19 97   20 34 
   1 89    2 71    3 13    4 97    5 14    6 35    7 40    8 26    9 54   10 38   11 15   12 50   13 27   14 48   15  6   16 89   17 17   18 63   19 85   20 16 
   1  2    2 43    3 96    4  3    5 42    6 16    7  6    8 95    9 41   10 89   11 18   12 93   13 40   14 22   15 83   16 57   17 30   18 21   19 91   20 14 
   1 48    2 24    3 58    4  3    5  2    6 53    7 59    8  8    9 59   10 36   11 31   12 71   13 46   14 10   15 49   16 27   17 79   18 85   19 40   20 13 
   1 97    2 31    3 81    4 88    5 82    6 72    7 22    8 67    9 31   10 60   11 68   12 79   13 23   14 56   15 78   16 28   17 53   18 67   19 67   20 36 
   1 22    2 28    3 48    4 35    5 32    6 30    7 50    8 90    9 55   10 59   11 99   12 57   13 28   14 18   15 84   16 88   17 71   18 77   19 84   20 73 
   1  8    2 81    3  1    4 53    5 10    6 33    7 35    8 33    9 49   10 18   11 79   12  5   13 84   14 67   15 97   16 48   17 77   18 95   19 31   20  6 
   1 41    2 46    3 40    4 38    5  8    6 38    7 77    8 97    9 37   10 74   11 78   12 95   13 33   14 63   15 56   16 26   17 95   18 52   19  5   20 43 
   1 25    2 21    3 74    4 57    5 70    6 23    7 99    8 94    9 72   10 24   11 95   12 41   13 87   14 47   15 76   16 58   17 73   18 97   19 89   20 29 
   1 26    2 37    3 68    4 37    5 45    6 49    7 22    8 30    9 91   10 95   11 37   12 12   13 76   14 43   15  9   16  6   17 97   18 79   19 59   20 68 
   1 50    2 72    3 70    4 53    5 93    6 54    7 36    8 45    9 81   10 17   11 37   12 84   13 18   14 71   15 38   16 33   17 32   18 21   19 69   20 59 
   1 99    2 65    3 71    4 31    5 74    6 56    7 78    8 45    9 74   10 74   11 50   12 81   13  3   14  4   15 21   16  3   17 25   18 20   19 68   20 76 
   1 24    2 35    3 28    4  3    5 45    6 60    7 10    8 28    9 87   10 79   11 79   12 88   13 77   14 29   15 80   16 25   17 85   18  7   19 46   20 86 
   1 22    2 29    3 23    4 85    5  9    6 91    7  2    8 39    9 17   10 61   11 30   12 32   13 50   14 99   15 47   16 61   17 79   18 54   19  4   20 43 
   1 88    2 31    3 47    4 26    5 98    6  3    7 78    8 91    9 69   10 91   11  2   12 94   13 96   14  6   15 24   16 93   17 17   18 71   19 90   20 12 
   1 51    2 16    3 71    4 67    5 49    6 67    7 90    8 85    9 66   10 59   11 30   12 37   13 75   14 19   15 95   16 69   17 31   18 79   19 76   20 18 
   1 78    2 28    3 23    4  8    5  4    6  2    7 58    8 93    9 58   10 42   11 78   12 31   13 91   14 56   15 80   16 53   17 78   18 22   19 97   20 55 
   1 28    2 82    3 34    4 60    5 75    6 49    7 63    8 60    9 27   10  6   11 99   12 25   13 12   14 96   15 65   16 47   17 31   18 77   19 33   20 21 
   1 50    2 17    3 53    4 72    5 53    6 85    7 65    8 53    9 32   10  5   11 42   12 92   13 34   14 44   15 72   16 28   17 21   18 59   19 23   20  9 
   1 47    2 17    3 34    4 42    5 28    6 30    7 45    8 59    9 27   10 87   11 99   12 74   13 51   14 94   15 91   16 36   17  5   18 11   19 46   20 47 
   1 62    2 34    3 79    4 49    5 51    6 25    7 89    8 49    9 33   10 87   11 16   12 49   13 54   14 83   15 21   16 39   17 34   18 69   19 36   20 17 
   1 41    2 94    3 62    4 62    5 93    6 12    7 51    8 40    9 28   10 10   11 58   12 10   13 37   14 30   15 70   16 63   17 96   18 85   19 70   20 49 
   1 53    2 86    3 53    4 84    5 92    6 22    7 11    8 48    9 69   10 55   11 35   12 76   13 82   14 65   15 12   16 66   17 95   18  7   19 98   20 28 
   1 96    2 41    3 64    4 82    5 59    6 30    7 64    8 45    9 44   10 58   11 84   12 11   13 69   14 61   15 67   16 44   17 63   18 85   19 45   20 12 
   1 36    2 66    3 44    4 58    5 68    6 12    7 38    8 77    9 29   10 13   11 84   12 44   13 49   14 21   15 65   16 18   17  4   18 42   19 49   20 84 
   1 48    2 70    3 62    4 94    5 96    6 53    7 83    8 22    9 48   10 53   11 35   12 32   13 19   14 76   15 90   16 67   17 60   18 44   19 50   20 12 
   1 35    2 81    3 10    4 54    5 38    6 51    7 26    8 83    9 87   10  5   11 20   12 89   13 69   14  8   15 47   16 17   17 35   18 74   19 52   20 62 
   1 54    2  1    3 85    4 32    5 89    6 50    7  2    8 73    9 24   10 49   11  4   12 56   13 48   14 99   15 82   16 84   17  6   18 69   19 67   20 15 
   1 10    2 60    3 12    4 83    5 23    6 31    7 21    8 87    9 36   10 97   11  9   12 69   13 96   14 68   15 62   16  9   17 75   18 68   19  6   20  7 
   1 80    2 35    3 68    4 78    5 70    6 65    7 21    8  4    9 37   10  5   11 44   12 76   13 13   14 42   15  3   16 33   17 41   18 64   19 58   20 26 
   1 96    2  9    3 27    4 88    5 39    6 37    7 64    8 72    9 91   10 88   11 35   12 65   13  4   14 38   15 84   16 80   17 61   18 37   19 71   20 58 
   1 90    2 88    3 27    4 45    5 64    6 81    7 60    8 77    9 62   10 62   11  5   12 47   13 28   14 44   15 30   16 27   17 11   18  4   19 53   20 30 
   1 11    2 36    3 34    4 99    5 12    6 18    7 31    8  1    9  7   10 71   11 68   12 53   13 74   14  7   15 91   16 42   17 74   18 89   19 36   20  5 
   1 65    2 95    3 14    4 34    5 60    6 35    7 48    8 35    9 34   10 96   11 43   12 39   13  7   14  3   15  5   16 60   17 52   18 96   19 80   20  7 
   1 44    2 25    3 35    4 73    5 33    6 37    7 25    8 38    9 31   10 47   11 69   12 41   13 24   14 61   15 11   16 96   17 60   18 92   19  8   20 40 
   1 27    2 42    3 16    4 92    5 74    6 58    7 21    8 59    9  6   10 15   11  9   12 89   13 98   14 10   15 41   16 81   17 43   18 74   19 27   20 50 
   1 11    2 33    3 75    4  4    5 17    6 94    7 43    8  6    9 75   10 78   11 78   12 39   13 30   14 84   15 14   16 31   17 50   18 33   19 21   20 30 
   1 51    2 27    3 59    4 19    5 17    6 75    7 14    8 47    9  4   10 45   11 57   12 20   13 97   14 78   15 28   16 88   17 66   18 90   19 66   20 64 

