ta096
200 10
   1 88    2 84    3 41    4 11    5 16    6 75    7 54    8 32    9 86   10 47 
   1 93    2 24    3  8    4 99    5 26    6 12    7 62    8 46    9 82   10 73 
   1 78    2 99    3 16    4  9    5 28    6 94    7 18    8 16    9 57   10 94 
   1 54    2 98    3 10    4 98    5 66    6 99    7 82    8 31    9 24   10 48 
   1 48    2 24    3 99    4 77    5 62    6 63    7 86    8 49    9 65   10 78 
   1 89    2 57    3 83    4 31    5 24    6 12    7 48    8 45    9 19   10 95 
   1  7    2 71    3 84    4 62    5 12    6 55    7 99    8 80    9 89   10 53 
   1 46    2 38    3 96    4  3    5 41    6 99    7 54    8 53    9 35   10 12 
   1 22    2 14    3  8    4 14    5 26    6 30    7 33    8 59    9 47   10 31 
   1 64    2 41    3  7    4 90    5 74    6 24    7 55    8  7    9 22   10 67 
   1 33    2 45    3 47    4  5    5 84    6 58    7 47    8 57    9 27   10  9 
   1 76    2 28    3 62    4 79    5 24    6 34    7  2    8 80    9 67   10 15 
   1 49    2 11    3 17    4 42    5 27    6 40    7  9    8 36    9 24   10 36 
   1 60    2 81    3 26    4  8    5 51    6 22    7 39    8 68    9 67   10 48 
   1 98    2  7    3 84    4 36    5 98    6 74    7 20    8 95    9 15   10 41 
   1 69    2 68    3 36    4 78    5 87    6 18    7 57    8 28    9 69   10 35 
   1 66    2 24    3 49    4 80    5 12    6 37    7 84    8 68    9 86   10 19 
   1 25    2 88    3 42    4 28    5  1    6 46    7 27    8 26    9 77   10 47 
   1 93    2 28    3 78    4 59    5 73    6 78    7 99    8 57    9  9   10 54 
   1 38    2  7    3 41    4 91    5 99    6 32    7 50    8 28    9 78   10 30 
   1  1    2 29    3 61    4 35    5 81    6 55    7 95    8 25    9 45   10 81 
   1 94    2 31    3 35    4 11    5 44    6 32    7 79    8 96    9 84   10 42 
   1 40    2 38    3 45    4 32    5 10    6  8    7  2    8 78    9 29   10 75 
   1 69    2 56    3 65    4 98    5 75    6 52    7 16    8 90    9 74   10 71 
   1 22    2 26    3 38    4 49    5 41    6 45    7 17    8 75    9 75   10 84 
   1 43    2 17    3 37    4 24    5 32    6 60    7 76    8 45    9 48   10 32 
   1 69    2 25    3 49    4 93    5 71    6 83    7 47    8 30    9 50   10 80 
   1 69    2 24    3 35    4 38    5 46    6 89    7 12    8 39    9  1   10 21 
   1 27    2 53    3 28    4  2    5 18    6 92    7  8    8 52    9 50   10 72 
   1 68    2 40    3 99    4 54    5 84    6 31    7 15    8 66    9 63   10 13 
   1 23    2 97    3 94    4 63    5 43    6 53    7 27    8 83    9 87   10 68 
   1 50    2 89    3 44    4 73    5 93    6 96    7 96    8 33    9  8   10  6 
   1 97    2 87    3  9    4 49    5 63    6 47    7 76    8 93    9 42   10 27 
   1 37    2 12    3 18    4 25    5 17    6 73    7 48    8 93    9 84   10 54 
   1 27    2 97    3 33    4 93    5 52    6 94    7 42    8 40    9 35   10 48 
   1 51    2 22    3 32    4 10    5 23    6  5    7 56    8 10    9 63   10 51 
   1 71    2 24    3  3    4 59    5 83    6 83    7 15    8  2    9  8   10  7 
   1 83    2  7    3 96    4 43    5 68    6 40    7 42    8 53    9 91   10 26 
   1 30    2 13    3 50    4  2    5 99    6 78    7 16    8 11    9 55   10 37 
   1 73    2 61    3 66    4 77    5 33    6  2    7 12    8 29    9 36   10 20 
   1 10    2 36    3 50    4 71    5 65    6 14    7 67    8 46    9 95   10 17 
   1 50    2 58    3 76    4 23    5 82    6 54    7 16    8 79    9  4   10 58 
   1 69    2 74    3 46    4 73    5 10    6 62    7 60    8  3    9  9   10 73 
   1 29    2 53    3 42    4 86    5 90    6 11    7 83    8  2    9 56   10 51 
   1 55    2 31    3 91    4 82    5 82    6  2    7 75    8 65    9 38   10 88 
   1  5    2 31    3 72    4 48    5 82    6 26    7 65    8 74    9 62   10 34 
   1 38    2  4    3  1    4 41    5 41    6 66    7 52    8 52    9 91   10 19 
   1 99    2 83    3 46    4  1    5 62    6 48    7 36    8 24    9 42   10 96 
   1 37    2 48    3  5    4 75    5 45    6 39    7 87    8 99    9 11   10 19 
   1 29    2 78    3 89    4 95    5 81    6 39    7  6    8 66    9 10   10 55 
   1 45    2 76    3 39    4 69    5 67    6  4    7 35    8 15    9  7   10 61 
   1  4    2 34    3 46    4 35    5 17    6 19    7 15    8 68    9 32   10 59 
   1 82    2 28    3 21    4 91    5 50    6 15    7 21    8 92    9 21   10  1 
   1 83    2 26    3  9    4 83    5 71    6 46    7 77    8 10    9 97   10  8 
   1 21    2 12    3 20    4 11    5 78    6 85    7 26    8 38    9 83   10 31 
   1 31    2 60    3 40    4 82    5 93    6 95    7 51    8 21    9 74   10 49 
   1 27    2 51    3 88    4 18    5  4    6 75    7  2    8 79    9 38   10 17 
   1 43    2 69    3 94    4 90    5 67    6 36    7 42    8 78    9 47   10 30 
   1  7    2 88    3 93    4 41    5 21    6 81    7 45    8 93    9 58   10  5 
   1 64    2 82    3 33    4  3    5 58    6  6    7  2    8 81    9 97   10 14 
   1 39    2 86    3 95    4 12    5 49    6  7    7 94    8  1    9 38   10 37 
   1 96    2 68    3 49    4  9    5 10    6 92    7  1    8 26    9 26   10 82 
   1 16    2 51    3 57    4 61    5 51    6 30    7 30    8 97    9 38   10 23 
   1 92    2  6    3 30    4 58    5 66    6 59    7 97    8  9    9 51   10 54 
   1 62    2 79    3 66    4 20    5  4    6 57    7 55    8 98    9 16   10 59 
   1 75    2 23    3 45    4 73    5 40    6 33    7 98    8  9    9 32   10 93 
   1 18    2 67    3 30    4 50    5 32    6 76    7  5    8 27    9 94   10 43 
   1 21    2 71    3 63    4 74    5  2    6 67    7  2    8 28    9  6   10 21 
   1 62    2  6    3 68    4 17    5  2    6 13    7 67    8 11    9 58   10 32 
   1  4    2 38    3 36    4 35    5 94    6 25    7 94    8 49    9 93   10 39 
   1 50    2 17    3 90    4 11    5  2    6 89    7 25    8 92    9  5   10 20 
   1  1    2 36    3 81    4 90    5 47    6 63    7 11    8 55    9 11   10 19 
   1 96    2 14    3 10    4 96    5  9    6 83    7  3    8 54    9 11   10 33 
   1 83    2 49    3 53    4 93    5 13    6 25    7 83    8 79    9 39   10 10 
   1 53    2 80    3 82    4 32    5 19    6 50    7 76    8 50    9 30   10 75 
   1 65    2 54    3 54    4 10    5 22    6 30    7 27    8 33    9 91   10 98 
   1  4    2 63    3 94    4 73    5 89    6 59    7 13    8 27    9  6   10 27 
   1 48    2 64    3 25    4 19    5 41    6 23    7 49    8 22    9 84   10 21 
   1 42    2 47    3 61    4 59    5 39    6 19    7 28    8 46    9 34   10 87 
   1 62    2 31    3 13    4 11    5 96    6 92    7 28    8 41    9 96   10 44 
   1 92    2 88    3 27    4 42    5 87    6 65    7 58    8 59    9 23   10 68 
   1 22    2 45    3 85    4  8    5 81    6 94    7 24    8 53    9 17   10 66 
   1 82    2 82    3 58    4 57    5 60    6  8    7 12    8 47    9 83   10 79 
   1 87    2 86    3 14    4 98    5 33    6  9    7 32    8 65    9 43   10 88 
   1 21    2  7    3 27    4  6    5 30    6 67    7 19    8 44    9  2   10 20 
   1 79    2 84    3 68    4 17    5 86    6 85    7 45    8 77    9 50   10 91 
   1  5    2 62    3 49    4 91    5 85    6 89    7 42    8 14    9 12   10 13 
   1 19    2 58    3 96    4 98    5 91    6 22    7 50    8 93    9  1   10 16 
   1  2    2 89    3 29    4 14    5 25    6 39    7 31    8 64    9 13   10  6 
   1 95    2 97    3 28    4 17    5 31    6 21    7 27    8 67    9 73   10 46 
   1 18    2 80    3 20    4  4    5 56    6 39    7 75    8 39    9 90   10 33 
   1  4    2 54    3 67    4 19    5 22    6 56    7 81    8 55    9 61   10 74 
   1  5    2 54    3 12    4 46    5 75    6 41    7 42    8 57    9 60   10 96 
   1 79    2 93    3  9    4 40    5 28    6 80    7 54    8 15    9 55   10  3 
   1  7    2 23    3 12    4 86    5 44    6 27    7 52    8 32    9 68   10 71 
   1 95    2 77    3 53    4 77    5  6    6 32    7 70    8 70    9 48   10 81 
   1 82    2 97    3 92    4  5    5 65    6 47    7  1    8 71    9 73   10 74 
   1 33    2 55    3 50    4 48    5  2    6 51    7 87    8 31    9 78   10 28 
   1 23    2  2    3 48    4 82    5 14    6 58    7 54    8 95    9 53   10 27 
   1  7    2 31    3 12    4  3    5  5    6  1    7 63    8 94    9 23   10 88 
   1 45    2 52    3 39    4 61    5 91    6 45    7 59    8 39    9 48   10 36 
   1 43    2  1    3 29    4  6    5 54    6  2    7 19    8 79    9 76   10 86 
   1 49    2 76    3 21    4 34    5 37    6 68    7 71    8 31    9 25   10  6 
   1 35    2 89    3 35    4 13    5 26    6 84    7 74    8 45    9 97   10 40 
   1 43    2 69    3 70    4 78    5  4    6 91    7 95    8 73    9 84   10 22 
   1 84    2 98    3  7    4 76    5 22    6 46    7 31    8 28    9 15   10 83 
   1 41    2 68    3 33    4 33    5 66    6 34    7  2    8 46    9 51   10 90 
   1 50    2 51    3 15    4 98    5 24    6 92    7 76    8 40    9  6   10 10 
   1 62    2 54    3 43    4 87    5 52    6  3    7 26    8 51    9 60   10  7 
   1  5    2 33    3 84    4 45    5 46    6 91    7 98    8 14    9 61   10 44 
   1  8    2 73    3 43    4 66    5 60    6 66    7 22    8 38    9 91   10  7 
   1 43    2 46    3 11    4 21    5 69    6 62    7 30    8 88    9 14   10 66 
   1 34    2 94    3 70    4 34    5 87    6 85    7 57    8 93    9 72   10 46 
   1 25    2 66    3 71    4 77    5 27    6  9    7 91    8  1    9 73   10  3 
   1 31    2 60    3  4    4 59    5 36    6 64    7  6    8 24    9  2   10 99 
   1 82    2 37    3 48    4 54    5 39    6 45    7 63    8 44    9 55   10 56 
   1 66    2 40    3 58    4 90    5 71    6 63    7 91    8 24    9 44   10 62 
   1 48    2 82    3 78    4 41    5 18    6 64    7 19    8 29    9 37   10 48 
   1 82    2 29    3 71    4 92    5 21    6 25    7 28    8 95    9 57   10 93 
   1 40    2 37    3 37    4 48    5 68    6 62    7 39    8 90    9 45   10 70 
   1 59    2 80    3 79    4 57    5 56    6 76    7 54    8 22    9 94   10 25 
   1 45    2 27    3 25    4 78    5 72    6 78    7 51    8  5    9 69   10 21 
   1 98    2 71    3 28    4 28    5 98    6  6    7 79    8 71    9 69   10 53 
   1 56    2 98    3 83    4 59    5 96    6 92    7 27    8 69    9  2   10 47 
   1 37    2 47    3 26    4 96    5 23    6 77    7 31    8 40    9 83   10 64 
   1 36    2 41    3  6    4 42    5  9    6 87    7 21    8 22    9 26   10 54 
   1 85    2  7    3 39    4 63    5 32    6 65    7 76    8 48    9 33   10 33 
   1 94    2 79    3 30    4 38    5  4    6  6    7 90    8  4    9 65   10 75 
   1 10    2 68    3 15    4 72    5 56    6 95    7 87    8 44    9 75   10 28 
   1 45    2 45    3  9    4 52    5 14    6 53    7 75    8 97    9 59   10 96 
   1 50    2 59    3 23    4  9    5 14    6 25    7 39    8 36    9 23   10 67 
   1 23    2 80    3 30    4  8    5 22    6 71    7 97    8 17    9 41   10 27 
   1 95    2 63    3 53    4 16    5 79    6 39    7 33    8 17    9 79   10 25 
   1 71    2 10    3 63    4 56    5 10    6  3    7  8    8 81    9 34   10  8 
   1 12    2 78    3  2    4 75    5 41    6 17    7 42    8 12    9 48   10 31 
   1 21    2  8    3 37    4 56    5 96    6 77    7 38    8 34    9 73   10 59 
   1 24    2 31    3 39    4 88    5 38    6 38    7 84    8 71    9 68   10 17 
   1 85    2 35    3 45    4 32    5  6    6 22    7 23    8 27    9 61   10 57 
   1 26    2  1    3 54    4 62    5 55    6 84    7 78    8 88    9 82   10 96 
   1 29    2 64    3 52    4 82    5 89    6 65    7 83    8 17    9 55   10 42 
   1 61    2  1    3 40    4 82    5 50    6 78    7  3    8 92    9 16   10 42 
   1 55    2 18    3 18    4 85    5 96    6 26    7 57    8 22    9 92   10 29 
   1 15    2  5    3 64    4 38    5 44    6  5    7 32    8 13    9 29   10 69 
   1 81    2 66    3 98    4 37    5  8    6 88    7 69    8 10    9 73   10 39 
   1 23    2 86    3 14    4 29    5  7    6 83    7 67    8 64    9 13   10 82 
   1 70    2 18    3 31    4 26    5 82    6 15    7  9    8 61    9 95   10 76 
   1 31    2 34    3 12    4 37    5  4    6  1    7 38    8 25    9  1   10 12 
   1 52    2 55    3 83    4 57    5 25    6 27    7 78    8 17    9 52   10 58 
   1 62    2 18    3 58    4 90    5  7    6 62    7 80    8 22    9 55   10 72 
   1 31    2 74    3 28    4 65    5 37    6 94    7  6    8 86    9 66   10 97 
   1 70    2 98    3 25    4 36    5  8    6 39    7 91    8 10    9 67   10 88 
   1 30    2 90    3 78    4  1    5  8    6 46    7 94    8 43    9 45   10 23 
   1 72    2  1    3 25    4 89    5 17    6 62    7 43    8 58    9 24   10 22 
   1 73    2 80    3 90    4 43    5 53    6 14    7 98    8 72    9  6   10 60 
   1 13    2 34    3 99    4 67    5 20    6 26    7 78    8 52    9 61   10 29 
   1 12    2 89    3 26    4 50    5 37    6 45    7 48    8 71    9 25   10 85 
   1 69    2 22    3 70    4 71    5 69    6  1    7 79    8 33    9  7   10 90 
   1 12    2  2    3 31    4 87    5 77    6 26    7 75    8 26    9 12   10  1 
   1 20    2 88    3 47    4 23    5 31    6 76    7 15    8 90    9 20   10 73 
   1 73    2 66    3 63    4 69    5 79    6 33    7 13    8 56    9 24   10  8 
   1 73    2 91    3 53    4 83    5 19    6 39    7 33    8 29    9 82   10 56 
   1 38    2 14    3  4    4 84    5 72    6 92    7 25    8 50    9 39   10 95 
   1 84    2 86    3 64    4 32    5 80    6 36    7  5    8 81    9 34   10 98 
   1 39    2  6    3 19    4 27    5 37    6 68    7 89    8 61    9 33   10 55 
   1 10    2 95    3 10    4 10    5 96    6 90    7 67    8 43    9 82   10 24 
   1 69    2 61    3 69    4 83    5 19    6 75    7 33    8  2    9 30   10 84 
   1 98    2 59    3 74    4 39    5  1    6  4    7 11    8 81    9 36   10 49 
   1 39    2 48    3 57    4 59    5 96    6  2    7  7    8 55    9  4   10 99 
   1 66    2 36    3 37    4 17    5 89    6 32    7 65    8 50    9 82   10 75 
   1 67    2  5    3 55    4 17    5 46    6 29    7 89    8 53    9 62   10 68 
   1 82    2 75    3 21    4 42    5 76    6 39    7 91    8 51    9 69   10 56 
   1 29    2 21    3 83    4 63    5  5    6 51    7 63    8 31    9 25   10 54 
   1 82    2 55    3 22    4  7    5 66    6 40    7 28    8 12    9 95   10 40 
   1 42    2 44    3 72    4 50    5 25    6 20    7 95    8 21    9 51   10  1 
   1 83    2 67    3 66    4 33    5 15    6 22    7 16    8 55    9 99   10 99 
   1 21    2 87    3 37    4  7    5 41    6 21    7 21    8 56    9 91   10 69 
   1 92    2 82    3 81    4 52    5 23    6 63    7 25    8 34    9 63   10 61 
   1 34    2 62    3 27    4 16    5 29    6 46    7  4    8 35    9 25   10 26 
   1 49    2  7    3 57    4 85    5 66    6 92    7  2    8 50    9 73   10  3 
   1 59    2 71    3 22    4 62    5 16    6 72    7 64    8  1    9 35   10 55 
   1 63    2  4    3 25    4 72    5  4    6 54    7 44    8 50    9 27   10  7 
   1  3    2 92    3 87    4  5    5 27    6 51    7 53    8 50    9 62   10 97 
   1 20    2 38    3 21    4 53    5  3    6 89    7  4    8 52    9 29   10 25 
   1 11    2 79    3 13    4 33    5 56    6 13    7 90    8 45    9 98   10 60 
   1 15    2 15    3 74    4 81    5 75    6 90    7 53    8 25    9  3   10 83 
   1 90    2 56    3 26    4 38    5 48    6 62    7 93    8 26    9 12   10 63 
   1 61    2 22    3 41    4 48    5 49    6 13    7 50    8 83    9 12   10 44 
   1 80    2 38    3 84    4 70    5 73    6 86    7 68    8 72    9 98   10 59 
   1 90    2 85    3  9    4 62    5  2    6 76    7 92    8 44    9 33   10 93 
   1 81    2 42    3  8    4 22    5 26    6  2    7 93    8 95    9 50   10  9 
   1 19    2 72    3 19    4 94    5 82    6  8    7 47    8 70    9 75   10 86 
   1 24    2 75    3 64    4 94    5 19    6 80    7 37    8 11    9 17   10 81 
   1 36    2 90    3  9    4 33    5 62    6 70    7 38    8 85    9 79   10 57 
   1 88    2 62    3 75    4 85    5 93    6 82    7 92    8 78    9 40   10 49 
   1 70    2 19    3 30    4 41    5 34    6 13    7 20    8 24    9 44   10 27 
   1 76    2 49    3  3    4 93    5 71    6 42    7 79    8 83    9 40   10 29 
   1 16    2 18    3 90    4 12    5 45    6 91    7  9    8 69    9 41   10 20 
   1 97    2 21    3  4    4  2    5 37    6 87    7 47    8 42    9 55   10 13 
   1 59    2 41    3 71    4 40    5 73    6 31    7 71    8  5    9 33   10 91 
   1 12    2 21    3 91    4 90    5 36    6 12    7 39    8 82    9 80   10 72 

