ta098
200 10
   1 91    2  3    3 26    4 16    5 53    6 43    7 43    8  5    9 26   10 20 
   1 23    2 29    3 31    4 35    5 53    6 78    7  7    8 37    9 50   10 68 
   1 99    2 65    3  7    4 98    5 66    6 80    7 16    8 23    9 93   10 70 
   1 12    2 40    3 88    4  8    5 74    6 43    7  2    8 27    9 73   10 50 
   1 22    2 51    3 75    4 63    5 76    6 75    7 19    8 78    9 76   10 40 
   1 38    2 79    3 15    4 68    5  6    6 90    7 96    8 86    9 46   10 87 
   1 26    2 20    3 37    4 18    5 76    6 69    7 38    8 81    9 81   10 59 
   1 67    2 13    3 10    4 80    5 95    6 39    7 90    8 49    9  9   10 16 
   1 57    2 12    3 13    4 68    5 11    6 76    7 72    8 88    9 53   10 52 
   1  2    2 19    3 57    4 46    5 15    6 26    7 80    8 91    9 30   10 60 
   1 73    2 84    3 68    4 21    5 54    6 71    7 21    8 16    9 30   10 35 
   1 71    2 15    3 91    4  4    5 47    6 88    7 77    8 25    9 66   10 18 
   1 54    2 56    3 32    4 95    5 94    6 46    7 55    8 55    9 75   10  1 
   1 75    2 80    3 28    4 60    5 55    6 42    7 94    8 34    9 32   10 52 
   1 65    2 69    3 98    4  2    5 63    6 97    7 67    8 93    9 60   10 74 
   1 28    2 48    3  4    4 56    5 56    6 25    7 73    8 22    9 47   10 95 
   1 85    2 75    3 77    4 50    5 74    6 37    7 20    8 78    9 26   10 94 
   1 43    2  7    3 28    4 55    5 93    6 54    7 25    8 43    9 23   10 64 
   1 40    2  5    3 24    4 31    5 34    6 46    7  1    8 98    9 79   10 31 
   1 66    2 91    3 54    4 69    5  8    6 46    7 43    8 62    9 36   10 64 
   1 35    2 25    3 13    4 73    5 62    6 81    7 78    8  3    9 99   10 91 
   1 84    2  9    3 91    4 35    5 52    6 34    7 61    8 15    9 99   10 37 
   1 47    2 13    3 69    4 10    5 11    6 90    7  9    8  8    9 53   10 33 
   1 37    2 18    3 55    4 75    5 50    6 81    7 22    8  2    9 11   10 90 
   1 65    2 59    3 13    4 49    5 27    6 38    7 43    8 11    9 90   10 58 
   1 11    2 56    3 98    4 33    5 73    6 27    7 23    8 75    9 14   10 74 
   1 81    2 57    3 13    4 41    5 87    6 88    7 10    8 65    9 81   10 68 
   1 32    2 21    3 74    4 65    5  7    6 42    7 22    8 37    9 60   10 87 
   1 23    2 25    3 46    4 83    5 31    6 76    7  3    8 76    9 86   10 18 
   1 77    2 78    3 99    4 71    5 63    6 60    7 82    8  8    9  5   10 31 
   1 17    2 73    3 50    4 37    5 83    6  7    7 80    8 76    9 44   10 72 
   1 46    2 89    3 50    4 95    5 79    6 38    7 47    8 67    9 84   10 19 
   1 41    2  3    3 26    4 46    5 19    6 97    7 59    8 95    9 95   10 67 
   1 85    2 26    3 22    4 34    5  6    6 48    7 96    8 12    9 15   10 69 
   1 74    2 81    3  5    4 59    5 36    6 28    7 28    8 93    9 75   10 80 
   1 82    2 24    3 79    4 50    5 31    6  6    7 50    8 73    9 72   10 63 
   1 87    2 86    3 33    4 65    5 28    6 93    7  8    8 31    9 78   10 20 
   1 62    2  8    3 41    4 17    5 19    6  8    7 43    8 68    9 74   10 22 
   1 49    2 66    3 78    4 93    5 80    6 55    7 94    8 46    9 51   10  6 
   1 93    2 25    3 15    4 91    5  5    6 51    7 78    8 77    9 87   10 86 
   1 99    2 49    3 78    4 10    5 77    6 65    7 87    8 70    9 50   10 66 
   1 84    2 87    3 40    4 97    5  5    6 93    7 52    8 60    9 48   10 99 
   1 45    2 31    3 23    4 42    5 25    6 52    7  6    8 27    9 70   10 59 
   1 98    2 15    3 68    4 95    5 13    6 36    7 44    8 58    9 62   10 21 
   1 50    2 99    3 55    4  3    5 87    6 10    7 37    8 25    9 84   10 37 
   1 77    2  1    3 64    4 86    5  8    6  8    7 11    8 72    9 81   10 26 
   1 25    2 52    3 11    4 17    5 92    6 50    7  6    8 72    9 52   10 73 
   1 10    2 46    3 42    4 85    5 89    6 93    7 32    8 11    9  7   10 69 
   1 69    2 27    3 86    4  4    5 21    6 79    7 70    8 43    9 35   10 28 
   1 53    2 17    3 16    4 54    5 56    6 54    7 16    8 80    9 93   10 29 
   1 39    2  8    3 96    4 12    5 49    6 83    7 63    8 74    9 71   10 41 
   1 62    2 84    3 67    4 10    5 75    6 85    7 39    8 59    9 74   10 26 
   1 75    2 94    3 97    4 61    5 59    6 33    7 18    8 11    9 81   10 76 
   1 81    2 36    3 34    4 33    5 70    6 76    7  4    8 76    9 94   10 77 
   1 24    2 21    3 48    4 70    5 68    6 73    7 32    8 64    9 44   10 48 
   1 99    2 61    3 55    4 97    5 36    6 54    7 21    8 89    9 33   10 17 
   1 78    2  8    3 59    4 55    5  9    6 89    7 75    8 12    9 94   10 71 
   1  6    2  9    3 14    4 78    5  9    6 92    7  3    8 64    9 62   10  5 
   1 70    2 78    3 86    4  7    5 25    6 58    7 77    8 89    9 57   10 28 
   1 75    2 19    3 54    4 72    5  2    6 47    7  2    8 87    9 89   10 24 
   1 22    2 36    3 19    4 90    5 73    6 71    7 53    8 73    9 67   10 47 
   1 18    2 68    3 60    4 38    5 73    6 99    7 17    8 14    9  5   10 74 
   1 87    2 61    3 55    4 37    5 32    6 86    7 93    8 38    9 15   10 94 
   1 37    2 68    3  1    4 30    5 60    6 67    7 57    8 94    9 72   10 99 
   1 17    2 11    3 28    4 24    5 25    6 34    7 78    8 26    9 79   10 98 
   1 20    2 90    3 59    4 17    5 12    6 83    7 27    8 20    9 56   10 52 
   1 84    2  5    3 70    4 76    5 15    6 93    7  3    8  9    9 87   10 12 
   1  7    2 97    3 51    4 35    5 75    6 20    7 67    8 38    9 14   10 33 
   1 84    2 35    3 67    4 36    5 56    6 93    7 26    8 77    9 46   10 18 
   1 79    2  3    3 55    4 26    5 35    6 31    7 67    8 24    9 68   10 77 
   1 29    2 76    3 20    4 75    5 78    6 22    7 64    8 49    9 90   10 85 
   1 22    2  9    3 56    4 69    5 15    6 39    7 70    8 95    9 84   10  6 
   1 29    2 49    3  4    4 67    5 35    6 90    7 47    8 15    9 23   10 45 
   1 44    2 85    3 30    4 80    5 22    6 99    7 34    8  8    9 10   10  8 
   1 74    2 10    3 33    4 47    5 10    6 66    7 58    8 22    9 64   10 18 
   1  2    2 19    3 67    4 40    5 34    6 61    7 56    8 43    9 45   10 19 
   1 23    2 84    3 52    4 82    5 28    6 86    7 74    8 95    9 54   10 71 
   1 83    2 71    3 24    4 87    5 49    6 72    7 93    8 87    9 57   10 99 
   1 79    2  8    3 66    4 86    5 26    6 22    7 84    8 75    9 34   10 26 
   1 91    2 67    3 18    4 29    5 29    6  2    7 75    8 91    9 28   10 89 
   1 17    2 23    3 92    4 77    5 66    6 98    7 89    8 77    9 51   10 20 
   1 80    2 11    3  5    4 10    5 19    6 13    7 64    8 30    9 35   10 67 
   1 39    2 74    3 58    4 43    5 33    6 34    7 46    8 49    9 82   10  8 
   1 64    2 32    3 65    4 97    5  9    6 37    7 12    8  4    9 21   10 44 
   1 30    2 37    3 67    4 37    5 92    6 20    7 52    8 48    9 34   10  7 
   1 73    2 52    3 80    4 25    5 98    6 18    7 97    8 82    9 46   10 23 
   1  7    2 69    3 27    4 23    5 35    6 45    7 29    8 18    9 21   10 35 
   1 53    2 68    3 82    4 28    5 73    6 49    7 49    8 34    9 86   10 32 
   1 98    2 34    3 49    4 40    5 91    6 58    7 25    8 37    9 15   10 88 
   1 88    2  9    3  8    4 69    5 69    6 93    7  5    8 27    9 16   10 35 
   1 92    2  5    3 53    4 31    5 35    6 29    7 30    8 52    9 93   10 90 
   1 31    2 69    3 18    4 63    5 92    6 98    7  8    8 56    9 21   10 16 
   1 46    2 41    3 31    4  1    5 79    6 85    7 10    8 29    9 55   10 40 
   1 92    2  8    3  2    4 92    5 74    6 15    7 66    8 99    9  1   10 51 
   1 14    2 50    3 17    4 78    5 90    6 28    7 61    8 82    9 52   10 83 
   1 51    2 18    3 74    4 91    5 90    6 41    7 80    8 35    9  5   10  2 
   1 77    2 97    3  4    4 36    5 58    6 97    7 52    8 50    9 23   10  8 
   1 65    2 49    3 53    4 30    5 99    6 53    7 16    8 79    9 54   10 31 
   1  8    2 57    3 48    4 96    5 27    6 25    7 80    8 83    9 31   10 75 
   1 32    2 63    3 18    4 18    5 90    6 72    7 88    8 67    9 56   10 37 
   1 53    2  1    3 52    4 42    5 49    6 69    7 80    8 53    9 11   10 27 
   1 52    2 73    3 41    4 88    5 19    6 34    7 50    8 16    9 87   10 39 
   1 87    2 39    3 23    4 28    5 57    6 89    7 24    8 45    9 46   10 38 
   1 88    2 41    3 87    4 99    5  4    6 15    7 83    8 61    9 70   10 95 
   1 44    2 87    3  6    4 20    5  7    6 28    7 10    8 62    9 25   10 29 
   1 20    2 98    3 44    4 31    5  5    6  2    7 59    8 88    9 63   10 49 
   1 89    2 48    3 47    4 49    5 36    6 54    7 51    8 84    9 87   10 52 
   1 69    2 39    3 54    4 39    5 89    6  1    7 75    8  3    9 12   10  6 
   1 73    2 74    3 84    4  9    5 87    6 28    7 66    8 44    9 23   10 26 
   1 49    2 87    3 31    4 11    5 75    6 94    7  6    8 70    9 40   10 89 
   1 93    2 88    3 33    4 70    5 38    6  2    7 26    8 26    9 22   10 75 
   1  7    2  4    3 44    4 13    5 19    6 11    7 86    8 94    9 31   10 30 
   1 62    2 98    3 25    4 93    5 83    6 78    7 50    8 12    9 79   10 98 
   1  4    2 19    3  2    4 60    5 64    6 19    7  6    8 54    9  4   10 53 
   1 54    2 94    3 56    4 12    5 98    6  6    7 87    8 79    9 47   10 66 
   1 55    2 25    3 72    4  7    5 85    6 48    7 18    8 18    9 73   10 95 
   1 46    2 46    3 41    4 69    5 84    6 34    7 65    8 55    9 54   10 72 
   1 37    2 27    3  9    4 19    5 89    6 61    7 48    8 20    9 44   10 89 
   1 47    2 70    3 87    4 62    5 38    6  3    7 46    8 53    9 45   10 41 
   1 43    2 85    3 79    4 44    5 52    6 26    7 54    8 25    9 48   10 42 
   1 20    2 42    3 63    4 25    5 75    6 45    7 70    8 86    9 39   10 95 
   1 61    2 18    3 40    4 96    5 50    6 83    7  9    8 50    9 76   10 22 
   1 32    2 92    3 87    4 22    5 77    6 41    7 79    8 79    9 67   10 79 
   1 85    2 62    3 23    4 61    5 41    6 93    7 81    8 94    9 26   10 93 
   1 93    2 22    3  3    4 54    5 19    6 33    7 71    8 11    9 75   10 72 
   1 23    2 38    3 35    4 95    5 91    6 40    7 91    8 26    9 70   10 77 
   1 73    2 82    3 92    4 72    5 14    6 93    7 80    8  9    9 89   10 46 
   1 12    2 48    3 55    4 67    5 12    6 76    7 88    8 17    9 49   10 58 
   1 76    2 23    3  6    4 66    5 82    6 43    7 44    8 99    9 50   10  2 
   1 38    2 98    3 80    4 44    5 33    6 15    7 33    8 91    9 63   10 71 
   1 13    2 25    3 27    4  6    5 58    6 41    7 66    8 53    9 73   10 71 
   1 85    2 73    3 77    4 30    5  8    6 79    7  6    8 49    9 52   10 42 
   1 79    2 34    3 99    4 42    5 97    6 58    7 77    8 71    9 49   10  5 
   1 22    2 94    3 63    4 21    5 99    6 41    7 13    8 33    9 81   10 43 
   1 81    2 10    3 92    4 22    5 27    6 54    7 79    8 31    9  7   10 75 
   1 75    2 73    3 89    4 65    5  1    6 98    7 99    8 34    9 83   10 54 
   1  7    2 47    3 16    4 75    5  1    6 89    7 22    8 92    9 70   10 63 
   1 27    2 95    3 24    4 71    5 15    6 95    7 60    8 92    9 77   10 80 
   1 87    2 18    3 23    4 92    5 50    6 74    7 30    8 18    9 39   10 97 
   1 96    2 69    3 52    4 90    5 25    6 82    7 95    8 73    9 61   10 70 
   1 45    2 29    3 62    4  4    5 85    6 82    7 40    8 33    9 58   10 22 
   1 94    2 11    3 72    4 94    5 40    6 71    7 55    8 98    9 48   10 85 
   1 12    2 42    3 36    4 86    5 26    6  2    7 17    8 52    9 34   10 93 
   1 39    2 98    3  2    4 75    5 93    6 62    7 51    8 19    9 58   10 39 
   1 59    2 82    3 71    4 61    5 17    6 86    7 24    8 63    9 48   10 18 
   1 19    2 98    3 62    4  5    5 39    6 79    7 85    8 33    9 29   10 95 
   1 12    2 86    3  9    4 89    5 72    6 26    7 94    8 59    9 38   10 52 
   1 85    2 96    3 40    4 27    5 74    6 79    7  4    8 37    9  8   10 26 
   1 99    2 90    3 93    4 65    5  9    6 51    7 21    8 71    9 88   10  5 
   1 81    2 24    3  3    4  4    5 66    6 52    7 84    8 93    9 29   10 28 
   1  5    2  6    3 13    4 98    5 79    6 27    7 91    8 14    9 74   10 46 
   1 17    2 18    3 34    4 89    5 77    6  8    7  7    8 35    9 70   10 15 
   1 17    2 43    3 54    4 17    5 10    6  5    7 36    8  6    9  7   10  5 
   1 30    2 25    3 29    4 20    5  7    6 18    7 41    8 72    9 64   10 83 
   1 36    2 20    3 71    4 89    5 62    6 10    7 62    8 37    9 26   10 96 
   1 73    2 34    3 67    4 12    5 30    6 17    7 54    8 34    9 58   10 25 
   1 87    2 34    3 59    4 96    5 99    6 60    7 65    8 64    9 85   10 64 
   1 44    2 58    3 77    4 98    5 40    6 50    7 63    8 81    9 65   10 71 
   1 37    2 47    3 64    4 48    5 44    6 94    7 89    8 77    9 44   10  2 
   1 12    2 76    3 19    4 37    5 86    6 96    7 81    8 66    9 84   10 40 
   1 97    2 79    3 63    4 58    5 86    6 20    7 90    8 41    9 56   10 39 
   1 47    2 66    3 15    4 72    5 97    6 82    7 35    8 78    9 54   10  4 
   1  7    2 12    3 36    4 73    5 60    6 45    7 91    8 70    9 25   10 47 
   1 91    2 26    3 53    4 34    5 91    6 72    7 69    8 48    9 93   10 75 
   1 24    2 95    3  8    4  2    5 87    6 96    7 29    8  8    9 37   10 48 
   1 76    2 27    3 39    4 27    5  6    6 30    7 76    8 56    9 61   10 39 
   1 76    2 74    3 38    4  4    5 16    6 29    7 40    8 90    9 16   10 34 
   1 65    2  4    3  8    4 45    5  6    6 22    7 60    8 36    9 75   10 76 
   1 97    2 82    3 48    4  1    5 46    6 88    7 28    8 24    9 49   10 38 
   1 32    2 36    3 56    4 30    5 36    6 26    7  4    8 81    9 82   10 55 
   1 99    2 38    3 96    4 99    5 87    6 12    7 22    8 85    9 50   10 26 
   1 83    2  9    3 68    4 75    5 66    6 80    7 91    8 77    9 86   10  4 
   1 70    2 76    3 47    4 87    5 43    6 14    7 70    8 46    9  5   10 90 
   1 17    2 69    3 95    4 31    5 15    6 13    7 66    8 89    9 63   10 93 
   1 88    2 18    3 43    4 81    5 33    6 77    7 41    8 39    9 24   10 60 
   1 42    2 38    3 54    4 61    5 85    6  7    7 23    8 49    9 32   10 31 
   1 63    2 72    3 58    4  6    5 55    6 27    7 13    8 40    9 98   10 73 
   1 54    2 46    3 79    4 22    5 73    6 64    7 58    8 31    9  1   10 79 
   1 10    2 57    3  3    4 27    5 53    6 71    7 54    8 13    9 95   10 46 
   1  3    2 45    3 36    4 26    5 35    6 92    7 66    8 30    9 14   10 10 
   1  5    2 95    3  9    4 28    5 46    6 46    7  6    8 71    9 26   10 14 
   1 75    2 26    3 78    4 41    5 81    6 92    7  3    8 27    9 25   10  8 
   1 92    2 70    3 28    4 49    5 57    6 22    7 60    8 68    9  8   10 33 
   1 13    2 37    3 34    4 32    5 18    6  8    7 71    8 99    9 96   10 58 
   1 27    2 42    3 12    4 60    5 43    6  6    7 54    8 35    9 23   10 39 
   1 13    2 31    3 72    4 22    5 84    6 69    7 39    8 38    9 75   10 94 
   1 35    2 42    3 22    4 79    5 95    6 55    7 69    8 52    9 95   10 74 
   1 63    2 88    3 54    4 96    5 41    6 13    7  8    8 18    9  9   10 92 
   1  4    2 22    3 54    4 88    5 81    6 11    7 85    8 92    9 21   10 16 
   1 46    2 21    3 16    4 61    5 31    6 84    7 72    8 14    9 70   10 68 
   1 60    2 83    3 18    4 46    5 46    6 61    7 63    8 66    9 16   10 13 
   1 44    2 31    3 76    4 84    5 39    6 34    7 56    8 18    9  7   10 72 
   1 88    2 72    3 94    4 80    5 64    6 48    7  1    8  9    9 96   10 27 
   1 64    2 17    3 56    4 98    5 36    6 44    7 38    8 87    9 54   10 22 
   1 13    2 50    3 31    4 99    5 37    6 15    7 88    8 60    9 50   10 65 
   1 82    2 37    3 97    4 97    5 94    6 35    7 94    8 47    9 19   10 28 
   1 67    2 33    3 18    4 60    5 15    6 40    7 55    8 23    9 62   10 82 
   1 33    2 90    3 72    4 89    5  7    6 97    7 87    8 10    9 56   10  6 
   1 64    2 85    3 12    4  5    5 93    6 10    7 82    8 33    9 95   10 58 
   1 19    2 88    3 83    4 70    5 61    6 50    7 31    8 32    9 56   10 60 

