ta094
200 10
   1 79    2 63    3 83    4 65    5 35    6 53    7 51    8 68    9 34   10 87 
   1 23    2 55    3 95    4 94    5 52    6 52    7 17    8  6    9 50   10 70 
   1  2    2 35    3 73    4 77    5 46    6  9    7 35    8 38    9 86   10 78 
   1 94    2 95    3 87    4 47    5 86    6 62    7 11    8  6    9 40   10 31 
   1 66    2 20    3 65    4 42    5 25    6 68    7 25    8 24    9 65   10 98 
   1 87    2 22    3 59    4 67    5 73    6 92    7 90    8 58    9 40   10 10 
   1  2    2  7    3 14    4  6    5 17    6 93    7 89    8 99    9 83   10 75 
   1 19    2 96    3 91    4 70    5 40    6  6    7  3    8 85    9 24   10 57 
   1 50    2 58    3 79    4 42    5 66    6 80    7 13    8 54    9  9   10 73 
   1 25    2 10    3 95    4 26    5 21    6 28    7 76    8 19    9 19   10 74 
   1 36    2  4    3 39    4 49    5 24    6  1    7 44    8 30    9 90   10 49 
   1 87    2 73    3 74    4 64    5 94    6 28    7 66    8 29    9  9   10 50 
   1 55    2 76    3 52    4 60    5 86    6 41    7 12    8  5    9 21   10  6 
   1 14    2 25    3 13    4 14    5 35    6 90    7 94    8 56    9 89   10 95 
   1 68    2 45    3 10    4  3    5 58    6 19    7 47    8 81    9 92   10 40 
   1 11    2 80    3 93    4 36    5 66    6 51    7 22    8 65    9 94   10 48 
   1 14    2 89    3 56    4 17    5 30    6  8    7 40    8 20    9 23   10 37 
   1 58    2 97    3 98    4 61    5 97    6 38    7 48    8  4    9  6   10 33 
   1 17    2 99    3 71    4 11    5 44    6 19    7 52    8 90    9 55   10 63 
   1 34    2 46    3 20    4 98    5 81    6 54    7 85    8  8    9 54   10 35 
   1 88    2 80    3 49    4 14    5 43    6 27    7 90    8  9    9 78   10 43 
   1 98    2 37    3 68    4 76    5 63    6 79    7 16    8 52    9 92   10 13 
   1 53    2  3    3  8    4 94    5 43    6 67    7 77    8 41    9 20   10 31 
   1  7    2 41    3 28    4 49    5 50    6 75    7  4    8 93    9 11   10 75 
   1  2    2 20    3 56    4  7    5 86    6 57    7 24    8 70    9 33   10 39 
   1 15    2  7    3  9    4 99    5 50    6 74    7 29    8 93    9 77   10 24 
   1 89    2 12    3 69    4 20    5 96    6 11    7 29    8 56    9 49   10 78 
   1 46    2 61    3 22    4 73    5 35    6 80    7 56    8 21    9 98   10 84 
   1 15    2 37    3 28    4 87    5 67    6 75    7 17    8 16    9 96   10 68 
   1 42    2  1    3 55    4 92    5 36    6 17    7 95    8  9    9 73   10 25 
   1 66    2 97    3 99    4 78    5 96    6 78    7 74    8 29    9 50   10 46 
   1 50    2 66    3 28    4 14    5 60    6 58    7 56    8  9    9  5   10 68 
   1 28    2 88    3 86    4 62    5 65    6 13    7 61    8 19    9 17   10 45 
   1 45    2 56    3 47    4 99    5 53    6 77    7 97    8 13    9 76   10 11 
   1 18    2 63    3 18    4 94    5 86    6  7    7 48    8 11    9 84   10 80 
   1 72    2 64    3  4    4 22    5 45    6 38    7 55    8 41    9 53   10 27 
   1 23    2 25    3 29    4 45    5 88    6 97    7 33    8 88    9 10   10 93 
   1 20    2 67    3 40    4 44    5 95    6 22    7  1    8 71    9 39   10 17 
   1  2    2 99    3 60    4 36    5 86    6 57    7 29    8 66    9 58   10 16 
   1 46    2 20    3 21    4 88    5 98    6 93    7 39    8 56    9 92   10 43 
   1 68    2 55    3 81    4 76    5 46    6 42    7  5    8 13    9 92   10 31 
   1 98    2  7    3 52    4 61    5 78    6  4    7 51    8 49    9 24   10 98 
   1  2    2 19    3  2    4 62    5 74    6 16    7 94    8 29    9 65   10 99 
   1 65    2 22    3 31    4  7    5 26    6 95    7 36    8 89    9 38   10 72 
   1 69    2 47    3 53    4 50    5 43    6 76    7 94    8 27    9 13   10 83 
   1 80    2 85    3 66    4 67    5 63    6 86    7 19    8 68    9 97   10 45 
   1 87    2 52    3 46    4 50    5 29    6  2    7 22    8 77    9 79   10 32 
   1 60    2 62    3  8    4 45    5 67    6 91    7 53    8 72    9 88   10 82 
   1 22    2 81    3 63    4 63    5 83    6 76    7 98    8 78    9 84   10 94 
   1  3    2 14    3 70    4 31    5 62    6 10    7 63    8 20    9 38   10 40 
   1 85    2 98    3 36    4 83    5 68    6 34    7  4    8 80    9 55   10 24 
   1 24    2 96    3 92    4 52    5 80    6 48    7 61    8 92    9  5   10 79 
   1 95    2 91    3 40    4 89    5 55    6 47    7 66    8 22    9 52   10 56 
   1 95    2 25    3 96    4 53    5 41    6 62    7 28    8 95    9 60   10  3 
   1 36    2 65    3 45    4  9    5 17    6 80    7 37    8 86    9 40   10 24 
   1  2    2 61    3 35    4 27    5  5    6 60    7 55    8 29    9 44   10 10 
   1 67    2 34    3 45    4 56    5 71    6 16    7 96    8 28    9 63   10 50 
   1 71    2 33    3 94    4 10    5 48    6 63    7 28    8 11    9 47   10 64 
   1 18    2 27    3 13    4 74    5 44    6  8    7 77    8 59    9 68   10 68 
   1 18    2 95    3 95    4 76    5 22    6 29    7 87    8 16    9 90   10 84 
   1 32    2 15    3 84    4 13    5 69    6 39    7 34    8 58    9 30   10 49 
   1 15    2 31    3 82    4 26    5 21    6 70    7 32    8 38    9 78   10 66 
   1 72    2 27    3 81    4 80    5 47    6 95    7 92    8  5    9  8   10 77 
   1 30    2 45    3 77    4 76    5 37    6 44    7 27    8  2    9  7   10 55 
   1 41    2 86    3 25    4 15    5 90    6 84    7 80    8 70    9  8   10 74 
   1 29    2 39    3 84    4 89    5 63    6 86    7 69    8 13    9 40   10 33 
   1 71    2 50    3 63    4 86    5 25    6  7    7 54    8 14    9 63   10 40 
   1 51    2 22    3 20    4 94    5 53    6 98    7 19    8 56    9 89   10 64 
   1  1    2 26    3 58    4 74    5 32    6 40    7  7    8 53    9 62   10 94 
   1 71    2 50    3 97    4 72    5 60    6 37    7 82    8 17    9 68   10 17 
   1 27    2 69    3 53    4 44    5 15    6 32    7 24    8 14    9 51   10 69 
   1 98    2  9    3 96    4  4    5 40    6 80    7 91    8 94    9  9   10 89 
   1 15    2 98    3 30    4 63    5 42    6 26    7 52    8 96    9 97   10 91 
   1 73    2 39    3 63    4 19    5 27    6 58    7 35    8 60    9 22   10 65 
   1 87    2 61    3 26    4 12    5 24    6 16    7 60    8 95    9 42   10 59 
   1 49    2  4    3 18    4 76    5  9    6 55    7 62    8 11    9 62   10  1 
   1 97    2 57    3 19    4 60    5 44    6 47    7 87    8 77    9 26   10 95 
   1 74    2 79    3  3    4 13    5 57    6 54    7 68    8 75    9 44   10 86 
   1 29    2 80    3 84    4 50    5 25    6 30    7 42    8 41    9 72   10 98 
   1 50    2 24    3 46    4 45    5 92    6 38    7 80    8  9    9 38   10 15 
   1 32    2 81    3 70    4 99    5 10    6 43    7 14    8  8    9 44   10 33 
   1 13    2 28    3 50    4 85    5 47    6 38    7 49    8 17    9 62   10 86 
   1 55    2 38    3 49    4 15    5 76    6 96    7 20    8 51    9 85   10 87 
   1 40    2 14    3 90    4 84    5 87    6 45    7 74    8 62    9 97   10 13 
   1  4    2 92    3 64    4 18    5 91    6 95    7 31    8 72    9 77   10 93 
   1 82    2 86    3 23    4 65    5 25    6 35    7 21    8 55    9 69   10 10 
   1 89    2 85    3 38    4 30    5 17    6 23    7 71    8 53    9 25   10 16 
   1 43    2 87    3 63    4 73    5 77    6 24    7 33    8 31    9 49   10 43 
   1 88    2 70    3 87    4 25    5 24    6 77    7 46    8 66    9 60   10 86 
   1 10    2  2    3 19    4 19    5 51    6 36    7  8    8 57    9 22   10 38 
   1 13    2  8    3  8    4 88    5 89    6 85    7 33    8 24    9  4   10 42 
   1 93    2 26    3 48    4  2    5 69    6 14    7 58    8 11    9  7   10 99 
   1 58    2 56    3 22    4 83    5 90    6 92    7 20    8 47    9 54   10 77 
   1 60    2 56    3 74    4 26    5 78    6 69    7 28    8 75    9 62   10 31 
   1  2    2 91    3 82    4 49    5 21    6 95    7 93    8 25    9 95   10 51 
   1 30    2 74    3 67    4 58    5 13    6 64    7 40    8 62    9 26   10 12 
   1 73    2 88    3 16    4 72    5 40    6 87    7 40    8 13    9 24   10 56 
   1 84    2 56    3 74    4 26    5 55    6 67    7 44    8 41    9 46   10 11 
   1 51    2 58    3 57    4 43    5 40    6 36    7 18    8 20    9 24   10 24 
   1 80    2 74    3  2    4 68    5 91    6 53    7  7    8 98    9 20   10 95 
   1 92    2 93    3 37    4 49    5 83    6 65    7 56    8 65    9  8   10 58 
   1  9    2 18    3 18    4 50    5 76    6 57    7 94    8 51    9 59   10 61 
   1 53    2 35    3 12    4 96    5 23    6 10    7 37    8 28    9 66   10 51 
   1 77    2 76    3 45    4 79    5 40    6 17    7 68    8 70    9 53   10 10 
   1 84    2 43    3 49    4 47    5 55    6 46    7 11    8 56    9 30   10  1 
   1 57    2 58    3  9    4 54    5 15    6 97    7 17    8 86    9 24   10 43 
   1 27    2 34    3 77    4  9    5 10    6 77    7 90    8 30    9 25   10 81 
   1 26    2 26    3 85    4 81    5  6    6 27    7 31    8 63    9 84   10 33 
   1 95    2 79    3 57    4 26    5 70    6 67    7 85    8 77    9 70   10 76 
   1 61    2 36    3 97    4 76    5 21    6 34    7 64    8 65    9 95   10 61 
   1  5    2 29    3 52    4 59    5 57    6 19    7 44    8 24    9 48   10 50 
   1 67    2 69    3 19    4 69    5 40    6 33    7 54    8 65    9 76   10 40 
   1 88    2 99    3 27    4  5    5 43    6 21    7 61    8 64    9 62   10 94 
   1 37    2 97    3 90    4 74    5 37    6 70    7 78    8 83    9 99   10 27 
   1  2    2 52    3 33    4 49    5 75    6 22    7 91    8 10    9 78   10  2 
   1 32    2 62    3 78    4 41    5 44    6 43    7 40    8 23    9 73   10 31 
   1 94    2 76    3 58    4 11    5 95    6 25    7 45    8 34    9 25   10 94 
   1 18    2 51    3 86    4 62    5 33    6 66    7 33    8  9    9 62   10 60 
   1 82    2 41    3 11    4 28    5 41    6 18    7 70    8 58    9 39   10 77 
   1 39    2  9    3 33    4  4    5 82    6 50    7 58    8 33    9 51   10 31 
   1 99    2 56    3 47    4 18    5 21    6 68    7 83    8 92    9 31   10 50 
   1 88    2 65    3 68    4 59    5 27    6 30    7 14    8 46    9 91   10 75 
   1 68    2 84    3 35    4 40    5 64    6 31    7 48    8 86    9 11   10 94 
   1 33    2 21    3 60    4 72    5 95    6  5    7 65    8 43    9 41   10 39 
   1 86    2 66    3  4    4  1    5 41    6 88    7  8    8 23    9 78   10 57 
   1 34    2 95    3 52    4 11    5 21    6 32    7 30    8 75    9 71   10 27 
   1 75    2 10    3 52    4 96    5 45    6 56    7 77    8 52    9 49   10 89 
   1 30    2 90    3 38    4  3    5 37    6 36    7 90    8 15    9 48   10 10 
   1 51    2 51    3 81    4 83    5 52    6 93    7 60    8 34    9 90   10 68 
   1 35    2 86    3 21    4 31    5  7    6 71    7 50    8  8    9 38   10 86 
   1 40    2 30    3 21    4  7    5 97    6 45    7 19    8  3    9  6   10 46 
   1 10    2 41    3 89    4 59    5 65    6 39    7 13    8 36    9 27   10 81 
   1 82    2 70    3 46    4 53    5 24    6 22    7 49    8 16    9 19   10 52 
   1  1    2 72    3 48    4 77    5 55    6 19    7 12    8 62    9 20   10 25 
   1 26    2 81    3 65    4 94    5 52    6  2    7 98    8 12    9 43   10 75 
   1  3    2 72    3 31    4 28    5 17    6 31    7 16    8 62    9 38   10 43 
   1 51    2  8    3 43    4 43    5 51    6 99    7 37    8 37    9  3   10 51 
   1 31    2 28    3 28    4 20    5 81    6 74    7 97    8 99    9 73   10 58 
   1 74    2 68    3 86    4 71    5 76    6 52    7 14    8 85    9 32   10  9 
   1 87    2 39    3 77    4 80    5 44    6 22    7 47    8 55    9 74   10 56 
   1 52    2 76    3 88    4 76    5 22    6 43    7 35    8 83    9 78   10 89 
   1 79    2 15    3 26    4 23    5 48    6 77    7 55    8 11    9 67   10 39 
   1 51    2 96    3 99    4 54    5 24    6 43    7 23    8 40    9 21   10 95 
   1 36    2 61    3 36    4 73    5 18    6 22    7 35    8 15    9 52   10 35 
   1 46    2 85    3 30    4 50    5 29    6 52    7  6    8 45    9  6   10 60 
   1  5    2 22    3 98    4 58    5 93    6 75    7 16    8 27    9  6   10 77 
   1 12    2 29    3 66    4 45    5 18    6 13    7 25    8 53    9  1   10 39 
   1 65    2 67    3  9    4 88    5 79    6 98    7 78    8 50    9 90   10 32 
   1 58    2 69    3 95    4 19    5 74    6 15    7 84    8 42    9 22   10 28 
   1 78    2 96    3 73    4 44    5 22    6 15    7 71    8 86    9 13   10 21 
   1 50    2 14    3 73    4 49    5 29    6 11    7 70    8 12    9 88   10 69 
   1 51    2 93    3 95    4 30    5 87    6 60    7 87    8 77    9 26   10 95 
   1 12    2 20    3  8    4  1    5 67    6 86    7 53    8 35    9 10   10 78 
   1 99    2 27    3 72    4 40    5 50    6 52    7 97    8 92    9 79   10 40 
   1 38    2 84    3 52    4 79    5 30    6 69    7 27    8 11    9  9   10 86 
   1 72    2 78    3 34    4 78    5 56    6 14    7 63    8 16    9 98   10 58 
   1 73    2 73    3 65    4 28    5 17    6 85    7 84    8 38    9 29   10 71 
   1 39    2 38    3 21    4 91    5 22    6  5    7 16    8 18    9 37   10 21 
   1 10    2 49    3 56    4 61    5  6    6 40    7 71    8 83    9 57   10 39 
   1 35    2  6    3 11    4 18    5  1    6  4    7  7    8 29    9 36   10 45 
   1 44    2 58    3 60    4 18    5 24    6 13    7 44    8 75    9 12   10 50 
   1 96    2  5    3 91    4 90    5 39    6 38    7 35    8 42    9 65   10 60 
   1 68    2 34    3 94    4 20    5 21    6 13    7 89    8 92    9 17   10  7 
   1 51    2 84    3 94    4 47    5 93    6 17    7  2    8 99    9 59   10 69 
   1  9    2 45    3 76    4 46    5 13    6 37    7 76    8 64    9 65   10 29 
   1 89    2 98    3 32    4 45    5 83    6 89    7  8    8 71    9 12   10 58 
   1 72    2 74    3 71    4 59    5 44    6 67    7 68    8 57    9 50   10 62 
   1 16    2 25    3 17    4 14    5 48    6 86    7 99    8  9    9 59   10 99 
   1 42    2 83    3 53    4 49    5 70    6 92    7 68    8 70    9 90   10 10 
   1 24    2 62    3 50    4 14    5 34    6 89    7 47    8 68    9 16   10 65 
   1 99    2 29    3 90    4 68    5 77    6 69    7  6    8 93    9 70   10 34 
   1 62    2 99    3 36    4 88    5 82    6 67    7 60    8 75    9 69   10 91 
   1 30    2 48    3  6    4 24    5 69    6 19    7 17    8 82    9  8   10 67 
   1 49    2 97    3 42    4 43    5 14    6 41    7 51    8 49    9 23   10 94 
   1 91    2 18    3 74    4 87    5 85    6 84    7 69    8 74    9 78   10  3 
   1 31    2 61    3 17    4 82    5 48    6 10    7 53    8 78    9 45   10 50 
   1 98    2 81    3 45    4 96    5 67    6  6    7 29    8  6    9 72   10 88 
   1 90    2 74    3 26    4 21    5 12    6 22    7 65    8 67    9 26   10 20 
   1 70    2 48    3 57    4 46    5 15    6 19    7 42    8 95    9 88   10 42 
   1 79    2 46    3 33    4 93    5 24    6 63    7 32    8 18    9 43   10 39 
   1 47    2 47    3 51    4 29    5 88    6 60    7 45    8 48    9 37   10 75 
   1  4    2 96    3 48    4 12    5 81    6 67    7 16    8 72    9 91   10 46 
   1 95    2  1    3 45    4 94    5 95    6 22    7 27    8 29    9 63   10 78 
   1 78    2 27    3 21    4 96    5 26    6 88    7 42    8 32    9 10   10 72 
   1 49    2 45    3 79    4 40    5 25    6 27    7 51    8 48    9 23   10 84 
   1 35    2 52    3 54    4 84    5 31    6 32    7 78    8 58    9 75   10 84 
   1 39    2  9    3 22    4 35    5 47    6 19    7 19    8 88    9 23   10 25 
   1 27    2 39    3 32    4 45    5 30    6 42    7 57    8 83    9 23   10 24 
   1 53    2  5    3  9    4 38    5 53    6 57    7 16    8 91    9  4   10 55 
   1 55    2  2    3 22    4 84    5 19    6 40    7 99    8 32    9 71   10 39 
   1 11    2  1    3 26    4 17    5 68    6 97    7 74    8 96    9 76   10 41 
   1  6    2 32    3 68    4 43    5  6    6 22    7 15    8 59    9 98   10 13 
   1 40    2 80    3 80    4 91    5 68    6 88    7 15    8 67    9  2   10 37 
   1 51    2 23    3 35    4 25    5 34    6 98    7 65    8  7    9 62   10 40 
   1 45    2 16    3 86    4 18    5 15    6 62    7 15    8 89    9 44   10 87 
   1 45    2 17    3  7    4  8    5  3    6 29    7 43    8 27    9  8   10 53 
   1 29    2 29    3 92    4 41    5 17    6 79    7 52    8 56    9 10   10 96 
   1 29    2 31    3 30    4 78    5 62    6 40    7 74    8 63    9 61   10  8 
   1 96    2 65    3 17    4 37    5 28    6 44    7 35    8 20    9 33   10  3 
   1 46    2 27    3 71    4 66    5 14    6 62    7 92    8 28    9 43   10 48 

