ta090
100 20
   1 50    2 43    3  2    4 37    5 66    6  3    7 14    8  7    9 53   10 96   11 30   12 57   13 64   14 70   15 65   16 92   17 28   18 39   19 75   20 16 
   1 69    2 66    3 38    4 31    5 46    6  3    7 68    8 95    9 63   10 28   11 34   12 11   13 13   14 86   15 75   16  1   17 48   18 60   19 81   20 60 
   1 14    2 85    3 79    4 36    5 31    6 42    7 51    8 72    9 79   10 67   11 90   12 72   13 43   14 95   15 38   16 39   17 54   18 80   19 18   20 31 
   1 61    2 81    3 78    4 73    5 21    6 46    7 62    8 16    9 98   10 99   11 42   12 35   13 55   14 81   15 51   16 97   17 78   18 99   19 12   20 34 
   1 88    2 68    3  8    4 88    5 54    6 84    7 67    8 15    9 11   10 97   11 56   12 66   13 58   14 48   15 65   16 92   17 29   18 48   19 29   20 94 
   1  5    2 48    3 87    4  9    5 71    6 38    7 21    8 69    9 89   10 35   11 24   12 56   13  8   14 38   15 87   16 59   17 29   18 97   19 83   20 94 
   1 52    2 63    3 75    4 51    5 42    6 92    7 94    8  4    9 22   10 26   11 36   12 36   13 82   14  1   15 86   16 60   17 63   18 28   19 78   20 18 
   1 87    2 73    3 53    4 24    5 81    6 86    7 64    8 31    9 50   10 61   11  4   12 16   13 37   14 97   15 35   16  1   17 15   18 84   19 16   20 30 
   1 92    2 92    3 96    4 65    5  8    6 93    7 43    8 16    9 86   10 11   11 79   12 96   13 76   14 24   15 58   16 78   17 12   18 11   19 73   20 84 
   1 78    2 63    3 27    4 99    5 32    6 22    7 12    8 26    9 84   10 95   11 60   12 97   13 90   14 69   15 65   16  3   17 48   18 98   19 38   20 95 
   1 25    2 42    3 25    4 22    5 12    6 26    7  1    8 15    9 56   10  3   11 74   12 59   13 42   14 61   15 72   16 65   17 22   18 37   19 18   20 37 
   1 40    2 72    3 41    4 34    5 41    6 93    7 86    8 28    9 32   10 24   11 94   12 65   13 35   14 84   15 24   16 80   17 39   18 93   19 43   20 80 
   1 79    2 71    3 99    4 44    5 12    6 64    7 84    8 24    9  4   10 65   11 53   12 87   13 10   14 46   15 70   16 98   17 83   18  4   19 38   20 37 
   1 79    2 46    3 25    4 43    5 71    6 32    7 87    8 55    9 87   10 76   11 74   12 12   13 15   14 92   15 41   16 76   17 15   18 73   19 83   20 31 
   1 24    2 56    3 16    4 53    5 31    6 75    7 80    8 19    9 58   10 58   11 54   12 13   13 21   14 12   15 73   16 40   17 73   18 61   19 83   20 26 
   1 91    2 79    3 27    4 44    5 60    6 63    7 38    8 15    9  3   10 19   11 48   12  5   13 47   14 97   15 41   16 58   17 89   18 84   19  6   20 30 
   1  3    2 59    3 92    4 10    5 25    6  5    7 15    8 20    9 99   10 42   11 80   12  6   13 30   14 65   15 80   16 36   17 27   18 16   19 45   20 32 
   1 19    2 55    3 37    4 79    5 18    6 55    7  4    8 63    9 81   10 28   11 71   12 55   13 12   14 14   15 14   16 23   17 23   18 80   19 91   20 49 
   1 91    2 91    3 74    4 73    5 81    6 14    7 13    8 43    9 51   10  7   11 91   12 95   13 83   14 90   15 69   16 22   17 11   18 14   19 39   20 33 
   1 27    2 25    3 78    4 30    5  7    6 63    7 46    8 76    9 35   10 48   11 37   12 82   13  2   14 80   15 23   16 21   17  8   18 70   19 77   20 30 
   1 29    2 47    3 93    4  5    5 55    6 71    7 20    8 57    9 41   10 16   11 32   12 55   13 27   14 33   15 33   16 48   17 52   18 69   19  5   20 96 
   1 90    2 82    3 73    4 49    5 33    6  8    7 27    8 74    9 37   10 23   11 59   12 16   13 80   14 47   15 70   16 47   17 83   18 95   19 94   20 74 
   1 63    2 54    3 66    4 32    5 41    6  6    7 28    8 81    9 21   10  7   11 82   12 56   13 13   14 59   15 99   16 14   17  4   18 13   19 89   20 81 
   1 28    2 64    3 16    4 87    5 34    6  3    7 83    8 74    9 26   10 13   11 39   12 49   13 10   14 81   15 75   16 91   17 84   18 28   19 79   20 24 
   1 93    2 45    3 18    4 85    5 32    6 46    7 18    8 88    9 50   10 91   11 98   12 33   13 30   14 90   15 50   16 86   17 52   18 67   19 81   20 28 
   1 24    2 33    3 67    4 84    5 75    6 65    7 41    8 26    9 50   10 99   11 75   12 44   13 18   14 72   15 83   16 66   17 58   18 68   19 94   20 48 
   1 63    2  9    3 10    4 67    5 69    6  5    7  3    8 72    9 65   10 99   11 55   12  8   13 29   14 50   15 67   16 50   17 91   18 35   19 62   20 78 
   1 52    2 84    3  3    4 16    5 57    6 74    7 45    8 23    9  8   10 21   11 59   12 23   13 65   14  9   15 97   16  6   17 47   18 10   19 25   20 50 
   1 45    2 94    3 75    4 91    5 79    6 30    7 91    8 84    9 62   10 67   11 45   12 83   13 80   14 89   15 48   16 33   17 13   18 79   19 17   20  8 
   1 64    2 83    3 35    4 94    5 61    6 49    7 18    8  3    9  7   10 31   11 96   12  8   13 71   14 54   15 38   16 74   17 27   18  2   19  6   20 86 
   1 61    2 19    3 42    4 61    5 93    6 25    7 57    8  6    9 83   10 61   11 28   12 73   13 64   14 26   15 99   16 44   17 10   18 10   19 19   20 81 
   1 96    2 95    3 11    4 36    5 98    6 95    7 84    8 68    9  3   10 22   11 78   12  4   13 59   14 35   15 21   16 20   17 94   18 56   19 89   20 17 
   1 35    2 81    3 81    4 61    5 74    6 43    7 28    8  8    9 90   10 77   11 64   12 73   13 21   14 60   15 17   16 58   17 85   18 77   19 65   20  5 
   1 19    2 41    3 37    4 21    5 76    6 12    7 31    8 69    9 64   10 70   11 93   12 85   13 46   14 38   15 97   16 20   17 46   18 96   19  5   20 27 
   1 78    2 12    3 62    4 16    5 80    6 14    7 74    8 57    9 46   10 29   11  5   12 37   13 47   14 21   15  8   16 82   17 97   18 74   19 54   20 41 
   1 27    2 62    3 44    4 57    5 49    6 83    7 98    8 41    9 96   10 32   11 29   12 17   13 89   14 55   15 69   16 98   17 47   18 12   19 14   20 73 
   1 57    2 99    3 60    4 29    5 93    6 90    7 14    8 44    9 69   10 24   11 73   12 46   13 69   14 70   15 63   16 63   17 57   18 94   19 96   20 98 
   1 17    2 77    3 13    4 53    5  9    6 10    7  2    8 54    9 59   10 79   11 68   12 22   13 81   14 79   15 71   16 33   17 51   18 14   19 77   20 23 
   1 80    2 21    3 76    4 59    5 68    6 40    7 90    8 24    9 26   10 22   11 42   12 44   13 24   14 23   15 80   16 61   17  3   18 68   19  1   20 24 
   1 31    2 36    3  8    4 43    5 96    6 33    7 59    8 92    9 57   10 61   11 63   12 95   13 29   14 92   15 93   16 93   17 61   18 86   19 88   20 21 
   1 65    2 56    3 16    4 98    5 93    6 48    7 23    8 23    9 89   10 53   11 14   12 80   13 77   14  7   15 27   16  8   17 91   18 68   19 16   20  5 
   1 29    2 48    3 98    4 89    5 66    6 52    7 17    8 66    9  3   10 31   11 37   12 38   13 68   14 59   15 30   16 18   17 26   18  6   19 93   20 66 
   1 36    2 18    3 36    4 17    5 60    6 78    7 82    8 65    9 20   10 73   11 63   12  7   13 55   14 49   15 48   16 95   17 78   18 14   19 35   20  4 
   1 73    2 97    3 13    4 22    5 36    6 26    7 21    8 54    9 33   10 20   11 39   12 51   13  9   14 25   15 31   16 57   17 45   18 70   19 91   20  7 
   1 51    2 87    3 36    4 67    5 79    6 76    7 83    8 44    9 75   10  5   11 40   12 26   13 20   14 50   15 36   16  8   17 33   18 87   19  1   20 68 
   1 14    2 33    3 40    4 86    5  6    6 34    7 79    8 18    9 54   10 16   11 25   12 74   13 13   14  9   15  2   16 93   17 31   18  8   19 66   20 85 
   1  8    2 85    3 59    4 44    5 59    6 20    7 24    8 62    9 36   10 34   11 74   12 90   13 21   14 16   15 94   16 88   17 94   18 22   19 68   20 34 
   1 65    2 42    3 61    4  1    5  3    6 32    7 23    8 71    9 37   10  5   11  6   12 13   13 79   14 79   15 87   16  6   17  4   18 64   19 10   20 69 
   1 95    2 60    3 69    4 36    5 44    6 42    7 35    8 33    9 64   10 50   11 85   12 13   13 96   14 30   15 52   16 94   17 37   18 61   19 33   20  5 
   1 84    2 71    3 53    4  4    5  7    6 88    7 39    8 97    9 34   10 73   11 76   12 70   13 33   14 96   15 62   16 31   17 83   18 23   19 37   20 24 
   1 49    2 36    3 30    4 59    5 72    6 36    7 19    8 17    9 32   10 93   11  7   12 95   13 87   14 96   15 85   16 99   17 54   18 93   19 42   20  3 
   1 70    2 29    3 47    4 28    5 12    6 78    7 84    8  9    9  1   10 32   11 54   12 83   13 91   14 98   15 35   16 69   17 68   18 10   19 29   20 91 
   1 89    2 69    3  2    4 43    5 69    6  6    7 55    8 15    9 51   10 71   11 27   12 47   13 60   14 56   15  1   16 22   17 32   18 28   19 16   20 18 
   1 57    2 59    3 38    4 32    5 50    6 59    7  7    8 43    9  6   10 45   11  6   12 23   13 42   14 95   15 76   16 83   17 94   18 84   19 84   20 61 
   1 52    2 83    3 39    4 58    5 41    6 89    7 37    8 85    9 57   10 10   11 83   12 34   13 48   14 44   15 35   16  5   17  4   18 44   19 15   20 36 
   1 11    2 37    3 24    4 69    5 75    6 48    7 62    8 85    9 48   10 66   11 80   12 26   13 59   14 90   15 27   16 50   17 48   18 21   19 83   20 68 
   1 32    2 55    3 47    4 76    5 48    6 47    7 25    8 39    9 27   10 36   11 62   12 64   13 98   14  5   15  6   16  2   17 36   18  2   19 42   20 68 
   1 54    2 85    3 89    4 49    5 48    6 68    7 90    8 92    9 28   10 53   11  4   12  9   13 54   14 51   15 64   16 39   17 77   18 24   19 28   20  1 
   1 70    2 77    3 46    4 48    5 92    6 86    7 78    8 55    9 13   10 98   11 59   12 31   13 97   14 47   15  6   16 53   17  6   18 79   19  7   20  9 
   1 76    2  1    3 56    4 90    5  8    6 75    7 49    8  3    9 91   10 80   11 68   12 51   13 99   14 69   15 79   16 39   17 89   18 91   19 40   20 35 
   1 52    2 76    3 90    4 41    5 83    6 18    7 21    8 85    9 71   10 97   11 27   12 87   13 44   14 60   15 23   16 98   17 61   18 30   19 28   20 54 
   1 50    2 69    3 36    4 21    5 31    6 61    7 27    8 49    9 76   10 19   11 85   12 91   13 93   14 43   15 33   16 33   17 65   18 93   19 59   20 18 
   1 84    2 81    3 26    4 65    5 66    6 49    7 90    8 76    9 26   10 39   11 37   12 35   13 74   14 18   15 17   16  7   17 91   18 41   19 63   20 38 
   1 27    2 67    3 23    4  7    5  5    6 20    7 52    8 91    9 16   10 93   11 19   12 21   13 91   14 92   15  1   16 54   17 78   18 49   19 10   20 19 
   1  6    2 62    3 36    4 83    5 64    6 65    7 18    8 17    9 27   10 47   11 53   12 70   13 94   14 82   15  9   16 71   17 39   18 28   19  4   20 82 
   1 44    2 95    3 54    4 12    5 59    6 55    7 95    8 30    9 76   10  3   11 11   12 48   13 30   14 27   15 29   16 21   17 73   18 13   19  6   20 43 
   1 50    2 15    3 57    4 72    5 10    6  5    7 38    8 66    9 65   10 64   11 13   12 31   13 52   14 74   15 49   16  5   17 20   18 43   19 90   20 60 
   1 89    2 78    3 35    4 27    5 97    6  9    7 82    8 22    9 82   10 12   11 64   12 98   13 17   14 76   15 20   16 13   17 92   18 29   19 98   20 43 
   1 87    2 88    3 33    4 58    5 86    6  1    7 76    8 21    9 57   10 68   11 80   12 97   13 96   14 57   15 50   16 70   17 66   18 45   19 12   20 46 
   1 14    2 82    3  5    4 20    5  6    6 84    7 99    8 75    9 25   10 28   11 52   12  8   13 44   14 96   15  7   16 57   17 92   18 22   19 76   20 91 
   1 96    2 61    3 74    4 92    5 34    6 37    7 43    8 59    9 72   10 14   11 17   12  9   13 46   14 96   15 46   16 27   17 30   18 91   19 35   20 66 
   1 30    2 58    3 93    4 63    5 79    6 75    7  5    8 52    9  7   10  4   11 79   12 41   13 87   14  9   15 86   16 38   17 90   18 74   19 14   20 52 
   1 82    2 92    3  5    4 27    5 32    6 16    7 19    8 83    9  8   10  1   11 76   12 13   13 97   14 16   15  3   16 55   17 62   18 25   19 43   20 53 
   1 75    2 15    3 79    4 27    5 88    6 46    7 73    8 32    9 73   10 67   11 33   12 83   13  9   14 12   15 15   16 93   17 86   18 99   19 72   20  9 
   1 55    2 17    3 37    4 96    5 98    6 44    7 45    8 49    9 59   10  8   11 21   12 81   13 18   14 88   15  7   16 12   17 98   18 40   19  3   20 45 
   1 90    2 66    3 56    4  1    5 44    6 72    7 82    8 47    9 26   10 61   11  7   12 50   13 18   14 59   15 76   16 66   17 17   18  3   19 94   20 67 
   1  6    2 22    3 43    4  9    5 49    6 81    7 55    8 60    9 34   10 23   11 69   12 66   13 77   14 39   15 97   16 16   17 30   18 85   19 28   20 38 
   1 63    2 21    3 93    4 75    5 66    6 79    7 93    8 42    9 18   10 14   11 19   12 42   13 47   14 42   15 89   16 31   17 53   18 70   19 31   20 48 
   1 37    2 90    3 36    4 85    5 61    6  6    7  9    8 90    9 78   10 58   11  6   12 81   13 26   14 76   15 93   16  1   17 56   18 42   19 75   20 21 
   1 40    2 67    3 92    4 75    5 46    6  4    7 74    8 81    9 67   10 75   11 65   12 26   13 74   14 17   15 92   16 42   17 32   18  1   19 55   20  7 
   1  2    2 49    3 86    4 18    5 21    6 84    7  9    8 94    9 93   10 50   11  7   12 59   13 97   14 35   15 58   16 26   17 52   18 28   19 79   20 11 
   1 71    2 57    3 84    4 22    5 40    6 27    7  5    8 78    9 99   10 64   11 88   12  6   13 47   14 65   15 23   16 96   17 19   18 48   19 37   20 19 
   1  2    2 58    3 87    4 84    5  6    6 14    7 12    8 22    9 33   10 17   11 86   12  4   13 81   14 87   15 93   16 14   17  1   18 94   19 68   20 85 
   1 17    2 86    3 94    4 16    5 93    6 88    7 65    8 22    9  8   10 70   11 98   12 22   13 59   14 96   15 54   16 57   17 33   18 63   19 97   20  7 
   1 17    2 60    3 45    4 79    5 65    6  9    7 86    8 83    9 32   10 40   11  2   12 63   13 11   14 35   15 14   16 34   17 75   18  2   19  4   20 56 
   1 94    2 94    3 48    4 50    5 57    6 38    7 35    8 82    9 71   10 75   11 62   12 31   13 94   14 93   15 33   16 43   17 22   18 89   19 51   20 79 
   1 36    2 65    3 54    4 47    5 43    6 18    7 61    8 87    9 70   10 88   11 64   12 54   13 90   14 61   15 82   16 73   17 97   18 68   19 72   20 54 
   1 47    2 40    3 15    4 78    5 58    6 88    7 43    8  2    9 84   10 65   11 40   12 49   13 23   14 15   15 88   16 68   17 47   18 21   19 87   20 45 
   1 89    2  4    3 92    4 93    5 54    6 69    7  3    8 66    9 26   10 62   11 17   12 13   13 78   14 86   15  3   16 19   17  6   18 84   19 47   20  9 
   1 37    2  9    3 27    4 56    5 36    6 28    7 11    8 44    9 59   10 54   11 33   12 79   13 86   14  9   15 73   16 12   17 58   18 37   19 55   20 33 
   1  6    2 39    3 84    4 96    5 72    6 20    7 98    8 36    9 55   10 61   11 93   12 17   13 15   14 39   15 18   16 23   17 45   18 15   19  2   20 61 
   1 56    2 51    3 41    4  6    5 37    6 52    7 94    8 78    9 46   10 98   11 40   12 53   13 45   14 64   15 85   16 92   17 94   18 54   19 92   20 39 
   1 79    2 64    3 13    4 41    5 21    6 11    7 61    8 28    9 57   10 29   11 58   12  3   13 27   14  3   15 22   16 95   17  6   18  2   19 28   20 19 
   1 62    2  9    3 98    4 78    5 51    6 44    7 87    8 89    9 53   10 14   11 82   12 44   13 22   14 90   15 90   16 24   17  4   18 70   19 27   20  8 
   1 82    2 48    3 97    4 30    5 19    6 96    7 59    8 51    9 44   10  2   11 20   12 85   13  3   14 25   15 87   16 16   17 83   18 77   19 40   20 85 
   1 83    2 57    3 29    4 90    5 29    6 45    7  9    8  8    9 63   10 11   11 60   12  7   13 50   14 17   15 97   16 66   17 55   18 86   19 94   20 86 
   1 98    2 61    3 99    4 58    5 92    6 38    7 48    8 57    9 83   10 78   11 48   12 69   13 76   14  3   15  1   16 81   17 10   18 83   19 39   20 80 
   1 49    2 61    3 97    4 60    5  3    6 71    7 61    8 49    9 55   10 65   11  6   12 57   13 90   14 94   15 89   16 55   17 72   18 54   19 82   20 57 
   1 43    2 92    3 63    4 38    5 86    6  9    7 61    8 86    9  4   10 63   11 61   12 74   13 99   14  9   15 98   16 52   17 25   18 45   19 90   20 38 
   1 23    2  2    3 36    4 71    5 77    6 32    7 51    8 82    9 20   10 59   11 35   12 50   13 52   14 76   15  7   16 79   17 12   18 27   19 32   20 62 

