ta109
200 20
   1 11    2 76    3 47    4 11    5 57    6 30    7 73    8 66    9 40   10 81   11 45   12  8   13 53   14 51   15 23   16 22   17 13   18 26   19 54   20 26 
   1 59    2 56    3 54    4 26    5 13    6 17    7 97    8 33    9 12   10 59   11 19   12 48   13 48   14 74   15 12   16  7   17 29   18 12   19 46   20 54 
   1 88    2 32    3 77    4 12    5  7    6 25    7 17    8 71    9 72   10 68   11 74   12 72   13 74   14 32   15 96   16  7   17 22   18 17   19  1   20 50 
   1 53    2 41    3 78    4 27    5 39    6 58    7 28    8 10    9 58   10 80   11 88   12 23   13 21   14 88   15 74   16 83   17 73   18 81   19 82   20 66 
   1 79    2 21    3 87    4 12    5 24    6 55    7 33    8 76    9 55   10 69   11 78   12 41   13 97   14 94   15  3   16 15   17 28   18 12   19 80   20 23 
   1 18    2 73    3 28    4 35    5 61    6 90    7  4    8 25    9 74   10 28   11 38   12 13   13 28   14 95   15 36   16 48   17 19   18  7   19 54   20 90 
   1 19    2 41    3 74    4 71    5 98    6 85    7 36    8 83    9 39   10  5   11 11   12  9   13 98   14 75   15 88   16 45   17 64   18 61   19 11   20 38 
   1 26    2 93    3 91    4 10    5 31    6 20    7 65    8 70    9 86   10 97   11 43   12  5   13  2   14 37   15 44   16 20   17 15   18 41   19  8   20  4 
   1 57    2 11    3 55    4 97    5 49    6 33    7 48    8 87    9 98   10 25   11 84   12 76   13 95   14 82   15 83   16 13   17 51   18 88   19 78   20 19 
   1  7    2 31    3 35    4 25    5 34    6 52    7 21    8 25    9  2   10 17   11 25   12 54   13 47   14 82   15 30   16 91   17 37   18 41   19 20   20 53 
   1 90    2 49    3 28    4 97    5  4    6  6    7  9    8 44    9 54   10 54   11  9   12 32   13 63   14 46   15 98   16 83   17 14   18 19   19 31   20 32 
   1 65    2 71    3 47    4 91    5 37    6 34    7 74    8 25    9 46   10 68   11 91   12 40   13 33   14 92   15 65   16 48   17 78   18 41   19 84   20 92 
   1  7    2 91    3 83    4 93    5 68    6 59    7 45    8  8    9 82   10 30   11 88   12 74   13 58   14 57   15 16   16 36   17 55   18 50   19 71   20 43 
   1 38    2  5    3 87    4  5    5 99    6  8    7 42    8 26    9 82   10 28   11  3   12 34   13 17   14 97   15 23   16 13   17 38   18 29   19 25   20 56 
   1 54    2 74    3 51    4 18    5 47    6 31    7 80    8 99    9 51   10 13   11 78   12 78   13 58   14 48   15 82   16 69   17 75   18  8   19 11   20 92 
   1 32    2 31    3 12    4 97    5 67    6 54    7  1    8 91    9 11   10 52   11  8   12 58   13 23   14 93   15 42   16 23   17  1   18 12   19 54   20 60 
   1 20    2  6    3 49    4 64    5 48    6  4    7 86    8 14    9 54   10 62   11 58   12 34   13 92   14 21   15 28   16 40   17 68   18 57   19 80   20 23 
   1 88    2 76    3 89    4 62    5 89    6 54    7 91    8 87    9 66   10  7   11 47   12 23   13 14   14  1   15  7   16 51   17 16   18 90   19 54   20 52 
   1 16    2 66    3  1    4 60    5 23    6 40    7  2    8 31    9 67   10 68   11 51   12 15   13 35   14 65   15 12   16 69   17 50   18 91   19 67   20 52 
   1 97    2 15    3 49    4 50    5 60    6 59    7 41    8 53    9 87   10 69   11  4   12 22   13 40   14  4   15 47   16 16   17 28   18 45   19 52   20 10 
   1 38    2 26    3 93    4 48    5 51    6 14    7 42    8 78    9 21   10 22   11 29   12 87   13 86   14 75   15 75   16 18   17 29   18 24   19 72   20 84 
   1 47    2 52    3 13    4 24    5 86    6 85    7 82    8 28    9 11   10 88   11 25   12 26   13  1   14 71   15  2   16 34   17 69   18 16   19 66   20 18 
   1 37    2  1    3 73    4 39    5 19    6 60    7 14    8 43    9 65   10 27   11 34   12 98   13 67   14 98   15 36   16 72   17 10   18 25   19 81   20 41 
   1 54    2 52    3 20    4  7    5 80    6 63    7 13    8 91    9 22   10 72   11 62   12 40   13 60   14 88   15 73   16 68   17  1   18 38   19 15   20  2 
   1 27    2 57    3 26    4  4    5 62    6  6    7 12    8 33    9 35   10 51   11 98   12 79   13 16   14 25   15 27   16 31   17  4   18 36   19 67   20 31 
   1 34    2 55    3 67    4 27    5 79    6 74    7 36    8 66    9 28   10 79   11 63   12  5   13 23   14 75   15 48   16 43   17 69   18 60   19 72   20 31 
   1 28    2 62    3 18    4 80    5 47    6 72    7 83    8 81    9 45   10 33   11 97   12 12   13 93   14 43   15 58   16 91   17 90   18 35   19 66   20 83 
   1 55    2 18    3 32    4 68    5 87    6 53    7 29    8 63    9 24   10 56   11 58   12 90   13  3   14 42   15 69   16 93   17 17   18 55   19 85   20 23 
   1 81    2  3    3 22    4 36    5 32    6 38    7 35    8 21    9 74   10 35   11 93   12 65   13 56   14 78   15 24   16 46   17 11   18 35   19 84   20 50 
   1 71    2 80    3 18    4 88    5 53    6 27    7 29    8 47    9 12   10 74   11 61   12 17   13 22   14 70   15  4   16 19   17 57   18 45   19 37   20 75 
   1  2    2 91    3 64    4 49    5 24    6  1    7 86    8 98    9 72   10 44   11 71   12 31   13 50   14 80   15 51   16 42   17 48   18 39   19 84   20 72 
   1 26    2 31    3 13    4 88    5 89    6 36    7 17    8  8    9 30   10 11   11 83   12 82   13 29   14 83   15 84   16 64   17 11   18 96   19 45   20 39 
   1 99    2 53    3 19    4 44    5 58    6 98    7 90    8 88    9 81   10 58   11 52   12 90   13 78   14 11   15 29   16 82   17 49   18 50   19 20   20 93 
   1 59    2 48    3 73    4 86    5 20    6 72    7 88    8 53    9 24   10 69   11 40   12 91   13 59   14 25   15 54   16 16   17 30   18  3   19 14   20 92 
   1 46    2 58    3 96    4 33    5 72    6 16    7 58    8 51    9 75   10 86   11 99   12 33   13 94   14 73   15 50   16 73   17 98   18 13   19 80   20 25 
   1 92    2 36    3 15    4 51    5 83    6 22    7 48    8  3    9 49   10  2   11 53   12 30   13 71   14 73   15 84   16 48   17 40   18 88   19  1   20 60 
   1 16    2 14    3 18    4 69    5 67    6  5    7 81    8 54    9 17   10  2   11 13   12 69   13 56   14 22   15  2   16 81   17 80   18  4   19 61   20 34 
   1 98    2 20    3 66    4 33    5  2    6 31    7 76    8 64    9 15   10  3   11 66   12 36   13 30   14 82   15 46   16 41   17 84   18 99   19 60   20 91 
   1 40    2 69    3 15    4 38    5 37    6 93    7 19    8 24    9 47   10 70   11 13   12 87   13 87   14 97   15 97   16 82   17 99   18 68   19 21   20 15 
   1 91    2 88    3 39    4 98    5  3    6  6    7 62    8 85    9 59   10 34   11 77   12 78   13  7   14 92   15 45   16  7   17 17   18 23   19 91   20 56 
   1 53    2 26    3 76    4  8    5 36    6 76    7 68    8 52    9 61   10 16   11 28   12 25   13 68   14 96   15 35   16 41   17 67   18 62   19 66   20 12 
   1 75    2 29    3 20    4 73    5 13    6 29    7 82    8 43    9 72   10 22   11 98   12 70   13 62   14 81   15 68   16 87   17 63   18 27   19 84   20 81 
   1 11    2 71    3 90    4 95    5 18    6 50    7  7    8 40    9 35   10 91   11 56   12 98   13 83   14 35   15 68   16 60   17 21   18 42   19 47   20 47 
   1 95    2 88    3 87    4 11    5 36    6 31    7 65    8 20    9 43   10 24   11 96   12 97   13 36   14 76   15 79   16 50   17  4   18 37   19 99   20 70 
   1 59    2 30    3 67    4 73    5 35    6 53    7 12    8 32    9 70   10 50   11 94   12 24   13 15   14 64   15 51   16 81   17 73   18 78   19 20   20 51 
   1 57    2 47    3 76    4 34    5 56    6 87    7 19    8 40    9  8   10 76   11  4   12 89   13 13   14  1   15 66   16 27   17 96   18 21   19 86   20 42 
   1 68    2 90    3 77    4 68    5 48    6 78    7 21    8 12    9 84   10 39   11 68   12 15   13 94   14 65   15 76   16 58   17 42   18 73   19 98   20 86 
   1 62    2 87    3  5    4 48    5 57    6 79    7 74    8 83    9  8   10 79   11 65   12 22   13 31   14 93   15  4   16 97   17 24   18 97   19 90   20  1 
   1 94    2 83    3 90    4 92    5 51    6 98    7 45    8 81    9 97   10 28   11 22   12 56   13 61   14 13   15 95   16 73   17 14   18 21   19 68   20 71 
   1 84    2 52    3 48    4 76    5 12    6 27    7  6    8  8    9 10   10 54   11 23   12 77   13 12   14 42   15 44   16  4   17 54   18 76   19 17   20 30 
   1  9    2 28    3 48    4 60    5 88    6 94    7 35    8 21    9 97   10 34   11 28   12 49   13 78   14 65   15 66   16 18   17 39   18 16   19 35   20 65 
   1 78    2 72    3 93    4 12    5 28    6 45    7 27    8 51    9 73   10 68   11 94   12 48   13 86   14 61   15 92   16 20   17 98   18 53   19 36   20 49 
   1 69    2 14    3 40    4 64    5 17    6 22    7 20    8 95    9 86   10 94   11 66   12 26   13 32   14 14   15 71   16 93   17 42   18 95   19 34   20 92 
   1 64    2 29    3 74    4 50    5 53    6  8    7 45    8  9    9 23   10 13   11  2   12 71   13 24   14 26   15 21   16 46   17 55   18 99   19 17   20 11 
   1 16    2  5    3 10    4 64    5 67    6 34    7 23    8 13    9 54   10 41   11 56   12 22   13 92   14 82   15 85   16 28   17 50   18 20   19 19   20 48 
   1 87    2 41    3 49    4 87    5 52    6 66    7  4    8 98    9 68   10 68   11 31   12 36   13 60   14 48   15 66   16 94   17 26   18 47   19 79   20 25 
   1 29    2 43    3 77    4 97    5 14    6 21    7 35    8 41    9 36   10 44   11 62   12 61   13 26   14 15   15 32   16 95   17 60   18 76   19 77   20 26 
   1 95    2 85    3 22    4 14    5 89    6 59    7 69    8 32    9 73   10 40   11 28   12  4   13 62   14 18   15 46   16 31   17 26   18  2   19 28   20 40 
   1 54    2 49    3 80    4  2    5 66    6 70    7 49    8 75    9 44   10 46   11  6   12 39   13 88   14 44   15 98   16 59   17 89   18 62   19 32   20 29 
   1 74    2 16    3 81    4 26    5 96    6 93    7 33    8 69    9 73   10 60   11 10   12 55   13 96   14 58   15 80   16 23   17 69   18 90   19 50   20 86 
   1 33    2 75    3 33    4  4    5 44    6  1    7 29    8  3    9 62   10 93   11 76   12 62   13 44   14  9   15 70   16  8   17 55   18 83   19 94   20  7 
   1 17    2 80    3 16    4 79    5 90    6 32    7 49    8 95    9 34   10 32   11 55   12 94   13  6   14 71   15 79   16 22   17 47   18 51   19 20   20 85 
   1 78    2 38    3 90    4 87    5 17    6 92    7 67    8 32    9 98   10 83   11 53   12 47   13 26   14 29   15 51   16 93   17 57   18 23   19 72   20 31 
   1 71    2 79    3  3    4 51    5 25    6 60    7 26    8 70    9 34   10  2   11 96   12 66   13 29   14 30   15 59   16 95   17 15   18 49   19 78   20 21 
   1 22    2 89    3 56    4 32    5 74    6 42    7 57    8 76    9 76   10 88   11  2   12 50   13 33   14 23   15  7   16 53   17 86   18 32   19 45   20 55 
   1 48    2 10    3 66    4 69    5 76    6 14    7 30    8 52    9 36   10 71   11 88   12 94   13 98   14 62   15  5   16 63   17 13   18 56   19 24   20  5 
   1 26    2 61    3 38    4 41    5 74    6 52    7 94    8 10    9 35   10 56   11 79   12 10   13 37   14 16   15 25   16 25   17 66   18 12   19 81   20 95 
   1 17    2 17    3 81    4 35    5 92    6 11    7 57    8 55    9 69   10 63   11 44   12  8   13 91   14 72   15 22   16 79   17 84   18 40   19 35   20 86 
   1 25    2 77    3 89    4 19    5 23    6 59    7  5    8 12    9 11   10 25   11 83   12 18   13 88   14 63   15 28   16  8   17 71   18 63   19 36   20 89 
   1 55    2 76    3 18    4 23    5 11    6 11    7 26    8 43    9 20   10 30   11 79   12 54   13 23   14 26   15 16   16 43   17 58   18 75   19 43   20 27 
   1 74    2 45    3  4    4 16    5 95    6 15    7 19    8 55    9 43   10 29   11 83   12 83   13 40   14 65   15 13   16 39   17 60   18 17   19 82   20 17 
   1 10    2 17    3 85    4 15    5  2    6 19    7  3    8 85    9 99   10 47   11 34   12 69   13 84   14 49   15 61   16 34   17 23   18 90   19 29   20 85 
   1 60    2 52    3 65    4 62    5 75    6 36    7 73    8 56    9 66   10 40   11 21   12 99   13 65   14 36   15 87   16 14   17 38   18  2   19  1   20 60 
   1 46    2 44    3  7    4  6    5  2    6 52    7 13    8 85    9 50   10 30   11 64   12 77   13 11   14 47   15 86   16 47   17 33   18 66   19  6   20 89 
   1 53    2 38    3 24    4 77    5  6    6 57    7  6    8 95    9 45   10 66   11 37   12 89   13  3   14 47   15 84   16 76   17 88   18 98   19 52   20 96 
   1 25    2 56    3 29    4 54    5 55    6 88    7 36    8 27    9 60   10 54   11 47   12 14   13 30   14 58   15  1   16 43   17 10   18 81   19 70   20 87 
   1 70    2 22    3 46    4 66    5 78    6 57    7 25    8 21    9  2   10 40   11  5   12 79   13 12   14 50   15 56   16 75   17 96   18 63   19 87   20 23 
   1 41    2 98    3  1    4 24    5 82    6 93    7 23    8 38    9 11   10 63   11 52   12 36   13 72   14 32   15 18   16 66   17 69   18 52   19 44   20  8 
   1 51    2 75    3 22    4 10    5 46    6 86    7 83    8 29    9 68   10  5   11 76   12 12   13 41   14 80   15 70   16 81   17  2   18 72   19 46   20 53 
   1 59    2 51    3  5    4 76    5 28    6 50    7 73    8 19    9 56   10 47   11 69   12 81   13 43   14 11   15 82   16 92   17 23   18 21   19 72   20 40 
   1 99    2 27    3 35    4 16    5 68    6 62    7 10    8 49    9 46   10 88   11 37   12 37   13 59   14 98   15 80   16 44   17 19   18 42   19  7   20 93 
   1 96    2 89    3 55    4 31    5 78    6 99    7 76    8 53    9 40   10 36   11 39   12  6   13 95   14 60   15 83   16 88   17 16   18 61   19 48   20 84 
   1  1    2 71    3 89    4 61    5 54    6 66    7 70    8 18    9 34   10 15   11 39   12 18   13  2   14 96   15 43   16 13   17 84   18 89   19 13   20 57 
   1 20    2 33    3 56    4 78    5 70    6 60    7 38    8 60    9  4   10 20   11  2   12 32   13 55   14 96   15 11   16 80   17 13   18 12   19  2   20  5 
   1 46    2 92    3 35    4 27    5 78    6 62    7 68    8 57    9 65   10 84   11 47   12 83   13 11   14 11   15 94   16 66   17  5   18 93   19  6   20 58 
   1 54    2 84    3 25    4 28    5  2    6 28    7 30    8 36    9 94   10 82   11 30   12 55   13 56   14 21   15 17   16 55   17 72   18 62   19 96   20 55 
   1 88    2 10    3 80    4 57    5 75    6 48    7 87    8 56    9 85   10 44   11 38   12 30   13 25   14 21   15 75   16 19   17 24   18 54   19 24   20 79 
   1 82    2 34    3 33    4  4    5  1    6 27    7 30    8 16    9 68   10 50   11 76   12 53   13 98   14 62   15 87   16 97   17 72   18 88   19 27   20 44 
   1 11    2 46    3 68    4 71    5 94    6  2    7 31    8 85    9 77   10 30   11 59   12 39   13 29   14 26   15 71   16 54   17 19   18 25   19 68   20 31 
   1 45    2 91    3 21    4 45    5 93    6 27    7 63    8 21    9 39   10 84   11 81   12 68   13 59   14 98   15 20   16 95   17  3   18 98   19 76   20 17 
   1 45    2 34    3  8    4 37    5 38    6  4    7 60    8 87    9 58   10 71   11 15   12 42   13 82   14  1   15 89   16 98   17 50   18 48   19 22   20 83 
   1 79    2 46    3 12    4 84    5 24    6 19    7 16    8 48    9 78   10  5   11 17   12 39   13 48   14 47   15  8   16  6   17  4   18 91   19 40   20 38 
   1 79    2 47    3 93    4 87    5 14    6 84    7  8    8 14    9  6   10 35   11 87   12 44   13 55   14  4   15 84   16 45   17 31   18 50   19 44   20 79 
   1 43    2 10    3 71    4 94    5 49    6 33    7 41    8 36    9 91   10 67   11 83   12 44   13 13   14 33   15 73   16  5   17  5   18 32   19 78   20 66 
   1 41    2 54    3 95    4 78    5 93    6 84    7 64    8 14    9 43   10 18   11 70   12  5   13 13   14 79   15 52   16 84   17 35   18 86   19 70   20 35 
   1 61    2 82    3 94    4 61    5 23    6 15    7 19    8 25    9 62   10 27   11  2   12 37   13 51   14 64   15  8   16 51   17 95   18 25   19 91   20 60 
   1 60    2 36    3 76    4 58    5 22    6 54    7 48    8 24    9 90   10 85   11 64   12 36   13 71   14 52   15 96   16 72   17 71   18 86   19 69   20 11 
   1 17    2 47    3 22    4 60    5 46    6 36    7 19    8 86    9 90   10  8   11 91   12 79   13 57   14 18   15 36   16 36   17 38   18 12   19  5   20  9 
   1 87    2 45    3 94    4 85    5 25    6 27    7 67    8 74    9 57   10 63   11 48   12 85   13 15   14 60   15 27   16 58   17 66   18  1   19 32   20 31 
   1 55    2 46    3  5    4 15    5  4    6 51    7 72    8 63    9 53   10  6   11  4   12 34   13 37   14 28   15 60   16 99   17 35   18 29   19 43   20 43 
   1 28    2  1    3 63    4 17    5  2    6 27    7 48    8 85    9 63   10 67   11 85   12 42   13 43   14 55   15 66   16 27   17 76   18 36   19 62   20 41 
   1 50    2 39    3 61    4 71    5 56    6 67    7 77    8 58    9 30   10 80   11 12   12 32   13 82   14 53   15 32   16 53   17 46   18 22   19 90   20 64 
   1  8    2  4    3 44    4 24    5 80    6 87    7 88    8 45    9  4   10 95   11  5   12 94   13 22   14 89   15 70   16 71   17 83   18  9   19 22   20 39 
   1 81    2  3    3 49    4 99    5 12    6 72    7 88    8 92    9 94   10 20   11 54   12 53   13 28   14 85   15  2   16 46   17 85   18 79   19 83   20 70 
   1 65    2 53    3 70    4 69    5  7    6 80    7 48    8 60    9 33   10 22   11 66   12 10   13 89   14  3   15 83   16 36   17 35   18 39   19 58   20 77 
   1 75    2 28    3 33    4 49    5 51    6 14    7 66    8  4    9 33   10 12   11 36   12 11   13 56   14 40   15 75   16 36   17 58   18 70   19 92   20 52 
   1 70    2 44    3 89    4  8    5 76    6 66    7 19    8  4    9 46   10 64   11 99   12 54   13 47   14 36   15 66   16 46   17 42   18 54   19 24   20 38 
   1 10    2 93    3 16    4 61    5 69    6 91    7 45    8 75    9 79   10 30   11 49   12  2   13 39   14 73   15 47   16 59   17 53   18 56   19 44   20 22 
   1 16    2 13    3  6    4 59    5 91    6 91    7 78    8 15    9 17   10 80   11 74   12 58   13 93   14 87   15 71   16 85   17 99   18  7   19 37   20 97 
   1 68    2 95    3 94    4 57    5 50    6 38    7  8    8 50    9 50   10 73   11  1   12 49   13 60   14 45   15 34   16 35   17 17   18 97   19 15   20 34 
   1 18    2 80    3 20    4 25    5 30    6 88    7 57    8 73    9 68   10 12   11 81   12 64   13 23   14 69   15 13   16 47   17 56   18 59   19 52   20 31 
   1 25    2 73    3 35    4 39    5 43    6 62    7 62    8 86    9 45   10 87   11 68   12 68   13 85   14 45   15 73   16 23   17 41   18 87   19 76   20 67 
   1  3    2 15    3 22    4 35    5  4    6 55    7 19    8 52    9 89   10 81   11 16   12 47   13 49   14  7   15  6   16 25   17 12   18 18   19 56   20 43 
   1 39    2 92    3 81    4 91    5 39    6 47    7 15    8 78    9 80   10 39   11 80   12 99   13 14   14 90   15 35   16 34   17 51   18 16   19 87   20 34 
   1 55    2 51    3 20    4 80    5 66    6 63    7 49    8 96    9 33   10 79   11 29   12 20   13 22   14 59   15 95   16 27   17 82   18 80   19 43   20 15 
   1 38    2 21    3 10    4 78    5 11    6 33    7 62    8 49    9 63   10 35   11 54   12 98   13  6   14 24   15 66   16 34   17 62   18 23   19 48   20 33 
   1 27    2 57    3 15    4 96    5 41    6 98    7 17    8 61    9 26   10 93   11  9   12 46   13 19   14 18   15 33   16 49   17 61   18 15   19 28   20 19 
   1 46    2 85    3 84    4 46    5 65    6 46    7 89    8 21    9 82   10 17   11 18   12 91   13 90   14 66   15 27   16 27   17 62   18 78   19 96   20 69 
   1 91    2 53    3 24    4 99    5 93    6 92    7 55    8 24    9 51   10 90   11 68   12 57   13 44   14 35   15 35   16 47   17 54   18 60   19 73   20 14 
   1 61    2  8    3 64    4 57    5 28    6  3    7 63    8 21    9 92   10 50   11 88   12 76   13 66   14 22   15 20   16  7   17 17   18 37   19 78   20 13 
   1 15    2 20    3 76    4 76    5 43    6 14    7  4    8 77    9 61   10 86   11 57   12 64   13 40   14 16   15 63   16  9   17 37   18 78   19 55   20 39 
   1 97    2 66    3 26    4 87    5 34    6 84    7 30    8 90    9 27   10 68   11 47   12  8   13 52   14 13   15 60   16 99   17 45   18 63   19 14   20  8 
   1 40    2 13    3 97    4 10    5 58    6 88    7 17    8 36    9 46   10 53   11 77   12 32   13 48   14 34   15 76   16 46   17 48   18 39   19 69   20 84 
   1 83    2 34    3 62    4 27    5 23    6 59    7 91    8 47    9 66   10 27   11 42   12 42   13 48   14 65   15  8   16  9   17 24   18 69   19 53   20 53 
   1 97    2 41    3  7    4 48    5 11    6 48    7 46    8  6    9 85   10 91   11 98   12 54   13 32   14 23   15 39   16 14   17 81   18 29   19 90   20 74 
   1 72    2 58    3 34    4 62    5 79    6 36    7 86    8 41    9 69   10 67   11 42   12 52   13  4   14 95   15 65   16 66   17 28   18 24   19 91   20 78 
   1 28    2 88    3 47    4  9    5 20    6 44    7 64    8 15    9 39   10 98   11 78   12 88   13 72   14 82   15 18   16 57   17 55   18 28   19 23   20 16 
   1 95    2 33    3 91    4 52    5 46    6 65    7 91    8 67    9 98   10 35   11 61   12 76   13 45   14 64   15 86   16 16   17 12   18 16   19 17   20 83 
   1 42    2 83    3 32    4 45    5 87    6 37    7 32    8 65    9 67   10 64   11 81   12 60   13 57   14 55   15 75   16 84   17 25   18 31   19 42   20 14 
   1 12    2 60    3 32    4 41    5  7    6 29    7 35    8 78    9 82   10  5   11 86   12 24   13 91   14 38   15 62   16 88   17 20   18  9   19  1   20 52 
   1  6    2 57    3 68    4 93    5 39    6 96    7 31    8 57    9 84   10 47   11 17   12 55   13 35   14  1   15 12   16 72   17 44   18 68   19 77   20 41 
   1 39    2 61    3 10    4 56    5 28    6  2    7 68    8 20    9 80   10 13   11 58   12 62   13 83   14 64   15 18   16 80   17 89   18 25   19 86   20 20 
   1 53    2 11    3 94    4 88    5  2    6 77    7 70    8 96    9 35   10 91   11 38   12 59   13 10   14 65   15 32   16 55   17 68   18 86   19 25   20 84 
   1 74    2 25    3 60    4  6    5 96    6 20    7 49    8 96    9 59   10 54   11 30   12 81   13 33   14 78   15 57   16 43   17 28   18 12   19 13   20 80 
   1 89    2 65    3 16    4 17    5 40    6 39    7 68    8 73    9  2   10 82   11 32   12 19   13 20   14 39   15  4   16 52   17 55   18 52   19 16   20  1 
   1 36    2  1    3 20    4  4    5 77    6 22    7 99    8 99    9 50   10 44   11 51   12 47   13 86   14  5   15 57   16 63   17 35   18 58   19 42   20 49 
   1 13    2 35    3 11    4 78    5 92    6 16    7 77    8 97    9 62   10 86   11 53   12 74   13 36   14 58   15 83   16 76   17 60   18 19   19 19   20 73 
   1 61    2  2    3 34    4 92    5 61    6 43    7 86    8 47    9  8   10 38   11 32   12 78   13 20   14 78   15 45   16 96   17 33   18  8   19 40   20 55 
   1 83    2 59    3 63    4 40    5 88    6 66    7 70    8 69    9 58   10 26   11 38   12  4   13 28   14 38   15 98   16 94   17 75   18 15   19 98   20 28 
   1 19    2 87    3 37    4 40    5 81    6 76    7 43    8 57    9  8   10 96   11 84   12 15   13 61   14 95   15 33   16 34   17 16   18 31   19 13   20 98 
   1  9    2 87    3 58    4 29    5 97    6 92    7 46    8 40    9  1   10 52   11 19   12 24   13 51   14 95   15 41   16 16   17 21   18 19   19 40   20 98 
   1 95    2 54    3 55    4 83    5 34    6 37    7 54    8 37    9 98   10  1   11 86   12 51   13 74   14 68   15 19   16 89   17 75   18  8   19  3   20 59 
   1 79    2 53    3 81    4 64    5 92    6 73    7 31    8 44    9 33   10 40   11 88   12 84   13 14   14 10   15 76   16  9   17 80   18 77   19 88   20  2 
   1 30    2 55    3 71    4 46    5 87    6 70    7 53    8  6    9 83   10 58   11 63   12 10   13 44   14 66   15 33   16 11   17 58   18 17   19 71   20 26 
   1 88    2  2    3  1    4 81    5 45    6 10    7 84    8 20    9 50   10 64   11 69   12 63   13 56   14 43   15 99   16 46   17 26   18 40   19 26   20 22 
   1 45    2 39    3 86    4 73    5 45    6 17    7 46    8 74    9 12   10 10   11 43   12 13   13 22   14 63   15 64   16 32   17 76   18 48   19 57   20 69 
   1 90    2 53    3 62    4  1    5 18    6 14    7 38    8 23    9 56   10 89   11 19   12 98   13 80   14 11   15 12   16 58   17  7   18 97   19 25   20  7 
   1 81    2 39    3 35    4 38    5 22    6  2    7 56    8  7    9 26   10 30   11 89   12 74   13 45   14 31   15 11   16 27   17 71   18 63   19 46   20 26 
   1 45    2 11    3 45    4 62    5 36    6 62    7 56    8  9    9 91   10 18   11 70   12 78   13 75   14 27   15  8   16 77   17 94   18 40   19 87   20 98 
   1 66    2 75    3 49    4 37    5 96    6 70    7 65    8 78    9 51   10 74   11 48   12 85   13 11   14 66   15 63   16 58   17 81   18 26   19 32   20 56 
   1 73    2  1    3 33    4 13    5 18    6 73    7 15    8 48    9 36   10 13   11 55   12 44   13 42   14 21   15 52   16 14   17 81   18 13   19  8   20 40 
   1 96    2 52    3 98    4 95    5 68    6 81    7 75    8 10    9 95   10 20   11 46   12  2   13 40   14 65   15  8   16 25   17 42   18 41   19 56   20 63 
   1  4    2 41    3 12    4 29    5 52    6 40    7 84    8 21    9 36   10 44   11 95   12 67   13 50   14 50   15  3   16 34   17 14   18 68   19 49   20 11 
   1 76    2 19    3  7    4 16    5 54    6  9    7 14    8 89    9 75   10 73   11 51   12  3   13 96   14 32   15 22   16 75   17 57   18  9   19 22   20 70 
   1 43    2 78    3 54    4 42    5 91    6 20    7 98    8 25    9 64   10 21   11 98   12 13   13 70   14 33   15 13   16 72   17 59   18 55   19 59   20 68 
   1 52    2 39    3 47    4 77    5 75    6 82    7 99    8 75    9 54   10 34   11  7   12 48   13 56   14 79   15  7   16 56   17 28   18 93   19 16   20 69 
   1 54    2 94    3 89    4 50    5 63    6 51    7 33    8 35    9  1   10 99   11 16   12 25   13 73   14 58   15 80   16 39   17 33   18 75   19 79   20 87 
   1 49    2 73    3 59    4 72    5 82    6 13    7 49    8 37    9 31   10 56   11 51   12 39   13 54   14 26   15 89   16 91   17  2   18 20   19 38   20 56 
   1 92    2 71    3  7    4 98    5 32    6 76    7 49    8 65    9 31   10 77   11 68   12  1   13  8   14 45   15 79   16 57   17 93   18 94   19 42   20  8 
   1  5    2 45    3 34    4 77    5 43    6 97    7  3    8 88    9 11   10  7   11 16   12 10   13 35   14 25   15  6   16  7   17 78   18  3   19 95   20 52 
   1 18    2 24    3 88    4 70    5 89    6 31    7 63    8 84    9 78   10 40   11 60   12 51   13 51   14 24   15 47   16 28   17  2   18 62   19 70   20 65 
   1 57    2 18    3 91    4 72    5 18    6 11    7 57    8 74    9 38   10 84   11 53   12 22   13 99   14 62   15 36   16 29   17 33   18 66   19 65   20 79 
   1 39    2 11    3 71    4 37    5 56    6 78    7 44    8 70    9 31   10 42   11 37   12 79   13 46   14 90   15 11   16 87   17 83   18 84   19 30   20 22 
   1 81    2 86    3 96    4 49    5 66    6 92    7 17    8 20    9 48   10 42   11 36   12 88   13 65   14 79   15 40   16 40   17 55   18 81   19 61   20 28 
   1  6    2 67    3 21    4 26    5  9    6 97    7 73    8 80    9 54   10 14   11 94   12 80   13 65   14  9   15 18   16  8   17 29   18 52   19 16   20  3 
   1 11    2 53    3 27    4  7    5 74    6  9    7 13    8 16    9 21   10 71   11 70   12 48   13 25   14 43   15 70   16  1   17  5   18 29   19 94   20 56 
   1 54    2 58    3 43    4 29    5 78    6 74    7 68    8 74    9 74   10 29   11 64   12 37   13 49   14 50   15 43   16 72   17 28   18 68   19 95   20 31 
   1 73    2 68    3 31    4 54    5 55    6 24    7  7    8 70    9 30   10 32   11 35   12 66   13 12   14 55   15 12   16 52   17 46   18 64   19 67   20 44 
   1 34    2 57    3 62    4 86    5 80    6 87    7 83    8 46    9 56   10 22   11 48   12 29   13 55   14 83   15 41   16 19   17 57   18 65   19 79   20 58 
   1 91    2 33    3 22    4 17    5 74    6 80    7 59    8 36    9 42   10  6   11 68   12 35   13 46   14 81   15 96   16 40   17 24   18 58   19 49   20 73 
   1 86    2 53    3 82    4 68    5 36    6 17    7 74    8 79    9 11   10 58   11 74   12 15   13 94   14 62   15 30   16 69   17 35   18 68   19 62   20 79 
   1 65    2 80    3 13    4 89    5 65    6 10    7 71    8 24    9 13   10 40   11  1   12 17   13 80   14  9   15 84   16 77   17 18   18 72   19 50   20 13 
   1 41    2 72    3 93    4 52    5 51    6 51    7 59    8 29    9 34   10 24   11 35   12 48   13 99   14 20   15 28   16 37   17 46   18 34   19  7   20 35 
   1 96    2 32    3 85    4 37    5 50    6 56    7 25    8 39    9 72   10 22   11 67   12 16   13 26   14 64   15 71   16 14   17 93   18 85   19 32   20  5 
   1  1    2 89    3 36    4 61    5 21    6  7    7  3    8 93    9 61   10 17   11 74   12 47   13 98   14 59   15 42   16 11   17 88   18 44   19 56   20 67 
   1  9    2 33    3 49    4 80    5 94    6 52    7 17    8 49    9 63   10 40   11 76   12 75   13 62   14 45   15 33   16 86   17 95   18 53   19 82   20 40 
   1 59    2 57    3 39    4 43    5  3    6 26    7 11    8  1    9 31   10 80   11 94   12 75   13 64   14 26   15 83   16 96   17 82   18 11   19 92   20 85 
   1 96    2 38    3 57    4 86    5 51    6 74    7 68    8 88    9 55   10  2   11  6   12 75   13 16   14 10   15 95   16 39   17 68   18 10   19 78   20 85 
   1 96    2 44    3 82    4 20    5 91    6 79    7 12    8 25    9 88   10  1   11 95   12 82   13 81   14 39   15 98   16 34   17 94   18 20   19 20   20 82 
   1 76    2 35    3 99    4 97    5 76    6 83    7 32    8 86    9 87   10 62   11 36   12 63   13 25   14 64   15 19   16  2   17 53   18 25   19 17   20  5 
   1  3    2 80    3 69    4 25    5 39    6 90    7 68    8 78    9 58   10 21   11 13   12 96   13 68   14 68   15 58   16 95   17 45   18 31   19 54   20 70 
   1 67    2 88    3 81    4 97    5 64    6 91    7 46    8 51    9  1   10 32   11 66   12 36   13  5   14 63   15 42   16 58   17 95   18 81   19 63   20 72 
   1 21    2 75    3  7    4 83    5 67    6 64    7 29    8 79    9 42   10 77   11 74   12 86   13 95   14 47   15 25   16 13   17 70   18 80   19 64   20  5 
   1 88    2 92    3  3    4  2    5 31    6 15    7 64    8 15    9 32   10 42   11 52   12 98   13 68   14  7   15 71   16 33   17 80   18 73   19 93   20 24 
   1 92    2  5    3 66    4 69    5 15    6 49    7 28    8 93    9  2   10  9   11 75   12 13   13 92   14 69   15 81   16 78   17 79   18 38   19 29   20 47 
   1 64    2 71    3 20    4 31    5 51    6 39    7 50    8 26    9 19   10 93   11  2   12 22   13 11   14 28   15 95   16 75   17 28   18 58   19 77   20 53 
   1 18    2 79    3 83    4 80    5 91    6 22    7 83    8 48    9 66   10  3   11 59   12 58   13 83   14 49   15 85   16 61   17 11   18 87   19 37   20 47 
   1 54    2 59    3 53    4 92    5 83    6 88    7 86    8 53    9 67   10 34   11  7   12 45   13 82   14 97   15 93   16 58   17 54   18 55   19 28   20 84 
   1 65    2 73    3  9    4 47    5 72    6 88    7 36    8 28    9 75   10 39   11 90   12 39   13 57   14 80   15 43   16 17   17 43   18 17   19 92   20 11 
   1 29    2  8    3 31    4 19    5  1    6 15    7 15    8 43    9  5   10 34   11 15   12 34   13 82   14  7   15 37   16 92   17  8   18 37   19 97   20  1 
   1 10    2  5    3 27    4 39    5 49    6 54    7 55    8 80    9 98   10 46   11 96   12 92   13 62   14 90   15  3   16 87   17 53   18 74   19 55   20 56 
   1 91    2  6    3 69    4 10    5  4    6 46    7 86    8 84    9  9   10 30   11 29   12 32   13  9   14  5   15  8   16 31   17 70   18 76   19 70   20 19 
   1 34    2 37    3 75    4 88    5 36    6 28    7 94    8 88    9 91   10 70   11  1   12  8   13 45   14 33   15 37   16 28   17 96   18 88   19 78   20 71 
   1 65    2 54    3 22    4 85    5 98    6 24    7 24    8 83    9 22   10 47   11 23   12 97   13 90   14 92   15 18   16 87   17 50   18  1   19 20   20 82 
   1 58    2 76    3 97    4 76    5 91    6 72    7 33    8 91    9 44   10 93   11 89   12 50   13 68   14 81   15 78   16 55   17 47   18 26   19 18   20 89 
   1 84    2  7    3 70    4 29    5 89    6 68    7 24    8  7    9 13   10 78   11 36   12 38   13 42   14 99   15 86   16 97   17 90   18 77   19 27   20 41 
   1 10    2 30    3 58    4 44    5 34    6 98    7 24    8  2    9 57   10 97   11 26   12 15   13 29   14 53   15 39   16  9   17 38   18 66   19 49   20 59 
   1 14    2 78    3 29    4 98    5 96    6 30    7 26    8 38    9 42   10 47   11 25   12 75   13  8   14  2   15 68   16 39   17 85   18 85   19 26   20 46 
   1 56    2 27    3 14    4 26    5  6    6 19    7 54    8 22    9  5   10 52   11 82   12 44   13 49   14 35   15 65   16 14   17 60   18 23   19 68   20  6 
   1 84    2 31    3 41    4 68    5 67    6 90    7 41    8 49    9 80   10 44   11 26   12 76   13 34   14 43   15 91   16 94   17 56   18 79   19 71   20 36 

