ta105
200 20
   1 67    2 88    3 65    4 83    5 64    6 33    7 42    8 43    9 87   10  4   11 14   12  7   13 13   14 29   15 74   16  7   17 10   18 67   19 80   20 44 
   1 70    2 73    3 96    4 25    5 51    6 73    7  9    8 86    9 13   10 10   11 87   12 20   13 51   14 13   15 49   16 28   17 24   18 13   19 77   20 62 
   1 39    2 23    3  3    4 95    5  9    6 40    7 28    8 97    9 92   10  2   11 47   12 58   13 91   14  9   15 50   16 94   17 67   18 26   19 33   20 60 
   1 25    2 94    3 43    4 10    5 16    6 75    7 75    8 34    9 47   10 51   11 75   12 23   13 85   14 24   15 73   16 87   17 32   18 41   19 95   20 84 
   1 43    2  9    3 89    4 36    5 78    6  1    7 14    8  1    9 83   10 15   11 12   12 73   13 10   14 19   15 88   16 86   17 60   18  7   19 27   20 38 
   1 43    2 64    3 20    4 23    5 85    6 16    7 55    8 17    9  9   10 27   11 29   12 96   13 42   14 38   15 25   16 11   17 45   18 76   19 14   20 70 
   1 10    2 60    3 11    4 96    5 57    6 69    7 37    8 35    9 97   10 36   11 10   12 67   13 59   14 68   15 35   16 50   17 75   18 52   19 80   20  7 
   1 41    2 65    3 36    4  7    5 18    6 73    7 66    8 51    9 53   10 31   11 11   12 82   13 30   14 56   15 88   16 35   17 53   18 73   19 73   20 41 
   1 70    2 53    3 52    4 21    5 28    6 98    7 25    8 57    9 44   10  8   11 88   12 79   13  7   14 67   15 73   16 19   17 25   18 69   19 58   20 58 
   1 39    2 93    3 72    4 16    5 25    6 40    7 65    8 17    9 94   10 48   11 98   12 31   13 28   14  6   15 55   16 96   17 88   18 59   19  8   20 23 
   1  4    2 69    3  8    4 32    5  8    6 12    7 79    8 18    9 84   10 34   11 45   12 44   13 40   14 74   15 72   16 71   17 41   18 31   19 34   20 91 
   1 89    2 75    3 30    4 45    5 50    6 96    7  6    8 36    9 95   10 35   11 19   12 37   13 88   14 94   15 86   16 55   17 73   18  6   19 99   20 78 
   1 83    2 50    3 30    4 85    5 21    6  8    7 27    8 26    9  6   10 95   11 49   12 80   13 92   14 27   15 17   16 15   17 90   18 99   19 82   20 64 
   1 48    2 91    3 20    4 81    5 44    6 42    7 45    8 95    9 59   10 19   11 27   12 38   13  1   14 59   15 96   16 79   17 92   18 32   19 93   20 38 
   1 41    2 25    3 82    4 81    5 85    6 52    7 87    8 58    9 58   10 47   11 27   12 80   13 22   14 24   15 78   16 51   17 59   18 15   19 75   20 79 
   1 88    2 67    3 92    4  3    5 90    6 87    7 85    8 75    9 16   10 31   11 97   12  7   13  3   14 85   15 20   16 54   17 72   18 36   19 21   20 45 
   1 39    2 19    3 66    4 43    5 89    6 84    7 50    8 77    9 25   10 18   11 89   12 87   13 42   14 28   15  9   16 26   17 89   18 41   19 43   20 30 
   1 96    2 21    3 97    4 33    5 35    6 67    7 87    8  9    9 19   10 42   11 86   12  3   13 63   14 81   15 54   16 80   17 12   18 62   19  1   20 20 
   1 51    2 37    3 78    4 67    5 80    6 54    7 24    8 26    9 16   10 67   11 65   12 34   13 33   14 82   15 31   16 57   17 43   18 31   19 87   20 16 
   1 95    2 27    3 53    4 56    5 94    6 33    7 32    8 27    9 23   10 97   11 79   12 89   13 99   14 23   15 33   16 34   17 30   18 52   19 91   20 80 
   1 73    2 16    3 40    4  6    5 48    6 36    7 29    8 13    9 29   10 91   11 19   12 95   13 79   14 90   15 22   16 93   17 33   18 79   19 95   20 93 
   1 65    2 31    3 48    4 42    5 95    6 37    7 33    8 56    9 69   10 80   11 76   12  9   13 55   14  7   15 55   16 12   17 51   18 74   19 66   20 20 
   1 58    2 33    3 20    4  1    5 70    6 74    7 84    8 63    9 59   10 70   11 85   12 24   13 52   14 50   15 16   16 76   17  2   18 24   19 84   20  4 
   1 31    2 52    3 14    4 98    5 34    6 70    7 43    8 69    9 94   10 26   11 27   12 36   13 29   14 37   15 16   16 28   17 11   18 40   19 56   20 52 
   1 37    2 70    3 42    4 19    5 77    6 42    7 22    8 66    9 73   10 32   11 98   12 19   13  2   14 40   15 67   16 79   17 45   18 98   19 32   20 73 
   1 69    2 27    3 19    4 44    5 16    6  1    7 81    8  3    9  9   10 22   11 87   12 99   13 42   14 94   15  8   16 42   17 66   18 42   19 85   20  9 
   1 18    2  4    3 63    4 10    5 18    6 20    7 21    8 54    9 45   10 23   11 46   12 58   13 97   14 40   15 18   16 50   17 29   18 21   19 22   20 50 
   1 62    2 46    3 79    4 63    5 68    6 22    7 14    8 82    9 20   10 58   11 81   12 32   13 13   14 96   15 76   16 77   17 28   18 70   19 77   20 78 
   1 14    2 52    3 26    4 98    5 18    6 57    7  4    8 38    9 16   10 82   11 46   12 74   13 88   14 47   15 53   16 41   17  6   18 64   19 97   20 41 
   1 27    2 12    3 10    4 76    5 92    6 19    7 29    8 61    9 56   10 28   11 32   12 49   13 18   14 99   15 42   16 32   17 84   18 84   19 18   20 90 
   1 17    2 30    3 51    4 29    5 36    6 21    7 41    8 16    9 14   10 13   11 54   12 17   13  7   14 78   15 43   16 98   17 26   18 92   19 39   20 65 
   1 93    2 28    3 74    4 59    5  2    6 49    7 13    8  3    9 22   10 92   11 49   12 91   13 53   14 71   15 24   16 38   17 88   18 24   19  5   20 18 
   1 14    2 12    3 36    4 65    5 14    6 97    7 75    8 74    9 35   10 86   11 69   12 29   13  8   14  7   15 18   16  5   17 86   18 78   19 20   20 87 
   1 95    2 14    3 45    4 57    5 58    6 88    7 22    8 33    9 58   10 64   11 66   12  3   13  2   14 35   15 79   16 69   17 18   18 18   19 26   20 97 
   1 68    2 65    3 30    4 74    5 29    6 44    7  9    8 57    9 86   10 69   11 96   12 56   13 85   14 67   15 97   16 44   17 88   18 13   19 52   20 10 
   1 90    2 69    3 94    4 74    5 79    6 17    7 42    8 86    9 36   10 10   11 13   12  8   13 37   14 93   15 31   16 54   17 70   18 62   19 41   20 75 
   1 99    2 21    3 67    4 22    5 22    6  4    7 84    8 22    9 23   10 72   11 93   12 21   13 23   14  1   15 52   16 46   17 33   18 38   19 29   20 94 
   1 40    2 15    3  1    4 71    5  7    6 56    7 44    8 61    9 74   10 45   11 62   12 36   13 72   14 50   15 52   16 54   17 26   18 28   19 21   20 88 
   1 11    2 92    3 72    4 36    5 29    6  8    7 28    8 16    9  3   10 84   11 50   12 37   13  3   14 18   15 73   16 11   17 54   18 56   19 12   20 30 
   1  2    2 74    3 38    4 63    5 45    6 73    7 19    8 32    9 56   10 34   11 75   12 15   13 23   14 88   15 27   16 78   17 34   18 65   19 77   20 29 
   1 69    2 77    3 76    4 72    5 45    6 63    7 83    8  5    9 44   10  4   11 55   12  1   13 33   14 91   15  4   16 39   17 88   18 46   19 87   20 12 
   1 92    2 11    3  8    4 61    5 41    6 16    7  8    8 96    9 63   10 70   11 58   12 65   13 94   14 88   15 67   16 23   17 72   18  1   19 94   20 54 
   1 50    2 95    3 70    4 34    5 10    6 53    7 11    8 71    9 35   10 87   11  5   12 52   13 48   14 72   15 70   16 30   17 94   18 98   19 39   20 28 
   1 55    2  2    3 31    4 78    5 55    6  5    7 91    8 59    9 34   10 69   11 40   12 77   13 10   14 99   15 28   16 70   17 91   18 67   19 77   20 33 
   1 28    2  4    3 13    4 61    5 83    6 32    7 10    8 46    9 62   10 43   11 39   12  3   13 45   14  4   15  2   16 21   17 80   18 61   19 64   20 75 
   1 54    2 50    3 44    4 56    5 19    6 81    7 22    8 88    9 78   10 77   11  5   12 83   13 20   14 27   15 92   16 39   17 40   18 37   19 24   20 60 
   1 98    2 38    3 77    4 44    5 39    6 29    7 83    8 59    9  1   10 66   11 39   12 17   13 72   14 22   15 50   16 91   17 27   18 36   19 58   20 72 
   1 42    2 88    3  3    4 31    5 34    6 30    7 55    8 15    9 43   10 90   11 60   12 98   13 85   14 36   15 98   16 40   17 41   18 54   19 98   20 66 
   1 93    2 77    3 64    4 63    5 79    6 26    7 93    8 12    9 75   10 92   11 87   12 97   13 21   14 30   15 11   16 94   17 28   18 17   19 42   20 11 
   1 48    2 54    3 46    4 22    5 39    6 35    7 14    8 59    9  7   10 86   11 52   12 13   13  7   14  1   15 79   16  6   17 77   18 68   19 52   20  2 
   1 79    2 72    3 74    4 74    5 22    6 10    7 53    8 72    9 11   10 50   11 25   12 33   13 85   14 65   15 95   16 77   17 43   18 41   19  9   20 44 
   1 55    2 59    3 81    4 88    5 86    6 38    7 20    8 64    9 16   10 83   11 11   12 70   13  6   14 57   15  8   16 17   17 51   18 25   19 36   20 73 
   1 29    2 76    3  8    4 25    5 69    6 88    7 34    8 25    9 67   10 29   11 40   12 11   13 30   14 90   15 73   16 48   17 82   18 30   19 78   20 52 
   1 98    2 96    3 86    4 89    5 15    6 96    7 72    8 21    9 69   10  1   11 62   12 44   13 42   14 66   15 37   16 17   17  5   18 68   19 42   20 30 
   1 24    2 83    3 29    4 75    5 16    6 70    7 11    8 41    9 44   10 12   11 15   12 10   13 72   14 17   15 32   16 86   17 27   18 66   19 24   20 62 
   1 48    2 21    3 42    4 26    5 31    6 89    7 43    8 36    9 64   10 12   11 92   12 43   13 57   14 69   15 18   16 74   17 91   18 29   19 16   20 12 
   1 33    2 87    3 62    4 91    5 85    6 56    7 42    8 21    9 33   10 98   11  5   12 41   13  5   14 61   15 95   16 45   17 73   18 27   19 93   20 87 
   1 86    2 56    3 42    4 21    5 27    6 83    7 28    8 52    9 95   10 31   11 33   12 49   13 82   14 77   15 80   16 93   17 15   18 87   19 16   20 27 
   1 28    2 75    3 73    4 81    5 10    6 99    7 57    8 67    9 69   10 72   11 30   12 25   13 54   14 43   15 11   16 80   17 66   18 95   19 27   20 15 
   1 71    2 50    3 95    4  3    5 89    6 99    7 75    8 92    9 30   10 21   11 76   12 64   13 87   14  7   15  3   16  1   17 87   18  9   19 15   20 57 
   1 46    2 85    3  8    4 76    5 58    6 82    7 29    8 97    9  3   10 87   11 15   12 63   13 70   14 34   15  6   16 40   17 99   18 14   19 20   20 65 
   1 91    2 22    3 26    4 10    5 96    6 67    7 64    8 54    9 41   10 10   11 36   12 60   13 92   14 89   15 55   16 59   17 18   18  3   19 94   20 38 
   1  5    2 42    3 74    4 95    5 71    6 32    7 69    8  2    9 15   10 59   11 23   12 87   13 14   14 75   15 69   16 97   17 56   18 23   19 32   20 92 
   1 58    2 33    3 37    4 93    5 89    6 45    7 78    8 86    9 36   10 96   11  7   12 18   13 25   14 81   15 83   16 98   17  4   18 52   19 85   20  5 
   1  7    2 65    3 88    4  1    5 25    6 97    7 88    8 60    9 50   10 58   11 84   12 39   13 87   14 81   15 89   16 50   17 51   18 24   19 77   20  5 
   1 99    2 94    3 21    4 85    5 18    6 43    7 87    8 21    9 45   10 28   11 49   12 80   13 79   14 32   15 20   16 34   17 28   18 21   19 97   20  1 
   1 28    2 92    3 31    4 63    5  3    6 87    7 50    8 34    9 50   10 50   11 67   12 10   13 32   14 34   15 55   16 82   17 45   18 42   19 16   20 34 
   1 60    2 55    3 54    4 91    5 29    6 22    7 21    8 21    9 14   10  3   11 98   12 18   13 88   14 77   15 31   16  5   17 81   18 67   19 30   20 50 
   1 15    2 20    3  9    4 56    5 74    6 57    7 75    8 98    9 86   10 86   11 78   12 25   13  9   14 59   15 65   16  9   17  4   18 94   19 87   20 66 
   1 22    2  5    3 46    4  2    5 10    6 71    7 41    8 52    9 15   10 78   11 56   12 66   13  6   14 32   15 66   16 17   17 13   18 15   19 34   20 47 
   1 70    2 81    3  9    4 61    5 59    6 20    7 11    8 83    9 83   10 69   11 36   12 28   13 60   14 52   15 26   16 45   17 50   18 53   19 40   20  8 
   1 28    2 68    3  5    4 72    5 55    6 63    7 49    8 40    9 77   10 52   11  4   12 47   13 49   14 63   15 79   16 23   17 89   18 65   19 27   20 88 
   1 85    2 29    3 30    4 50    5 51    6 52    7 53    8  6    9 41   10 46   11 99   12 86   13 44   14  7   15 57   16 36   17 41   18 98   19 73   20 82 
   1 44    2 22    3 59    4 89    5 67    6 39    7 49    8  6    9 58   10 93   11 42   12 15   13 83   14 75   15 92   16 15   17 35   18 10   19 47   20 75 
   1 71    2 11    3 41    4 43    5 48    6 42    7 21    8 38    9 26   10 75   11 81   12  2   13 63   14 37   15 89   16 83   17 83   18 52   19 57   20 46 
   1 43    2  5    3  4    4 85    5 47    6 26    7 51    8 61    9 94   10 13   11 76   12 64   13 58   14  3   15  9   16 84   17 25   18 10   19 64   20 99 
   1 40    2 50    3 32    4 84    5 54    6 22    7  7    8 18    9 77   10 61   11 18   12 96   13 39   14 65   15  4   16 91   17 98   18 32   19 76   20  8 
   1  2    2 98    3 58    4 92    5 72    6 59    7 37    8 28    9 95   10 76   11 44   12 79   13 34   14  6   15 87   16 64   17 96   18 32   19 90   20 45 
   1 79    2 28    3 84    4 54    5 15    6 85    7 88    8 98    9 47   10 63   11 68   12 47   13 23   14 27   15 90   16 41   17 46   18 50   19 48   20 95 
   1 16    2 23    3 79    4 66    5 10    6 93    7 51    8 16    9 12   10 99   11 72   12 14   13 74   14 22   15 67   16 98   17 65   18 85   19 69   20 49 
   1 60    2 28    3 45    4 74    5 59    6 65    7 79    8 17    9 97   10 57   11 67   12 47   13 39   14  6   15 80   16 62   17  6   18 10   19 16   20 12 
   1 34    2 77    3 35    4 38    5 83    6 47    7 84    8 38    9 74   10 58   11 71   12 85   13 92   14 38   15  8   16 62   17  4   18 33   19 62   20 90 
   1 42    2 54    3 42    4 26    5  4    6  1    7 37    8 26    9 24   10 37   11 57   12  9   13 21   14 16   15 46   16 94   17 20   18 38   19 54   20 93 
   1 94    2 72    3  4    4 72    5 64    6 15    7 73    8 57    9 13   10 99   11 86   12 56   13 23   14 58   15 96   16 48   17 54   18 21   19 22   20 67 
   1 32    2 48    3 29    4  4    5 69    6 20    7 55    8 13    9 71   10 81   11 78   12 74   13  4   14 52   15 19   16 21   17 26   18 92   19 64   20 43 
   1 19    2 39    3 77    4  1    5 40    6 53    7 26    8  3    9 19   10 16   11 32   12  2   13 87   14  8   15 96   16 73   17 29   18 70   19 62   20 22 
   1 69    2 93    3 36    4 47    5 34    6 32    7 16    8 54    9 85   10 44   11 95   12  6   13 63   14 48   15 91   16 75   17 75   18 70   19 14   20  8 
   1 49    2 94    3 52    4 79    5 78    6 35    7 65    8 17    9 49   10 56   11 55   12 80   13 99   14 93   15 58   16 39   17 17   18 85   19 96   20  9 
   1 82    2 91    3 33    4 24    5 78    6 20    7 46    8 32    9 99   10 68   11 14   12 14   13 87   14 76   15 89   16 44   17 88   18 72   19 22   20 54 
   1 53    2 60    3 24    4 91    5 56    6 80    7 79    8 89    9 45   10 64   11 55   12 60   13 51   14 20   15  6   16 46   17 52   18 96   19 67   20 58 
   1  2    2 73    3 18    4 71    5 63    6 87    7 34    8 38    9 72   10 52   11 50   12 69   13 91   14 91   15 50   16 31   17 82   18 39   19 92   20 52 
   1 94    2 52    3 24    4 50    5 17    6 22    7 70    8 33    9 34   10 78   11 79   12 25   13 22   14 41   15 11   16 48   17 23   18  3   19 14   20 59 
   1 85    2 15    3 90    4 60    5  3    6 22    7 61    8 54    9  5   10 83   11 20   12 30   13 54   14 92   15 58   16 19   17 33   18 14   19 54   20 31 
   1 24    2 60    3 46    4 71    5 29    6 91    7 24    8 16    9  2   10 44   11 47   12 50   13 37   14 97   15 53   16 55   17 70   18 68   19 93   20 87 
   1 13    2 75    3 10    4 75    5 75    6  8    7 54    8 16    9  1   10  8   11 62   12 79   13  3   14 78   15  1   16 36   17 67   18 83   19 11   20 72 
   1 21    2 87    3 32    4 20    5  2    6 88    7 37    8 98    9 86   10 22   11 86   12  1   13 99   14 13   15 12   16 86   17 80   18 81   19 81   20 85 
   1 53    2  3    3 18    4 43    5 78    6 31    7 85    8  7    9  3   10 73   11 70   12  3   13 96   14 94   15 58   16 28   17 33   18 16   19 92   20 33 
   1 62    2  3    3 45    4  7    5 44    6 36    7 33    8 25    9 35   10 12   11 69   12 10   13 67   14 17   15  8   16 78   17 58   18 93   19 48   20 36 
   1 54    2 22    3 53    4 11    5 51    6 11    7 71    8  4    9 96   10 11   11 26   12 82   13 78   14 71   15 20   16 57   17 27   18 64   19 71   20 79 
   1 13    2 83    3 23    4 11    5 10    6 36    7  3    8 54    9 32   10 33   11 80   12 16   13 24   14 83   15 89   16 74   17 25   18 87   19 43   20 73 
   1 87    2 26    3 53    4 15    5 62    6 46    7 99    8  1    9 39   10 39   11 23   12 27   13  6   14 36   15 69   16 26   17 51   18 36   19 63   20 64 
   1 15    2 67    3 15    4 45    5  7    6 23    7 77    8 35    9 84   10 68   11 88   12 25   13 52   14 55   15 20   16 20   17 90   18 66   19 27   20 94 
   1 18    2 79    3  5    4 16    5 31    6 76    7 21    8  9    9 33   10 36   11 93   12 67   13 55   14 52   15 47   16 98   17  2   18 83   19 98   20 91 
   1 55    2 73    3 42    4 52    5 84    6  3    7 29    8 51    9 38   10 31   11 98   12 31   13 69   14 68   15 91   16 77   17 94   18 27   19 49   20 28 
   1 17    2 93    3 34    4 38    5 43    6 37    7 28    8  4    9 17   10 89   11 52   12 29   13  7   14 54   15 57   16 16   17 23   18 45   19 76   20 77 
   1 45    2 76    3 52    4 36    5 49    6 86    7 71    8 64    9 35   10 42   11 16   12 74   13 74   14 44   15 24   16 57   17 50   18 45   19 46   20 24 
   1  3    2 40    3 26    4 19    5  6    6 39    7  2    8 86    9 46   10 60   11 21   12 96   13 20   14 84   15 46   16 60   17 34   18  8   19 27   20 96 
   1 78    2 94    3 57    4 70    5 26    6 86    7 46    8 40    9 19   10 71   11 45   12 44   13 61   14 34   15 56   16 34   17 19   18 38   19 96   20 55 
   1 91    2 17    3 28    4 42    5 88    6 99    7 71    8 98    9 75   10 11   11 79   12 14   13 77   14 81   15 45   16 94   17 88   18 72   19 36   20 92 
   1 52    2  1    3 18    4 77    5 24    6 26    7 70    8 36    9 32   10 63   11 49   12 47   13  7   14 75   15 11   16 64   17 83   18 92   19 62   20 31 
   1 32    2 78    3 71    4 78    5  4    6  4    7 93    8 44    9 41   10 23   11 99   12 64   13 37   14 35   15 75   16 84   17 55   18 95   19 54   20 61 
   1  4    2  3    3  5    4  4    5 39    6 27    7 62    8 72    9 25   10 86   11  5   12 41   13 26   14 34   15  8   16 45   17 47   18 73   19  3   20  9 
   1 51    2 39    3 69    4 57    5 80    6 49    7 99    8 46    9 75   10 72   11 51   12 74   13  8   14 34   15 82   16 27   17  6   18 15   19 27   20 65 
   1 75    2 47    3 18    4 70    5 87    6 69    7 39    8 14    9 28   10 75   11 41   12 16   13 29   14 46   15 70   16 43   17 72   18 16   19 62   20 23 
   1 75    2 41    3 94    4 71    5 17    6 69    7 94    8 58    9 82   10 11   11 27   12 45   13 29   14  4   15 96   16 94   17 18   18  8   19 58   20 14 
   1 68    2  7    3 66    4 95    5 12    6 38    7 29    8 36    9 78   10 67   11 32   12 96   13 73   14 32   15 89   16 50   17 43   18 58   19 75   20 13 
   1 54    2 81    3 84    4 69    5  6    6 45    7 94    8 41    9 72   10 22   11 35   12 89   13 60   14 69   15  9   16 42   17 14   18 61   19  8   20 31 
   1 51    2 64    3 23    4 68    5 12    6  2    7 44    8 73    9 51   10 47   11 18   12 83   13 72   14 15   15 68   16 82   17 79   18 55   19 82   20 47 
   1 29    2 37    3 66    4 97    5  7    6 71    7 72    8 19    9 69   10 41   11 70   12 37   13 93   14 41   15 73   16 61   17 73   18 53   19  9   20 69 
   1 96    2 39    3 15    4 29    5 93    6 76    7 97    8 78    9 70   10 22   11 35   12 49   13 75   14 33   15 21   16 68   17 61   18 21   19 84   20 41 
   1 19    2 88    3 93    4 50    5 35    6 59    7 40    8  2    9 21   10 77   11 21   12 71   13 82   14 14   15 12   16 10   17 96   18 83   19 82   20  6 
   1 55    2 70    3 34    4 21    5 55    6 94    7  6    8 94    9 99   10 15   11 25   12 27   13 16   14 63   15 52   16 22   17 64   18 54   19 69   20 88 
   1 63    2 94    3 71    4  1    5 40    6 27    7 48    8 13    9 91   10 64   11 91   12 54   13 65   14  3   15 83   16  5   17 87   18 96   19 94   20 93 
   1 73    2 23    3 61    4 63    5 49    6 97    7  8    8 57    9 63   10 42   11 69   12 25   13 46   14 64   15  2   16 77   17 24   18 58   19 35   20  2 
   1 75    2 29    3 19    4 41    5 34    6 23    7 22    8 97    9 73   10 73   11 42   12 94   13  4   14 52   15 97   16 46   17 50   18 87   19 90   20 22 
   1 72    2 68    3 58    4 98    5 84    6 77    7  3    8 16    9 92   10 10   11 22   12 92   13 88   14  2   15 32   16 43   17 94   18 75   19 94   20  5 
   1 71    2 95    3 21    4 28    5 45    6 59    7 44    8 30    9 82   10 53   11 54   12 21   13 90   14 29   15 37   16 97   17 43   18  7   19 35   20  6 
   1 28    2 31    3 54    4  7    5 75    6  9    7 39    8 11    9 81   10  6   11 50   12  2   13  7   14 30   15 47   16 17   17 83   18 77   19 73   20 23 
   1 45    2 76    3 73    4 17    5 43    6 92    7 61    8 73    9 73   10  9   11 70   12 57   13 51   14 49   15 47   16 11   17 15   18 83   19 16   20 28 
   1 76    2 35    3 49    4 36    5 94    6 21    7 25    8 31    9 98   10 57   11 35   12 43   13 51   14 66   15 97   16 17   17 43   18 17   19 73   20 54 
   1 79    2 68    3  3    4 93    5 61    6 66    7 61    8 42    9 48   10 49   11 46   12 46   13 11   14 10   15 69   16  2   17 23   18 83   19 92   20 58 
   1 81    2 28    3 38    4 26    5 50    6 92    7 16    8 53    9 10   10 20   11 99   12 80   13 42   14 63   15 10   16 66   17 28   18 85   19 54   20 22 
   1 13    2 48    3 85    4 65    5 17    6  7    7 89    8 11    9 90   10 88   11 47   12 77   13 56   14 39   15 21   16 41   17 12   18 46   19 62   20 86 
   1  9    2 33    3  4    4 63    5 14    6 35    7 15    8  8    9 60   10 82   11 11   12 32   13 73   14 40   15 92   16 63   17 82   18 65   19  2   20 50 
   1 48    2 90    3 49    4 71    5 19    6 24    7 69    8 16    9 80   10 70   11 42   12 61   13 65   14 52   15  2   16 58   17 85   18 60   19 44   20  8 
   1 85    2 34    3 84    4 71    5 85    6 56    7 88    8 69    9 29   10 63   11 39   12 21   13 72   14 63   15 60   16 41   17 23   18 77   19 13   20 55 
   1 68    2 28    3 30    4 74    5  8    6 87    7 49    8 23    9 87   10 37   11 12   12 75   13 27   14 15   15 94   16 18   17 53   18 20   19 53   20  1 
   1  9    2 60    3 70    4 86    5 91    6 52    7 94    8 22    9 35   10 22   11 73   12 16   13 49   14 16   15 73   16 16   17 46   18 45   19 51   20 37 
   1 60    2 33    3 60    4 81    5 72    6 86    7 54    8 77    9  6   10 50   11 43   12 73   13 59   14 48   15  2   16 91   17 14   18  9   19 47   20 53 
   1 77    2 93    3  9    4 28    5 59    6 72    7  3    8 11    9 94   10 92   11 15   12 84   13 44   14 97   15 40   16 48   17 31   18  5   19 56   20 20 
   1 71    2 17    3 11    4 12    5 73    6 97    7 41    8 25    9 33   10  9   11 34   12 85   13 40   14 56   15 51   16 79   17 14   18  2   19  4   20 31 
   1  3    2 84    3 95    4 62    5 27    6 47    7 41    8 26    9  4   10 13   11 95   12 54   13 90   14 18   15 93   16 46   17 80   18 35   19 45   20 67 
   1 75    2 84    3 99    4 98    5 72    6 51    7 19    8 92    9 32   10 75   11  2   12 73   13 51   14 81   15 58   16 36   17  2   18 43   19 89   20 99 
   1 78    2 17    3 94    4 48    5 96    6  6    7 36    8 54    9 68   10  1   11 39   12  6   13 50   14 26   15  8   16  8   17 78   18  3   19 67   20 21 
   1 64    2 86    3 63    4 71    5 64    6 88    7  6    8 78    9 57   10  3   11 46   12 39   13  1   14 31   15 19   16 48   17 93   18 51   19 76   20 45 
   1 55    2 97    3 81    4 35    5 75    6  5    7 96    8 13    9 47   10 77   11 27   12 65   13 59   14 86   15 38   16 35   17 68   18 92   19 73   20 81 
   1 20    2 70    3 17    4 27    5 78    6 58    7 42    8 26    9 72   10 32   11 46   12 72   13 99   14 39   15 76   16 82   17 88   18 37   19 41   20 86 
   1 19    2 84    3  1    4 36    5 54    6 98    7  4    8 59    9 93   10 45   11 28   12 32   13 92   14 28   15 42   16 60   17  5   18 33   19 32   20  2 
   1 53    2 83    3 72    4 47    5 70    6 13    7 41    8 53    9 66   10 56   11 65   12 40   13 23   14 21   15 14   16 43   17 75   18  4   19 79   20 64 
   1 45    2  3    3 24    4 99    5 26    6  3    7 41    8 22    9 44   10 92   11 75   12 94   13 61   14 41   15 44   16 16   17 60   18 80   19 83   20 71 
   1 71    2  3    3 52    4 10    5 40    6 63    7 42    8 76    9 61   10 35   11 99   12 78   13 69   14 65   15 41   16 78   17 21   18 82   19 73   20 97 
   1 99    2 58    3 67    4 30    5 59    6 93    7 51    8 64    9 76   10 71   11 62   12 41   13 31   14  2   15 98   16 33   17 46   18 85   19 85   20 50 
   1 75    2 67    3 94    4  3    5  5    6 51    7 77    8  6    9 80   10 95   11 66   12 83   13 52   14 11   15 34   16 20   17 13   18 31   19  5   20 70 
   1 59    2 45    3 79    4 46    5 45    6 55    7 24    8 84    9 11   10 15   11 91   12 27   13 64   14 35   15 12   16  5   17 21   18 77   19 10   20 95 
   1 15    2 55    3 91    4 21    5 90    6 13    7 45    8  7    9 86   10 70   11 93   12 24   13 72   14 96   15 26   16 33   17 68   18 63   19 98   20 64 
   1 76    2 20    3 58    4 37    5 27    6 81    7 59    8  9    9 85   10 58   11 36   12 18   13 21   14 13   15 17   16 32   17 18   18 58   19 82   20 67 
   1 33    2 43    3 76    4 41    5 92    6 71    7 68    8 91    9 47   10 69   11 14   12 60   13  7   14 63   15 70   16 61   17 21   18 38   19 34   20 46 
   1 36    2 33    3 19    4  2    5  2    6 21    7 56    8  7    9 99   10 82   11 53   12 13   13 84   14  6   15 72   16 46   17 40   18 92   19 15   20 41 
   1 44    2 77    3 13    4 74    5 30    6 45    7 28    8 94    9 22   10  2   11 79   12 15   13 19   14 14   15 80   16 90   17  4   18 34   19 69   20 63 
   1 41    2 91    3 33    4 17    5  5    6 79    7 41    8 47    9 50   10 21   11 34   12 68   13  6   14 96   15 16   16 55   17 23   18 88   19 54   20 47 
   1 37    2 81    3 98    4 91    5 54    6 91    7 23    8 31    9 12   10 32   11 53   12  3   13 67   14 64   15 94   16 95   17 89   18 79   19 94   20 27 
   1  2    2 13    3 61    4 30    5  3    6 58    7 29    8 30    9  4   10 10   11 42   12 49   13  3   14 57   15 40   16 54   17  3   18 94   19 13   20 54 
   1 43    2 13    3 13    4 29    5 36    6 28    7 12    8 77    9 36   10 85   11 29   12 81   13 75   14 80   15 56   16 45   17 25   18 26   19 70   20 18 
   1 50    2 98    3 41    4 95    5 21    6 96    7 71    8 59    9 69   10 85   11 67   12 45   13 12   14 25   15 20   16 72   17 61   18 15   19 32   20 77 
   1 57    2 49    3 93    4 23    5 41    6 44    7 82    8 30    9 49   10 79   11 52   12 56   13 23   14 41   15 26   16 86   17 44   18  7   19 78   20  1 
   1 23    2 95    3 43    4 87    5 90    6 66    7 52    8 35    9 78   10 18   11 38   12 10   13 39   14 64   15 84   16 36   17 18   18 94   19 47   20 59 
   1 60    2 11    3 43    4 67    5 43    6 60    7 33    8 73    9 54   10 61   11 87   12 78   13 67   14 33   15 77   16 38   17 44   18 69   19 22   20 73 
   1 59    2 91    3 47    4 15    5  6    6 18    7 35    8  4    9 82   10 15   11 86   12 22   13 59   14 28   15 86   16 37   17  9   18 48   19 31   20 52 
   1 29    2  3    3 13    4 80    5 88    6 44    7 61    8 47    9 95   10 49   11  1   12  3   13 33   14 76   15 54   16 17   17 24   18 75   19 41   20 75 
   1  5    2 63    3 69    4 69    5 28    6 79    7 85    8 95    9 59   10 84   11 99   12 46   13 11   14 34   15 79   16 60   17 71   18 78   19 57   20 34 
   1 27    2  7    3 35    4 29    5  4    6 21    7 40    8  6    9 90   10 48   11 66   12 44   13 24   14 33   15 49   16 50   17 26   18 90   19 97   20 54 
   1 88    2  9    3 16    4 65    5 17    6 69    7 25    8 83    9 75   10 59   11 96   12  1   13 33   14 83   15  9   16 85   17 26   18 24   19 40   20 60 
   1 67    2 25    3 11    4 71    5 51    6 31    7 50    8  7    9  5   10  5   11 99   12 28   13  6   14 79   15 69   16 39   17 99   18 24   19 90   20 92 
   1 17    2 74    3 10    4 23    5 33    6 88    7 91    8 74    9 97   10 41   11 37   12 42   13 61   14 20   15 33   16 89   17 54   18  4   19 76   20 33 
   1 40    2 17    3 39    4  8    5 71    6 61    7 84    8 59    9 28   10  1   11 24   12 24   13 49   14 29   15 52   16  1   17 83   18 20   19 31   20 78 
   1  3    2 52    3 11    4 76    5  6    6 88    7 37    8 60    9 52   10 24   11 46   12 35   13 61   14 25   15 94   16 92   17 73   18  5   19 65   20 20 
   1 64    2 79    3 91    4  5    5 69    6 48    7 95    8 29    9 16   10 19   11 54   12 19   13 59   14 71   15 45   16 54   17 21   18 44   19 42   20 70 
   1 92    2 52    3 24    4  7    5 81    6 34    7 88    8 25    9 24   10 85   11 76   12 13   13 27   14  1   15 56   16 85   17 81   18 31   19 66   20 11 
   1 27    2 44    3 74    4 81    5 70    6 47    7 97    8 44    9 67   10 28   11 84   12 26   13 69   14 48   15 93   16 63   17 91   18 98   19 22   20 95 
   1 20    2 42    3 94    4  1    5 14    6 45    7 78    8 92    9 54   10 23   11 95   12 61   13 15   14 71   15  4   16 40   17 70   18 59   19 70   20 88 
   1 82    2 93    3  3    4 60    5 99    6 19    7 96    8 95    9 39   10 43   11 35   12 64   13  1   14  6   15 19   16 82   17  9   18 11   19  9   20 17 
   1 40    2 99    3 73    4 46    5 19    6 81    7 53    8 87    9 48   10 16   11 93   12 26   13 53   14 92   15 96   16 42   17 49   18 26   19 73   20 64 
   1 96    2 60    3 61    4 84    5 76    6 72    7 74    8 80    9 23   10 24   11 66   12 25   13 65   14 43   15 15   16 55   17 34   18 63   19 81   20 59 
   1 82    2 48    3 84    4 65    5 91    6 35    7 46    8 18    9 62   10 49   11 95   12 89   13 29   14 32   15 61   16 43   17  8   18 77   19 68   20 64 
   1  7    2 61    3 34    4 26    5 27    6 40    7 20    8 11    9 51   10 72   11 64   12 53   13 25   14 67   15 48   16 28   17 77   18 12   19 65   20 16 
   1 78    2 41    3 97    4  3    5 29    6 18    7 49    8 28    9 51   10 45   11 50   12 90   13 35   14  3   15 88   16 19   17 26   18 67   19 33   20 87 
   1 91    2 42    3 46    4  5    5 22    6 15    7 39    8 76    9 35   10 61   11 36   12 85   13 81   14 53   15 87   16 30   17 84   18 77   19  5   20  3 
   1 82    2 53    3 76    4  2    5 94    6 28    7 26    8 88    9 14   10 70   11 82   12 97   13 26   14 60   15 76   16 77   17 97   18 17   19 55   20 87 
   1 79    2 12    3 89    4 79    5 86    6 92    7 82    8 48    9 32   10 68   11 70   12 41   13 35   14 33   15 81   16 28   17 67   18 74   19 79   20  9 
   1 79    2 86    3 15    4 80    5 48    6 18    7 21    8 58    9 63   10 82   11 46   12 98   13  3   14 62   15 48   16 58   17 59   18 10   19 42   20 94 
   1 28    2  3    3 55    4 92    5 99    6 98    7 41    8 45    9 12   10 91   11 99   12 29   13 81   14 47   15 36   16 10   17 12   18 84   19  3   20 23 
   1 41    2 33    3 92    4 24    5 80    6 72    7 36    8 21    9 51   10 96   11 19   12  1   13 17   14 64   15 60   16 89   17 83   18 35   19 78   20 99 
   1  9    2  2    3 34    4  1    5 96    6 13    7 48    8 83    9 44   10 10   11 57   12 50   13  4   14 26   15 52   16 54   17 90   18 51   19 11   20 38 
   1 91    2 46    3 30    4 57    5 42    6 14    7 11    8 58    9 71   10 42   11 29   12 50   13 73   14 74   15 28   16 66   17 73   18 20   19 20   20 19 
   1 38    2 75    3  9    4 75    5 31    6 78    7 82    8 77    9 17   10 69   11 26   12 29   13 25   14 27   15 58   16 16   17 54   18 20   19 51   20 37 
   1 50    2 25    3 79    4 28    5  9    6 51    7 33    8 82    9 73   10 21   11 13   12 22   13 77   14 21   15 47   16 12   17 61   18 60   19  4   20 73 
   1 91    2 31    3 41    4 85    5 87    6 90    7 90    8 26    9 17   10 85   11 17   12 47   13 66   14 94   15 11   16 70   17 98   18 88   19  9   20 47 
   1 80    2 20    3 48    4 10    5 71    6 63    7 49    8 87    9 41   10 93   11 95   12 48   13 12   14 82   15 23   16  6   17 53   18 97   19 17   20 58 
   1 24    2 81    3 85    4 15    5 61    6 30    7 13    8 93    9  6   10  1   11 69   12 17   13 80   14 95   15 11   16 53   17 54   18  5   19 49   20 46 
   1 68    2  6    3 77    4 64    5 29    6  1    7 93    8 39    9 49   10 98   11 56   12 62   13 75   14 38   15 92   16 45   17 75   18 27   19 29   20 54 

