ta107
200 20
   1 68    2 69    3 52    4  6    5 67    6 96    7 40    8 89    9 59   10 52   11 39   12 30   13 42   14  3   15 74   16 59   17 37   18 24   19 64   20 75 
   1 80    2  7    3 18    4  8    5 36    6 38    7 52    8 27    9 17   10 26   11 83   12 34   13 74   14 34   15 21   16 31   17 28   18 47   19 28   20 24 
   1 35    2  4    3 43    4 77    5 31    6 99    7 74    8 85    9 27   10 37   11 12   12 55   13  1   14 39   15 53   16 80   17 56   18 27   19 64   20 53 
   1 21    2 78    3 47    4 92    5 57    6 92    7 13    8 52    9 53   10 98   11 57   12 12   13 40   14 69   15 51   16 74   17 33   18 99   19 11   20 31 
   1 90    2 42    3 87    4 26    5 42    6 83    7 37    8 35    9 53   10 92   11 78   12 50   13  3   14  9   15 80   16  7   17 26   18 39   19 27   20 93 
   1 63    2 80    3 37    4 13    5 16    6  1    7 64    8 27    9 73   10 91   11 55   12 15   13 95   14 92   15 67   16 14   17 17   18 26   19 35   20 72 
   1 73    2 94    3 61    4 37    5 61    6 68    7 40    8 72    9 84   10 17   11 20   12  4   13 69   14 78   15 91   16 53   17 43   18 24   19 19   20 83 
   1 35    2 94    3 37    4 77    5 52    6 87    7 59    8 25    9 45   10 76   11 79   12 43   13 18   14 99   15 44   16 47   17 75   18 66   19 28   20 66 
   1 11    2 19    3 38    4 77    5 11    6 23    7 34    8 32    9 80   10 44   11 58   12 74   13 73   14 27   15 11   16 34   17 16   18 92   19 87   20 90 
   1 20    2 84    3  1    4 21    5 42    6 59    7 58    8  7    9 49   10 23   11 52   12 31   13 66   14 20   15 71   16 53   17 19   18 98   19 11   20 44 
   1 40    2 81    3 77    4 12    5 14    6 67    7 90    8  8    9 95   10 50   11 99   12 72   13 83   14 61   15 10   16 80   17 65   18 35   19 25   20 29 
   1 46    2 55    3 25    4 45    5 96    6  3    7 57    8 10    9 52   10  1   11 48   12 71   13 52   14 15   15 26   16  9   17 20   18 92   19 54   20 68 
   1 47    2 19    3 90    4 70    5 78    6 22    7 83    8 23    9  7   10 66   11 87   12 29   13 37   14 87   15 62   16  1   17 28   18 26   19 18   20 38 
   1  9    2 52    3 54    4 73    5 60    6  5    7 14    8 45    9 41   10 86   11 67   12 28   13 53   14 76   15 93   16 74   17 25   18 16   19 19   20 87 
   1 59    2 53    3 87    4 55    5 25    6 52    7 73    8 76    9 17   10 37   11 95   12 32   13 19   14 55   15  1   16 62   17 60   18 78   19 59   20 29 
   1 93    2 38    3 41    4 49    5 45    6 70    7 56    8 71    9 24   10 92   11 82   12 14   13  3   14 23   15  9   16  6   17 64   18 25   19 77   20 86 
   1 88    2 40    3 90    4 19    5  9    6 64    7 56    8 80    9  1   10 80   11 90   12 32   13 53   14 35   15 82   16 47   17  9   18 51   19 83   20 34 
   1 10    2 74    3  3    4 41    5 75    6 52    7 32    8  4    9 53   10 54   11 41   12  6   13  5   14 21   15 71   16 58   17 58   18 37   19 36   20 65 
   1 80    2 94    3 85    4 44    5  3    6 48    7 21    8 87    9  9   10 21   11 86   12 46   13 44   14 28   15 79   16 60   17  5   18 62   19 71   20 47 
   1 69    2  4    3 63    4 13    5 17    6 38    7 56    8 69    9 54   10 80   11 97   12 73   13 91   14 93   15 65   16 88   17 75   18 72   19 68   20 35 
   1 86    2 47    3 12    4 99    5 17    6 76    7 54    8 65    9 88   10 69   11 27   12 48   13 46   14 95   15 39   16  8   17 18   18 27   19 57   20 57 
   1 91    2 34    3 99    4 51    5 67    6 35    7  1    8 17    9 15   10 65   11 20   12 56   13 43   14 25   15  6   16 88   17 35   18 71   19 28   20 11 
   1 16    2 31    3 11    4 22    5 56    6 18    7 36    8 47    9 47   10 40   11 82   12 97   13 50   14 92   15  3   16 56   17 86   18 68   19 57   20 32 
   1 85    2 79    3  4    4 80    5 36    6 91    7 95    8 94    9 75   10 78   11 45   12 56   13 40   14  6   15 46   16 82   17 56   18 81   19 57   20 82 
   1 83    2 97    3 53    4 14    5 11    6 62    7 21    8 90    9 71   10 57   11 71   12 60   13 30   14 54   15 36   16 42   17 99   18  5   19 52   20 42 
   1 98    2 45    3 58    4 88    5  2    6 28    7 80    8  7    9 46   10 29   11 58   12 72   13 40   14 66   15  5   16 64   17 99   18  4   19  4   20  1 
   1 28    2 29    3 13    4 79    5 37    6 92    7 39    8 35    9 29   10 23   11 92   12 24   13 56   14 30   15 19   16 63   17 95   18 34   19 52   20 93 
   1  6    2 13    3  1    4 24    5 93    6 71    7 63    8 20    9 51   10 52   11  5   12 29   13 40   14 32   15 70   16 10   17 22   18 35   19 40   20 41 
   1 73    2 20    3  1    4 41    5 13    6 53    7 90    8  8    9  3   10 73   11 21   12 64   13 75   14  5   15 61   16  7   17 30   18 56   19 99   20  3 
   1 30    2 32    3 68    4 66    5 20    6 23    7 52    8 59    9 54   10 48   11 45   12 29   13  5   14 68   15 20   16 69   17 26   18 31   19 87   20  2 
   1 30    2 81    3 93    4 71    5  8    6 91    7  3    8 54    9 89   10 10   11 43   12  3   13 81   14 86   15  3   16 92   17 41   18 81   19 46   20 43 
   1  6    2 20    3 37    4 69    5 10    6 46    7 77    8 88    9 73   10 51   11 12   12 97   13 87   14 98   15 98   16 12   17 62   18 32   19 49   20 80 
   1 33    2 85    3 61    4 86    5 68    6 96    7 93    8 51    9 48   10 60   11 53   12 50   13 14   14 87   15 51   16 44   17 15   18 58   19 37   20 67 
   1 25    2 87    3 83    4 61    5 90    6 62    7 22    8 23    9  1   10 77   11 29   12 97   13 61   14 15   15  3   16 93   17  2   18 10   19 68   20  6 
   1 37    2 58    3 15    4  4    5 87    6 30    7 56    8 24    9 96   10 12   11 14   12 83   13  4   14 75   15 56   16 83   17 10   18 64   19 86   20 99 
   1 90    2 77    3 78    4 13    5 91    6 17    7 39    8 91    9 52   10 45   11 49   12 89   13 94   14 34   15 47   16 16   17 48   18 25   19 10   20 97 
   1 57    2 76    3 72    4 28    5 71    6 79    7 79    8 21    9 28   10 37   11 85   12  2   13 22   14 86   15 46   16 65   17 93   18 69   19 41   20 70 
   1 65    2 90    3 69    4 20    5 58    6 52    7  3    8 64    9  4   10 96   11 90   12 96   13 36   14  1   15 86   16 95   17 50   18 89   19 22   20 24 
   1 90    2 15    3 86    4 86    5 80    6 93    7 95    8 53    9 33   10 34   11 12   12 28   13 95   14  4   15 92   16 60   17 51   18 32   19 90   20 48 
   1 86    2 33    3  1    4 28    5 24    6 63    7 14    8 55    9 51   10 88   11 48   12 83   13 79   14 60   15 92   16 60   17 39   18 25   19 93   20  9 
   1 74    2 33    3 14    4 87    5 51    6 78    7 50    8 98    9  6   10 63   11 13   12 47   13 42   14 75   15 25   16 62   17 26   18 63   19 25   20 56 
   1 76    2 69    3 66    4 36    5 51    6 65    7 86    8 23    9 58   10  6   11 75   12 90   13 84   14 88   15 14   16  3   17 86   18 62   19 37   20 11 
   1 55    2  5    3 99    4 60    5 47    6  7    7 77    8  8    9 18   10 31   11 69   12 56   13 92   14 11   15  1   16 44   17 21   18  3   19 19   20 45 
   1 83    2 22    3  5    4 18    5 88    6 61    7 40    8 13    9 14   10 40   11 34   12 57   13 87   14 23   15 39   16 23   17 83   18 99   19 96   20 93 
   1 25    2 18    3 29    4 13    5 84    6 42    7 93    8 85    9 65   10 32   11 19   12 69   13 60   14 33   15 42   16 14   17 52   18 33   19 34   20 84 
   1 13    2 77    3  5    4 33    5 92    6 65    7 25    8 74    9 37   10 33   11 55   12 88   13 16   14 20   15 23   16 98   17 25   18 57   19  1   20 44 
   1 70    2 32    3 38    4 68    5 72    6  1    7 72    8 26    9 82   10 14   11 44   12 54   13 76   14 85   15 45   16 53   17 14   18 93   19  6   20 22 
   1 47    2 31    3 76    4 96    5 64    6 73    7 46    8  1    9  5   10 18   11 22   12 94   13 32   14 69   15 28   16 10   17 66   18  1   19 40   20 26 
   1 60    2 67    3 50    4 34    5 62    6 60    7 15    8 10    9 78   10 91   11 60   12 90   13 88   14 32   15  9   16 31   17 20   18 35   19 34   20 70 
   1 83    2  8    3 40    4 12    5 60    6 64    7 67    8 80    9 31   10 38   11 45   12 62   13 19   14 14   15 23   16 30   17 60   18 18   19 82   20 84 
   1 12    2 87    3 51    4 22    5 80    6 11    7 65    8 97    9 19   10 57   11 38   12 97   13 72   14 89   15 29   16 81   17 38   18 84   19 51   20 79 
   1 69    2 61    3 91    4 49    5 51    6 60    7 38    8 66    9 72   10 20   11 78   12 67   13 10   14 12   15 94   16 46   17 48   18 53   19 67   20 82 
   1 66    2 89    3 89    4 25    5 12    6  2    7 64    8 49    9 91   10 98   11 73   12 59   13 87   14 56   15 65   16 38   17 31   18 49   19 45   20 84 
   1 57    2 87    3 96    4 41    5 69    6 10    7 91    8 70    9 20   10 32   11 59   12 22   13 78   14 26   15 55   16 37   17 88   18 52   19 38   20 54 
   1 98    2 81    3 86    4 76    5 38    6 56    7 69    8 60    9 78   10 46   11 46   12 24   13 75   14 57   15 80   16 64   17  5   18 57   19 74   20 27 
   1 59    2 28    3 66    4 74    5 18    6  6    7 33    8 91    9 60   10 83   11 47   12 87   13 39   14 24   15 92   16 36   17 73   18 85   19 91   20 15 
   1 18    2 85    3 73    4  2    5 50    6 98    7 38    8 64    9 26   10 98   11 95   12 99   13 58   14 57   15 23   16 90   17 29   18 45   19 81   20 89 
   1 10    2  2    3 97    4 73    5 98    6 98    7  1    8 56    9 37   10 65   11 25   12 62   13 71   14 85   15 25   16 93   17 95   18 84   19 42   20 88 
   1 62    2 34    3  7    4 31    5 78    6 19    7  5    8 44    9 72   10 23   11 58   12 18   13 45   14  3   15 44   16 90   17 66   18 52   19 27   20 65 
   1 88    2 26    3 91    4 68    5 89    6  3    7 64    8 70    9 73   10 75   11 61   12 70   13 43   14  9   15 14   16 71   17 73   18 52   19 55   20 84 
   1 86    2 84    3 99    4 40    5 75    6 37    7 76    8 10    9 70   10 85   11 92   12 94   13 34   14  5   15 54   16 15   17 84   18 93   19 66   20 28 
   1 55    2 10    3 58    4 60    5 75    6 84    7 20    8 98    9 74   10 77   11  8   12 85   13  9   14 76   15 48   16 38   17 41   18 66   19 94   20 20 
   1 48    2 61    3 50    4  6    5 69    6 28    7 80    8 16    9 58   10 87   11 88   12 43   13 28   14 15   15 15   16 57   17 40   18 90   19 10   20 64 
   1 88    2  1    3 25    4 25    5 60    6 68    7 19    8 64    9 32   10 49   11 64   12 48   13  7   14 62   15 45   16 63   17 59   18 49   19 81   20 43 
   1 17    2 24    3 47    4 17    5 11    6 40    7 13    8  8    9 66   10 28   11 93   12 51   13 84   14 83   15 25   16 38   17 76   18 83   19 33   20 92 
   1 34    2 19    3 47    4  8    5  4    6 59    7 69    8 39    9 65   10 11   11 29   12 91   13 42   14 64   15 36   16 35   17 92   18 89   19 12   20 30 
   1 36    2 43    3 46    4 77    5 74    6 39    7 30    8 70    9  8   10 92   11 20   12 16   13 72   14 46   15 49   16 60   17 63   18 76   19 90   20 33 
   1 26    2 17    3 11    4 94    5 40    6 33    7 36    8 88    9 22   10 45   11 45   12 31   13 57   14 43   15 72   16 56   17 77   18 96   19 22   20 39 
   1 42    2 33    3 24    4 65    5 75    6 49    7 90    8 88    9 39   10 55   11 46   12 57   13 56   14 26   15 57   16 14   17 62   18 65   19  4   20 68 
   1 34    2 15    3 27    4 81    5 81    6 10    7 24    8 49    9 79   10 80   11 78   12 51   13 25   14 13   15 14   16 17   17 69   18 60   19 65   20 85 
   1 89    2 62    3 39    4 42    5 19    6 55    7 98    8 26    9 74   10 63   11 37   12  9   13 33   14 49   15 41   16 29   17 80   18 89   19 34   20 11 
   1 41    2 46    3 86    4 81    5 32    6 98    7  1    8 38    9 17   10 10   11 49   12 28   13 33   14 57   15 91   16 71   17 73   18 87   19 54   20 14 
   1 81    2 97    3 60    4 46    5 54    6 76    7 87    8 41    9 23   10 30   11  2   12 37   13 80   14 37   15 72   16 60   17 84   18 71   19 19   20 65 
   1 10    2 99    3 15    4  5    5 16    6 79    7 69    8 39    9 93   10 13   11 18   12 89   13 69   14 48   15 84   16 86   17 93   18  1   19 48   20  7 
   1 18    2 82    3 14    4 94    5 11    6 63    7 44    8  4    9 55   10 41   11 92   12 83   13 87   14 10   15 61   16 24   17 89   18 21   19 87   20 77 
   1 50    2 54    3 87    4 22    5 67    6 99    7 86    8  8    9  6   10  5   11 41   12 33   13 94   14 13   15 97   16 14   17 90   18 35   19 65   20 81 
   1 34    2 84    3 87    4 86    5 21    6 35    7  2    8 39    9  6   10 30   11 31   12 94   13 90   14 34   15 90   16 14   17 89   18 11   19 29   20 69 
   1  7    2 60    3 46    4 80    5 88    6 97    7 99    8 44    9 10   10 16   11 29   12 44   13 66   14 46   15 34   16 69   17 94   18 61   19 34   20 89 
   1 91    2 92    3 67    4  4    5 60    6 79    7 46    8 55    9 96   10 14   11 92   12 76   13 93   14 56   15 13   16 18   17 13   18 34   19 85   20 12 
   1 41    2 32    3 27    4 31    5 44    6 45    7 38    8 23    9 47   10 84   11 87   12 82   13 23   14 93   15 47   16 94   17 70   18 89   19 17   20 46 
   1 84    2 18    3  1    4 87    5 24    6 97    7 81    8 99    9 84   10 19   11 65   12 10   13 84   14 80   15 51   16 99   17 35   18 67   19 99   20 37 
   1 76    2 57    3 23    4  6    5 87    6 45    7 77    8 57    9 71   10 91   11 22   12 81   13 84   14 84   15 51   16 13   17 41   18 54   19 80   20 53 
   1 56    2 30    3 87    4 59    5 50    6 86    7 15    8 45    9 14   10 67   11 61   12 74   13 56   14 81   15 41   16 41   17  2   18 68   19 91   20 46 
   1  2    2 59    3 58    4 86    5 29    6 67    7 73    8 84    9 70   10 49   11 90   12 55   13 90   14 15   15 10   16 49   17 44   18 77   19 94   20  8 
   1 77    2 14    3 97    4 26    5 30    6  3    7 24    8 69    9 33   10 71   11 89   12 92   13 58   14 86   15 81   16 20   17 94   18 29   19 79   20 28 
   1 42    2 20    3 36    4 11    5 53    6 34    7 32    8 30    9 31   10 85   11 97   12 26   13 69   14 76   15 25   16 35   17 12   18 58   19 82   20  6 
   1 43    2 93    3 78    4 33    5 98    6 75    7 94    8 34    9 23   10 11   11 15   12 27   13  6   14 24   15  5   16 85   17 59   18 92   19 78   20 63 
   1 69    2 32    3 41    4 21    5 99    6 25    7 90    8 97    9 50   10 27   11 75   12 86   13 31   14 39   15 85   16  9   17 62   18 40   19 64   20 48 
   1  1    2 56    3 79    4  4    5 35    6  3    7 12    8 48    9 28   10 43   11 77   12 32   13 98   14 57   15 56   16 87   17 77   18 88   19 69   20 55 
   1 91    2  1    3 56    4 53    5 49    6 66    7 32    8 11    9 96   10 93   11 65   12 28   13 43   14 76   15 18   16 27   17 51   18 97   19 26   20 69 
   1 26    2 89    3 28    4  7    5 86    6 37    7 74    8 46    9 51   10 80   11 21   12 75   13 34   14 81   15 36   16 28   17 64   18 46   19 60   20 22 
   1 13    2 85    3 65    4 29    5  4    6 41    7 93    8 51    9 77   10 80   11 56   12 67   13 56   14 86   15 18   16 13   17  4   18 22   19 48   20 42 
   1 76    2 95    3 69    4 90    5 40    6 39    7 49    8  9    9 55   10 85   11 53   12 91   13 49   14 78   15 62   16 90   17 98   18 44   19 34   20 47 
   1 57    2  4    3 88    4 85    5 83    6 64    7 16    8 31    9 64   10  3   11  9   12 48   13 98   14 94   15 55   16 46   17 42   18 97   19 47   20 15 
   1 63    2 21    3 85    4 31    5 39    6 95    7 16    8 48    9 93   10 73   11 86   12 58   13 82   14 33   15 70   16 55   17 77   18 52   19 74   20 69 
   1 95    2 59    3 85    4 21    5 24    6 46    7 18    8  5    9 31   10 94   11 75   12 23   13 68   14 10   15 22   16 78   17 81   18 66   19 76   20 34 
   1 89    2 79    3 67    4 44    5 33    6 99    7 70    8 30    9 85   10  9   11  7   12 17   13 32   14 27   15 21   16 52   17 20   18 28   19 38   20 25 
   1  7    2 18    3 30    4 62    5 29    6 98    7 71    8 46    9 33   10 68   11 88   12 18   13 83   14 12   15 50   16 16   17 54   18 99   19 23   20 21 
   1 25    2 88    3 40    4 21    5 16    6  6    7 13    8 49    9 46   10 22   11 38   12 37   13 45   14 55   15 44   16  7   17 45   18 68   19 23   20 33 
   1 79    2 65    3 19    4 54    5 60    6 31    7  3    8 36    9 57   10 60   11 69   12 78   13 77   14 97   15 39   16 15   17 15   18  4   19 53   20 93 
   1 16    2  3    3 37    4 45    5 35    6 48    7 77    8 66    9 41   10 98   11 57   12 84   13 11   14 21   15 82   16 78   17 22   18 81   19 17   20 73 
   1 68    2 23    3 18    4 17    5 24    6 64    7 39    8 85    9 88   10 87   11  2   12 64   13 20   14 88   15 10   16 63   17 94   18 80   19 45   20 60 
   1 65    2 16    3 70    4 12    5 46    6 55    7 84    8 18    9 84   10  5   11 75   12 65   13  3   14 54   15 53   16 21   17 75   18 33   19 27   20 24 
   1 75    2 87    3 78    4 30    5 34    6 26    7 96    8 42    9  7   10 42   11 44   12 11   13 40   14 16   15 40   16 88   17 49   18  8   19 53   20 50 
   1 72    2 15    3 22    4 35    5 98    6 47    7 88    8 50    9 10   10 94   11 30   12 41   13 48   14  8   15 16   16 96   17  4   18 24   19 92   20 75 
   1 61    2 17    3 77    4 81    5 20    6 69    7 65    8 57    9 43   10 30   11 39   12 31   13 24   14 34   15 63   16 44   17 22   18 98   19  6   20 58 
   1 53    2 84    3 45    4 68    5 77    6 98    7 84    8 56    9 36   10 98   11 88   12  5   13 32   14 74   15 94   16 57   17 77   18 76   19 95   20 36 
   1 69    2 12    3 10    4  7    5 78    6 47    7 93    8 11    9 77   10 77   11 35   12 67   13 23   14 11   15  4   16 12   17 80   18 30   19 30   20 50 
   1  2    2 61    3 38    4 70    5 42    6 18    7 22    8 28    9 34   10  1   11 13   12 91   13 25   14 24   15 54   16  3   17 35   18 48   19  2   20 91 
   1  2    2 71    3 90    4  5    5 40    6 81    7 16    8 16    9 37   10 88   11 21   12 75   13 51   14 77   15 33   16 52   17 94   18 44   19  3   20 74 
   1  9    2 32    3 73    4 94    5 39    6 34    7 46    8 58    9 81   10 33   11 38   12 47   13 80   14 19   15 22   16 88   17 96   18 96   19 18   20 81 
   1 96    2 95    3 27    4 75    5 22    6 94    7  8    8 96    9 57   10 18   11  6   12 78   13 23   14 12   15 95   16 61   17 38   18 97   19 16   20 70 
   1 38    2  1    3 40    4 59    5 24    6 64    7 49    8 88    9 96   10 79   11 92   12 64   13 49   14 17   15 39   16 66   17 37   18  6   19 71   20 23 
   1 83    2 47    3 79    4 60    5 96    6 51    7  7    8 22    9 53   10 14   11 43   12 23   13 88   14  8   15 81   16 93   17 17   18 91   19 92   20 93 
   1 35    2 37    3  4    4 48    5 79    6 77    7 18    8 57    9 95   10  6   11 22   12 29   13 35   14 59   15 93   16 29   17 14   18 38   19 41   20 66 
   1 28    2 56    3 16    4  7    5 23    6 71    7 21    8 58    9  7   10 43   11 85   12 81   13 40   14  8   15 17   16 33   17 14   18 56   19  9   20 53 
   1 38    2  3    3 54    4  8    5 34    6 37    7 16    8 94    9 54   10 25   11 51   12 44   13 40   14 88   15 64   16 37   17 15   18 42   19 52   20 96 
   1 93    2 66    3 37    4 70    5 22    6 88    7 56    8 12    9 85   10 68   11 25   12 80   13 63   14 21   15 94   16 60   17 88   18 37   19 18   20 77 
   1 47    2 26    3 68    4 28    5 55    6 64    7 83    8 17    9 71   10 29   11 43   12 59   13 48   14 75   15 35   16  6   17 49   18  9   19 97   20 63 
   1 87    2 80    3 37    4 61    5 48    6  7    7 73    8 24    9 28   10 21   11  4   12 34   13 29   14 29   15 52   16  3   17  6   18 31   19  9   20 12 
   1 27    2 57    3 94    4 12    5 41    6 45    7 93    8 56    9 93   10 20   11 81   12 35   13 19   14 83   15 31   16 14   17 14   18 56   19 22   20 35 
   1 66    2 92    3 49    4 30    5 33    6  8    7 19    8 50    9 39   10 70   11 31   12 54   13  5   14 76   15 16   16 42   17 41   18 18   19 62   20 92 
   1 63    2  9    3 78    4 45    5 65    6 74    7 78    8 71    9 92   10  6   11 71   12 49   13 23   14 35   15 69   16 20   17  4   18 40   19 89   20 57 
   1 21    2 26    3 38    4 70    5 41    6 41    7 47    8 37    9 13   10 49   11 92   12 14   13 14   14 19   15 85   16 19   17 61   18 85   19 53   20 32 
   1 84    2 36    3 62    4 18    5 42    6  2    7 37    8 32    9 90   10 77   11 25   12 72   13 57   14 18   15 77   16 90   17 23   18 29   19 69   20 97 
   1 37    2 93    3 36    4 19    5  4    6 46    7 73    8  1    9 24   10  1   11 72   12 21   13 57   14 60   15 45   16 10   17 73   18 54   19 25   20 30 
   1 90    2 11    3 24    4 13    5 65    6 68    7 82    8 98    9 82   10 62   11 42   12 57   13 40   14 84   15 83   16 27   17  6   18 96   19 48   20 73 
   1 61    2 86    3  4    4  8    5 23    6 88    7 77    8 93    9 41   10 91   11 77   12 42   13  7   14 80   15 97   16 76   17 58   18 45   19 40   20 46 
   1 94    2 24    3 73    4 96    5 14    6 42    7 37    8 36    9 49   10 78   11 70   12 24   13 95   14 62   15 43   16 58   17 69   18 49   19 59   20 91 
   1 78    2 73    3 62    4 63    5 72    6  4    7 30    8 41    9 51   10 12   11 66   12 88   13 53   14 20   15 64   16 67   17 60   18 85   19  3   20 52 
   1 31    2 14    3 68    4 60    5  6    6 17    7 79    8  8    9 20   10 90   11 15   12 78   13 52   14 33   15 29   16 28   17 50   18  5   19 45   20 97 
   1 38    2 58    3 57    4 79    5 85    6 84    7 86    8 94    9 14   10  3   11 15   12 75   13  2   14 19   15  2   16 54   17 27   18 48   19 15   20 19 
   1 77    2 93    3 18    4 80    5 32    6 62    7 97    8 51    9 59   10 35   11 51   12 53   13 43   14 85   15 27   16 66   17 64   18 45   19 70   20 28 
   1 26    2 66    3 52    4  8    5 34    6 20    7 70    8 47    9 68   10 58   11 78   12 80   13 94   14 50   15 91   16 46   17 29   18 24   19 33   20 21 
   1 46    2 53    3 52    4 19    5 19    6 81    7 42    8 92    9 93   10 95   11 89   12 88   13 85   14  2   15 40   16 78   17 43   18 43   19 30   20 16 
   1 40    2  5    3 62    4 54    5 57    6 64    7 38    8 43    9 96   10  9   11 50   12 20   13 75   14 39   15 96   16 91   17 88   18 62   19 88   20 81 
   1 14    2 65    3 76    4 11    5  7    6  3    7 40    8 11    9  9   10  8   11 74   12  4   13 84   14 88   15 66   16 85   17  2   18 46   19 40   20 59 
   1  6    2 27    3 93    4  4    5 30    6 18    7 92    8 66    9 47   10 51   11 57   12 30   13 42   14 94   15 62   16  3   17 69   18 27   19 88   20 45 
   1 98    2 56    3 90    4 43    5 70    6 42    7 88    8 77    9 97   10 45   11  7   12 52   13 27   14 67   15 75   16 49   17 17   18  5   19 13   20 63 
   1 18    2 38    3 72    4  1    5 11    6  9    7 62    8 29    9 25   10 67   11 65   12 32   13 40   14 85   15 50   16 74   17 56   18 12   19 88   20 49 
   1 13    2 80    3 85    4  6    5 27    6 21    7 69    8 31    9 68   10 86   11 89   12 82   13 66   14 18   15 68   16 23   17 21   18 89   19 77   20 42 
   1 42    2 51    3 97    4  9    5 25    6 23    7 30    8 27    9 99   10 91   11 87   12 28   13 48   14 31   15  1   16 60   17 42   18 34   19 80   20 38 
   1  6    2 41    3 16    4 24    5 62    6 69    7 28    8 93    9 72   10 79   11  6   12 36   13 81   14 72   15 68   16 61   17 28   18 88   19 14   20 83 
   1 99    2 20    3 50    4 72    5 36    6 74    7 38    8 68    9 92   10  5   11 31   12 98   13 92   14 96   15 91   16 57   17 65   18 57   19 79   20 52 
   1 44    2 85    3 61    4 85    5 15    6 34    7 68    8 93    9 60   10 65   11 70   12 77   13 30   14 88   15 50   16 79   17 79   18  6   19 87   20 92 
   1 59    2 28    3 75    4 12    5  6    6 32    7  7    8  4    9 56   10 75   11 25   12 71   13 49   14 41   15 78   16  4   17 19   18 76   19 51   20 36 
   1 16    2 72    3 80    4 49    5 60    6 72    7 16    8 29    9 11   10 11   11 36   12 16   13 86   14 89   15 67   16 59   17 78   18 34   19 16   20 22 
   1 38    2 99    3 34    4 98    5 45    6  4    7 11    8 74    9 85   10 58   11 88   12 91   13 26   14 76   15 23   16 53   17 20   18 67   19 96   20 49 
   1 49    2 87    3 30    4 19    5  5    6  6    7 51    8 87    9 41   10 25   11 25   12 79   13 91   14 93   15 36   16 15   17  2   18 51   19 95   20 63 
   1 28    2 95    3 63    4 51    5 93    6 56    7 67    8 56    9 31   10 36   11 94   12 10   13 78   14 36   15 92   16 21   17 37   18 11   19 49   20 56 
   1 73    2 45    3 51    4  5    5 49    6 58    7 99    8 82    9 22   10 55   11 66   12 28   13 41   14  4   15 65   16 73   17 90   18 82   19 44   20 44 
   1 94    2 65    3 36    4  9    5 33    6 98    7 78    8 18    9 83   10 30   11 95   12 80   13 53   14 21   15 13   16  4   17 42   18 93   19 65   20 51 
   1 47    2 17    3 67    4 92    5 15    6 53    7  1    8 53    9 79   10 56   11 77   12 60   13 50   14 91   15  5   16 14   17 53   18 82   19 59   20 75 
   1 31    2 63    3 78    4 50    5 15    6 14    7 68    8 63    9 67   10 54   11 10   12 86   13 74   14 76   15 62   16 52   17 32   18 48   19 49   20 34 
   1 56    2 27    3 45    4 45    5 61    6 76    7 61    8 26    9 19   10 74   11 26   12 81   13 69   14 86   15 60   16 47   17 26   18  3   19 63   20  8 
   1  1    2 65    3 45    4 14    5 99    6 43    7 39    8 19    9 96   10 78   11 58   12 20   13 48   14 47   15  7   16 66   17 74   18 67   19 95   20  6 
   1 59    2 19    3 72    4  7    5 79    6  6    7 83    8 97    9 85   10 75   11  8   12  3   13 91   14 89   15 56   16 93   17 95   18 55   19 81   20 48 
   1 59    2 57    3 67    4 62    5 56    6 32    7 71    8 86    9 19   10 38   11 95   12 46   13 20   14 81   15 19   16 65   17 89   18 22   19 47   20  8 
   1 53    2 54    3 15    4 58    5 57    6 26    7 98    8 29    9 10   10 20   11 20   12 57   13 20   14 88   15 23   16 91   17 68   18 56   19 78   20 29 
   1 98    2 64    3 79    4 39    5 37    6 52    7 62    8 47    9 33   10 77   11 46   12 58   13 53   14 41   15 84   16 61   17 34   18 62   19 34   20  8 
   1 50    2 39    3 61    4 31    5 26    6 11    7 23    8 86    9 25   10 11   11 49   12 76   13 75   14 18   15 50   16 55   17 65   18 18   19 84   20 12 
   1 10    2 48    3 10    4 76    5 78    6 97    7 42    8 20    9 25   10 91   11 37   12 63   13 78   14 49   15 17   16 76   17 10   18 89   19 29   20 61 
   1 44    2 14    3  4    4 34    5 68    6 44    7 21    8 38    9 42   10 73   11 76   12 13   13 91   14 22   15 77   16 64   17 63   18 21   19 72   20 60 
   1 12    2  9    3 65    4 53    5 60    6  8    7 76    8 21    9 71   10 46   11 11   12 81   13 84   14 59   15 63   16 45   17 51   18 84   19 10   20 32 
   1 79    2 39    3 51    4 40    5 57    6 17    7 81    8 24    9 95   10 13   11 24   12 85   13 49   14 96   15 25   16 58   17  4   18 72   19 39   20 64 
   1 55    2 40    3 16    4  5    5 26    6 83    7 48    8 31    9 56   10 94   11 72   12 82   13 39   14 70   15 17   16 25   17 58   18 66   19 80   20 13 
   1 68    2 41    3 26    4 40    5 10    6 48    7 78    8 21    9 94   10 73   11 75   12 92   13 19   14 85   15 73   16 98   17 81   18 38   19  1   20 71 
   1  9    2  3    3 42    4 46    5  9    6 46    7  4    8 62    9 20   10 46   11 58   12 52   13 29   14 46   15 62   16  5   17 76   18 31   19 64   20 59 
   1 57    2 98    3  7    4 65    5 33    6 65    7 42    8 79    9 42   10 58   11 46   12  8   13 77   14 75   15 10   16 64   17 48   18 38   19 89   20 91 
   1 82    2 61    3  5    4  9    5 92    6 89    7 54    8 89    9 66   10 30   11  2   12  6   13  1   14 10   15 63   16 31   17 80   18  9   19 37   20 68 
   1 67    2 21    3 36    4 10    5 59    6 88    7 88    8 56    9 66   10 90   11 83   12 52   13  5   14  7   15 64   16 38   17 53   18 82   19 83   20 82 
   1 89    2 46    3 92    4 86    5 85    6 78    7 89    8 60    9 62   10 80   11 14   12 12   13 84   14  5   15 25   16 37   17 53   18 88   19 66   20 98 
   1 77    2 30    3 15    4 48    5  3    6  7    7 70    8 76    9 12   10 85   11 77   12 65   13 34   14 18   15  1   16 39   17 71   18 39   19  8   20 76 
   1 83    2 78    3 79    4  1    5 24    6  6    7 71    8 54    9  5   10 86   11 68   12 26   13 13   14 42   15 50   16 62   17 65   18 78   19 42   20 35 
   1 26    2 15    3 73    4 21    5 35    6 72    7  4    8 38    9 27   10 20   11 81   12 67   13 19   14 92   15  7   16 57   17  3   18  9   19 97   20 78 
   1 73    2 96    3 32    4 49    5 37    6 93    7 30    8 10    9 60   10 67   11 81   12 14   13 80   14 86   15 59   16 69   17 96   18 17   19  6   20 58 
   1 94    2 90    3 73    4 14    5 24    6 73    7 91    8 65    9 16   10 99   11 56   12 64   13 21   14 59   15 93   16 41   17 44   18 57   19 48   20 81 
   1 67    2 86    3 10    4 79    5 45    6 71    7 98    8 65    9 58   10 58   11 37   12  8   13 87   14 90   15 95   16 25   17 67   18 22   19 46   20 26 
   1 30    2 16    3 94    4 32    5 28    6 55    7 66    8 85    9 92   10 81   11 41   12 40   13  4   14 87   15 41   16  3   17 38   18 67   19 63   20  3 
   1 77    2 71    3 98    4 11    5 99    6  7    7 55    8 58    9 58   10 26   11 96   12 86   13 76   14 82   15 20   16 86   17 96   18 52   19 67   20 80 
   1 97    2 14    3  6    4 15    5 67    6 69    7 36    8 51    9 56   10 14   11 53   12 47   13 91   14 10   15 69   16 97   17 54   18 66   19  9   20 90 
   1  6    2 68    3 51    4 13    5 53    6 39    7 78    8  4    9 21   10 61   11 88   12 83   13 54   14 79   15 37   16 37   17 14   18 45   19 53   20 39 
   1 48    2 78    3  4    4 87    5 78    6  4    7 13    8 78    9 88   10 74   11 66   12 58   13 56   14 64   15 21   16 83   17 99   18  9   19 91   20 90 
   1 76    2 46    3 13    4 67    5 20    6 96    7 68    8 25    9 47   10 20   11 50   12 83   13  9   14 50   15 91   16 78   17 64   18 67   19 50   20 32 
   1 91    2 97    3 36    4 57    5 92    6 33    7 41    8 46    9 51   10 87   11 40   12 95   13 79   14  4   15 12   16 86   17 91   18 38   19 86   20 32 
   1 76    2  4    3 43    4 87    5 65    6 74    7 26    8 34    9 14   10 44   11 28   12 56   13 20   14 29   15 64   16 98   17  9   18 54   19 55   20 34 
   1 85    2 37    3 60    4 41    5 84    6 61    7 42    8 20    9  4   10 89   11 65   12 65   13 62   14  8   15 94   16 22   17 21   18 10   19 38   20 69 
   1 48    2 15    3 68    4 87    5 88    6 90    7  1    8 27    9 53   10 53   11 76   12 23   13 59   14  6   15  5   16  9   17 93   18 96   19 68   20 81 
   1 17    2 32    3 16    4 60    5 88    6 83    7 76    8 27    9 29   10 23   11 89   12 32   13 43   14 60   15 32   16 22   17  7   18  2   19 73   20 55 
   1 43    2 18    3 25    4 42    5 11    6  8    7 21    8 26    9 31   10 91   11 16   12 43   13 19   14 79   15 26   16 44   17 48   18 58   19 68   20 13 
   1 54    2 80    3 49    4 97    5 81    6 60    7  3    8 61    9 42   10 86   11 48   12 91   13 92   14 85   15 16   16 37   17 80   18 96   19 91   20 15 
   1 69    2  7    3 44    4 16    5 15    6 89    7 61    8 16    9 69   10 43   11 91   12 18   13  7   14 35   15 55   16 32   17  1   18 26   19  5   20 17 
   1 85    2 26    3 10    4 40    5 29    6 44    7 85    8 47    9 42   10 11   11 83   12 27   13 94   14 35   15 75   16  3   17 46   18 99   19 58   20 87 
   1 60    2 42    3 21    4 76    5 69    6 20    7 58    8 61    9 55   10 47   11 84   12 79   13 55   14 51   15 27   16 54   17 58   18 72   19 56   20 11 
   1 82    2 83    3 60    4 62    5 93    6 56    7 63    8 72    9 38   10 51   11 18   12 53   13 34   14 35   15 90   16 71   17 35   18 69   19 17   20 12 
   1 59    2 27    3 54    4 12    5 86    6 17    7 70    8 52    9 50   10  5   11  2   12 87   13 14   14 24   15 84   16 86   17 27   18 11   19 35   20 48 
   1 71    2 79    3 91    4 24    5 74    6 36    7 32    8 67    9 78   10 25   11 63   12 97   13 70   14 65   15 86   16 49   17 55   18 55   19 42   20  2 
   1 45    2 92    3 65    4 43    5 47    6 16    7 96    8 93    9 67   10 21   11 27   12 79   13 88   14 15   15 14   16 89   17 80   18 82   19 55   20 65 
   1 76    2 16    3 18    4 56    5  5    6 20    7 99    8 44    9 15   10 39   11 39   12 99   13 58   14 11   15  7   16 27   17 40   18 59   19 17   20 35 
   1  3    2 37    3 22    4  8    5 13    6 19    7 35    8 11    9  7   10 21   11 14   12 18   13  7   14 99   15 36   16 50   17 13   18 25   19 28   20 98 

