ta102
200 20
   1 93    2 24    3 45    4 81    5 65    6 79    7 74    8 73    9 65   10 71   11  4   12 33   13 17   14 91   15 90   16 78   17 87   18 18   19 25   20 56 
   1  6    2 56    3 34    4 25    5 92    6 66    7 75    8 54    9 20   10 37   11 64   12 59   13 65   14 34   15 99   16 20   17  4   18 38   19 19   20 54 
   1 64    2 70    3 81    4 34    5 45    6 38    7 33    8 47    9 14   10 16   11 34   12 66   13 14   14 58   15 24   16 36   17 16   18 11   19 37   20 13 
   1  1    2 62    3 34    4 97    5 18    6 19    7 56    8 24    9 16   10 89   11 65   12 38   13 84   14 98   15 24   16 28   17  7   18 84   19 58   20 42 
   1 63    2 77    3  5    4 55    5 69    6 95    7 37    8 56    9 26   10 58   11 43   12 13   13  4   14  2   15 90   16 14   17  3   18 41   19 87   20 93 
   1 66    2 73    3 97    4 21    5 98    6 72    7 32    8 17    9 68   10  2   11 59   12 96   13 68   14 59   15 76   16 83   17 43   18 23   19 31   20 73 
   1 33    2 88    3 76    4 52    5 75    6 58    7 34    8 12    9 99   10 37   11 53   12 61   13 26   14 30   15 93   16 35   17 26   18  9   19 54   20  3 
   1 92    2 32    3 19    4 80    5 33    6 92    7 18    8 67    9 21   10 79   11 10   12 42   13 73   14 59   15 50   16 87   17 80   18 44   19 94   20 53 
   1 51    2 28    3 95    4 64    5  6    6 81    7 52    8  5    9 14   10 50   11 74   12 76   13 20   14 56   15 82   16  9   17 19   18  7   19 96   20 41 
   1 61    2 50    3 26    4 76    5 89    6 74    7 84    8 61    9 31   10 95   11 16   12 82   13 64   14 56   15 34   16 51   17 12   18 85   19 60   20 39 
   1 32    2 36    3 16    4 36    5 56    6  5    7 69    8 54    9 47   10 25   11 56   12 92   13 24   14 95   15 35   16  6   17 61   18 26   19 93   20 41 
   1 24    2 84    3 38    4 52    5 65    6 55    7  3    8 86    9 39   10 69   11 31   12 55   13 25   14 73   15 40   16 73   17 25   18 17   19 55   20 65 
   1 79    2 15    3 12    4 22    5 28    6 78    7 63    8 13    9 51   10 42   11 43   12 71   13 58   14 48   15 99   16 88   17 58   18 47   19 44   20 69 
   1 19    2 69    3 15    4 90    5 93    6 94    7 78    8 78    9 24   10 69   11 60   12 96   13 43   14 77   15 78   16 62   17 10   18  2   19 73   20 60 
   1 10    2 25    3 60    4 77    5 40    6 88    7 70    8 30    9 77   10 13   11 38   12 89   13 67   14 15   15 40   16 77   17  9   18 24   19 72   20 99 
   1 11    2 16    3 98    4 71    5 88    6 47    7 62    8 87    9 83   10 46   11  9   12 86   13  6   14 73   15 98   16 38   17 57   18 77   19 14   20 86 
   1 90    2 76    3 10    4 65    5  2    6  6    7 13    8 87    9 84   10 66   11 55   12 10   13 64   14 94   15  8   16 69   17 86   18 28   19 78   20 26 
   1 52    2 52    3 33    4 51    5 39    6 14    7 92    8 75    9  3   10  2   11 45   12 99   13  9   14 13   15 15   16 38   17 72   18  8   19 15   20 97 
   1 15    2 79    3 19    4 89    5 61    6 48    7 30    8 26    9 18   10 28   11 98   12 96   13 27   14 92   15 64   16 81   17 32   18  9   19 54   20 62 
   1 17    2  7    3 96    4 91    5 46    6 62    7 41    8 38    9 63   10  5   11 38   12 96   13 60   14 24   15 47   16 42   17 81   18 11   19 84   20 49 
   1 65    2 47    3 95    4 28    5 18    6 93    7 29    8 34    9 42   10 15   11  5   12 59   13 10   14 68   15 76   16 10   17 35   18 20   19 66   20 25 
   1 70    2 15    3 53    4 14    5 63    6 93    7 75    8 25    9  6   10 34   11 74   12 56   13 49   14 64   15 75   16 87   17  4   18  4   19 36   20 17 
   1 75    2 70    3  6    4  2    5 98    6 39    7 38    8 94    9 54   10 61   11 23   12 80   13 26   14 32   15 16   16 78   17 62   18 95   19 94   20 29 
   1 93    2 75    3  9    4 89    5  8    6  4    7 28    8 37    9 84   10  4   11 38   12 84   13 99   14 69   15 57   16 22   17  2   18 19   19 42   20 91 
   1 44    2 66    3 35    4 34    5 30    6 72    7 11    8  7    9 38   10 16   11 99   12 54   13 71   14 24   15 23   16 90   17 31   18 85   19  8   20 85 
   1 32    2 45    3 84    4 12    5 30    6  8    7 67    8 45    9 13   10 71   11 66   12  9   13 16   14 54   15 10   16 57   17 99   18 18   19 51   20 55 
   1 52    2 99    3 17    4 62    5 97    6 47    7 69    8 43    9  7   10 89   11 14   12 71   13 94   14 31   15 86   16  5   17 15   18 82   19 55   20 25 
   1 59    2 93    3 83    4 82    5 10    6 56    7 84    8 85    9 16   10 29   11  5   12 89   13 78   14 20   15 90   16 39   17 96   18 45   19 78   20 94 
   1 42    2 63    3 55    4 19    5 85    6 12    7 10    8 65    9 73   10 13   11  9   12 51   13 67   14 59   15 84   16 90   17 21   18  4   19 58   20 48 
   1 23    2 61    3 31    4 72    5 48    6 93    7 33    8 53    9 63   10 14   11 90   12 93   13 80   14 46   15 77   16 87   17 30   18 61   19 22   20 64 
   1 26    2 72    3 54    4 25    5 13    6 14    7 46    8 14    9 60   10 78   11 60   12 93   13 89   14 79   15 93   16 76   17 24   18 35   19 64   20 73 
   1 35    2 79    3 54    4 16    5 47    6 83    7 39    8 11    9  7   10 33   11 47   12 64   13 39   14 76   15 34   16 84   17 57   18 98   19 76   20 49 
   1 18    2 82    3 80    4 59    5 92    6 82    7 67    8  7    9 92   10  1   11 59   12 31   13 70   14 28   15 45   16 37   17 91   18 59   19 13   20 19 
   1 36    2 14    3 42    4 97    5 50    6 23    7 63    8 99    9 53   10 40   11 27   12 61   13 54   14 46   15 71   16 41   17  1   18 78   19 33   20 37 
   1 24    2 28    3 44    4 20    5 67    6 85    7 95    8  7    9  5   10 83   11 56   12 19   13 80   14 37   15 51   16 54   17 56   18 63   19 28   20 41 
   1  8    2 29    3 36    4 89    5 85    6 42    7 72    8 98    9 56   10 90   11  9   12 70   13 11   14  5   15 19   16 22   17 97   18  8   19 17   20 12 
   1 85    2 45    3 12    4 18    5 24    6 37    7 31    8 96    9 35   10 41   11  1   12 29   13 47   14 66   15 28   16 68   17 22   18 86   19 37   20  1 
   1  6    2 11    3 88    4 89    5 60    6  3    7 93    8 90    9 57   10 27   11 33   12 84   13 45   14 77   15 48   16  9   17 29   18 56   19 75   20 93 
   1 68    2 22    3 98    4 97    5 76    6 68    7  1    8 17    9 37   10 78   11 95   12 22   13 32   14 97   15 52   16 30   17 56   18  6   19 32   20 69 
   1 89    2 89    3 34    4 24    5 74    6 20    7 49    8 23    9 98   10 50   11 94   12 57   13 37   14 68   15 60   16 38   17  8   18 90   19 57   20 10 
   1 79    2 16    3 89    4 67    5  8    6 89    7 45    8 91    9  5   10 76   11 30   12 90   13 20   14 68   15 25   16 32   17 86   18 31   19 93   20 46 
   1 64    2  4    3 36    4 81    5 86    6 68    7 86    8 35    9 54   10 19   11 63   12 77   13 82   14 45   15 47   16 56   17 52   18 52   19 18   20 88 
   1 42    2 76    3  7    4 38    5 20    6 92    7 16    8  8    9 12   10  2   11 96   12 25   13 47   14 52   15 81   16 17   17 65   18 96   19 24   20 43 
   1 89    2 72    3 13    4 46    5 78    6 48    7 76    8 26    9 82   10 14   11 24   12 12   13 26   14 30   15  6   16 36   17 22   18  1   19 87   20 10 
   1 38    2 59    3 64    4 17    5 34    6 70    7 18    8 85    9 24   10 51   11 20   12 57   13 55   14 95   15 73   16 42   17 52   18 73   19 66   20 97 
   1 91    2 19    3  3    4 24    5 95    6 45    7 96    8 57    9 13   10 94   11 17   12 14   13 80   14 49   15 94   16 38   17 38   18 43   19 56   20 75 
   1 30    2 99    3 22    4 38    5 13    6 11    7 67    8 33    9 18   10 96   11 78   12 47   13 63   14 58   15 46   16 48   17 86   18 52   19 95   20 43 
   1 40    2 53    3  9    4 23    5 37    6 88    7 97    8 34    9 41   10 50   11  3   12 60   13 42   14 68   15  7   16 26   17 30   18 43   19 39   20 34 
   1 77    2  7    3 60    4 68    5 82    6 39    7 34    8 69    9 49   10 66   11 29   12 64   13  4   14 11   15 50   16 56   17 55   18 78   19 49   20 66 
   1  9    2 53    3 72    4 49    5  9    6 40    7  4    8 56    9 66   10 61   11  7   12 52   13 80   14 44   15 82   16 16   17 87   18 10   19 55   20 61 
   1 17    2 94    3  1    4 53    5 95    6 61    7 96    8 41    9 89   10 52   11 30   12 68   13 63   14 69   15 26   16 37   17 92   18 63   19 80   20 10 
   1 41    2 43    3 13    4 12    5 55    6  2    7 62    8 74    9 37   10  8   11 15   12 78   13 96   14 16   15 95   16 66   17 55   18 69   19  8   20 99 
   1  8    2 91    3 62    4 39    5 25    6 26    7 11    8 37    9  5   10 49   11 66   12 75   13 74   14  1   15 17   16 24   17 46   18 14   19 49   20  7 
   1 30    2  4    3 26    4 76    5 69    6 16    7 48    8 53    9 40   10 85   11 83   12 42   13 64   14 57   15 71   16 63   17 85   18 26   19 73   20 93 
   1 40    2 71    3 68    4 63    5 91    6 64    7 46    8 18    9 29   10 89   11 23   12 65   13 44   14 87   15 51   16 73   17 47   18 77   19 33   20 85 
   1 12    2 16    3  9    4 11    5  9    6  8    7  7    8 76    9 91   10 34   11 81   12  6   13 67   14  7   15 45   16 56   17 28   18 51   19 85   20 89 
   1 26    2 43    3 30    4  9    5 13    6 38    7 47    8 84    9 88   10 53   11 30   12  5   13 35   14 52   15 10   16 30   17  2   18  8   19 42   20 74 
   1  3    2 49    3 64    4 87    5 12    6 38    7 30    8 77    9 16   10 74   11 84   12 56   13 64   14 27   15 17   16  1   17 87   18 30   19 43   20 92 
   1 52    2 96    3 19    4 59    5 48    6 27    7 68    8 69    9 83   10 58   11 64   12 76   13 58   14 33   15 35   16 69   17 12   18 70   19 27   20 73 
   1 31    2 36    3 52    4  6    5 91    6  3    7  9    8 49    9  6   10 37   11 38   12 12   13 35   14 53   15 46   16 81   17 85   18 64   19  6   20 92 
   1 57    2 77    3 93    4 79    5 19    6 57    7  7    8 65    9 15   10 85   11 55   12 42   13 98   14 40   15 18   16 51   17 69   18 75   19 26   20  9 
   1 38    2 84    3 96    4 81    5 43    6 32    7 75    8 65    9 93   10 84   11 73   12 55   13 29   14 71   15 21   16 48   17 44   18 53   19 37   20  6 
   1 67    2 61    3 31    4 70    5 64    6 75    7 27    8 79    9 62   10 79   11 80   12 31   13  7   14 18   15 80   16 57   17 85   18  4   19 45   20 16 
   1 92    2 14    3 30    4 38    5 72    6 11    7 97    8 39    9  9   10 11   11 28   12 55   13 35   14 83   15 79   16 53   17 71   18 90   19 85   20 34 
   1 49    2 31    3 84    4 69    5 28    6 51    7 36    8 74    9 93   10 89   11 12   12 56   13 79   14  4   15 12   16 94   17 32   18 10   19 39   20 85 
   1 41    2 76    3 95    4 50    5 95    6 61    7 12    8 93    9 33   10 62   11  9   12 81   13 70   14 80   15 77   16 81   17 49   18 83   19 54   20 48 
   1 99    2 38    3 21    4  9    5 11    6 54    7 94    8 63    9 26   10 29   11 54   12 34   13 10   14 11   15 25   16 64   17 31   18 29   19 12   20 79 
   1 77    2 10    3 72    4 94    5 43    6 40    7 36    8  9    9 57   10 91   11  1   12 43   13 84   14 35   15 75   16 43   17  2   18 87   19 20   20 77 
   1 67    2 38    3 40    4  9    5 73    6 85    7  9    8 42    9 42   10 10   11 30   12  8   13  5   14 61   15 35   16 72   17 55   18 58   19 60   20 76 
   1 22    2 67    3 57    4 27    5 84    6 12    7 94    8 35    9  9   10 66   11 12   12 44   13 23   14 72   15 80   16 99   17 71   18 33   19 34   20 57 
   1  9    2 66    3 99    4 87    5 99    6 93    7 47    8 23    9 76   10 46   11 51   12 27   13 62   14 90   15 54   16 85   17 92   18 18   19 55   20 34 
   1 91    2 96    3 92    4 89    5  4    6 52    7 16    8 15    9 58   10 47   11 91   12 13   13 75   14 58   15 69   16 36   17 53   18 61   19 25   20 50 
   1 76    2 15    3 19    4 47    5 69    6 78    7  6    8 73    9 25   10 58   11 30   12 44   13  1   14 89   15 20   16 93   17 56   18 15   19 38   20 17 
   1 53    2 28    3 15    4 57    5 16    6 29    7 22    8 53    9 76   10 18   11  3   12 93   13 75   14 32   15 75   16  3   17 91   18 10   19 12   20 90 
   1 71    2 53    3 10    4 69    5 30    6 68    7 89    8 33    9 47   10 14   11 57   12 73   13 93   14 82   15 38   16 47   17 61   18 52   19 39   20  6 
   1 88    2 71    3 80    4 52    5 49    6 45    7 95    8 55    9 65   10 99   11  2   12 44   13 65   14 66   15 13   16 78   17 39   18 96   19 54   20 38 
   1 20    2 26    3 74    4 99    5 35    6 13    7 40    8 36    9 24   10 50   11 80   12 25   13 93   14 69   15 57   16 56   17 84   18  2   19 68   20 43 
   1  6    2 12    3 60    4 98    5 12    6 92    7  3    8 72    9  9   10  2   11 45   12 48   13 85   14 24   15 80   16 10   17 40   18 75   19 48   20 45 
   1 68    2 38    3 21    4 76    5 80    6 43    7 54    8 58    9 45   10 80   11  2   12 85   13 55   14 90   15 65   16 43   17 18   18 41   19 44   20 77 
   1 22    2 61    3 93    4 32    5 83    6  4    7 97    8 94    9 78   10 78   11 14   12 96   13  2   14 64   15 46   16  1   17 19   18 22   19 15   20 61 
   1 23    2 47    3 85    4 85    5 56    6 54    7 26    8 35    9 13   10 62   11 56   12 96   13 53   14 28   15 91   16 35   17 62   18 29   19 37   20 16 
   1 92    2 88    3 23    4 79    5 69    6 93    7 60    8 33    9 50   10 27   11 36   12 99   13 63   14 44   15 59   16 96   17 41   18 23   19 16   20 13 
   1 61    2 80    3 13    4 22    5 72    6 26    7 65    8 55    9 42   10 91   11 24   12 24   13 61   14 20   15 67   16 32   17 26   18 69   19 98   20  4 
   1 40    2 12    3 80    4 28    5 96    6 28    7 96    8 89    9 21   10 42   11 71   12 22   13  9   14 66   15  9   16 86   17  7   18 82   19 74   20 39 
   1 77    2  4    3 48    4 52    5 54    6 79    7 81    8 97    9 70   10 84   11  2   12 94   13 72   14 13   15  3   16 27   17 81   18 29   19 13   20 74 
   1 56    2 67    3 90    4 36    5 32    6 19    7 12    8 10    9 61   10  5   11 31   12 86   13 27   14 23   15 49   16 60   17 25   18 30   19 68   20 85 
   1 73    2 52    3 33    4 55    5 66    6 54    7 56    8 43    9 11   10 30   11 11   12 45   13 98   14 57   15  7   16  9   17 19   18  5   19 57   20 97 
   1 59    2 71    3 52    4 67    5 53    6  1    7 68    8 98    9 10   10 28   11 70   12 13   13 40   14 24   15 39   16 34   17 85   18 84   19 40   20 56 
   1 49    2 79    3 81    4  5    5 50    6  4    7 14    8 22    9 38   10  6   11 63   12 19   13  9   14 19   15 26   16 73   17 21   18 26   19 59   20 28 
   1 66    2 38    3 18    4 79    5 35    6 31    7 71    8 74    9 24   10 46   11 22   12 57   13 50   14 60   15 93   16 25   17  6   18  7   19 22   20 81 
   1 53    2  5    3 51    4 49    5  9    6 42    7 87    8  1    9 21   10  8   11 18   12 21   13 90   14 57   15 25   16 83   17 68   18 92   19 15   20 84 
   1 37    2 47    3 46    4 18    5 43    6 32    7 78    8 28    9 87   10 49   11 12   12 92   13 46   14 53   15 12   16 54   17 24   18 55   19 94   20 16 
   1 46    2 51    3 99    4  2    5 75    6 48    7 38    8 54    9 13   10 29   11 65   12 12   13 75   14 46   15 88   16 13   17 97   18 73   19 28   20  5 
   1 44    2 47    3 91    4 31    5 48    6 37    7 13    8  2    9 15   10 94   11 38   12 62   13 92   14 14   15 70   16 37   17 63   18 92   19 42   20 23 
   1 59    2 87    3 98    4 40    5  1    6 65    7 81    8 39    9  7   10 80   11 54   12 69   13  5   14 92   15 32   16  3   17 13   18 88   19 72   20 70 
   1 91    2  8    3 54    4  2    5 64    6 27    7 31    8 90    9  7   10 59   11 58   12 69   13 49   14 66   15 14   16  2   17 48   18 27   19 91   20 58 
   1 30    2  8    3 90    4 28    5 36    6 47    7  7    8 15    9 97   10 23   11  6   12 91   13  9   14 91   15 30   16 48   17 98   18 11   19  1   20  9 
   1 41    2 41    3 91    4 64    5 60    6 39    7 26    8 60    9  1   10 91   11 37   12 27   13 34   14 13   15 63   16 17   17 24   18 74   19 58   20 81 
   1 44    2 57    3 42    4 67    5 23    6 94    7 71    8 83    9 38   10 36   11 30   12 25   13 95   14 73   15 58   16 75   17 37   18 33   19 67   20 60 
   1  4    2 80    3 46    4 85    5 36    6 14    7 82    8 41    9 41   10 97   11 65   12 81   13 79   14 92   15 28   16 66   17 64   18  6   19 32   20 65 
   1 84    2 69    3 67    4 35    5 32    6 15    7 22    8 39    9 22   10 45   11 30   12 26   13 71   14  4   15 60   16 86   17 59   18  2   19 89   20 84 
   1 58    2 95    3 70    4 13    5  9    6 24    7 62    8 67    9 82   10 31   11 35   12  8   13 72   14  2   15 30   16 83   17  1   18 73   19  3   20 69 
   1 92    2 19    3  8    4 74    5 44    6 11    7 11    8 14    9 87   10 52   11 65   12 34   13 43   14 88   15 78   16  7   17  8   18 63   19 58   20 76 
   1 51    2 67    3 64    4 63    5 60    6 90    7 86    8 39    9 79   10 84   11 75   12 89   13 28   14 93   15 40   16 84   17 39   18 19   19 73   20 34 
   1 82    2 24    3 62    4 52    5 19    6 63    7 94    8 53    9 94   10 64   11 28   12 10   13 28   14 64   15 23   16 33   17 67   18 64   19 90   20 14 
   1 84    2 47    3 73    4 34    5 98    6 39    7 76    8 17    9 38   10 42   11  5   12 78   13 25   14 99   15 20   16 10   17 11   18 23   19 54   20 31 
   1 92    2 13    3 12    4 15    5 95    6 70    7 81    8 23    9 95   10 73   11 35   12 86   13 66   14 90   15 69   16 29   17 87   18 11   19 62   20 98 
   1 51    2 83    3 69    4 22    5 64    6 94    7 66    8 43    9 99   10 86   11 26   12 70   13 45   14 20   15 99   16 91   17 56   18 66   19 75   20 30 
   1 41    2 84    3 57    4 72    5 82    6 24    7 97    8 79    9 33   10 48   11 64   12 21   13 81   14  7   15 96   16 46   17 87   18 27   19 19   20 53 
   1 45    2 79    3 90    4 64    5 52    6 39    7 40    8 55    9 81   10  2   11 53   12 55   13 56   14 73   15 61   16 42   17 64   18 31   19 53   20 21 
   1 73    2 68    3 57    4 82    5 61    6  1    7 34    8  1    9 94   10  5   11 85   12 48   13 34   14 61   15 79   16  1   17 48   18 46   19 86   20 37 
   1 65    2 73    3 10    4 86    5 18    6 81    7 11    8 98    9 43   10 99   11 94   12 45   13 28   14 35   15  1   16 43   17 84   18 12   19 35   20 66 
   1 89    2 46    3 53    4 43    5 90    6 71    7 56    8 20    9 17   10 57   11 64   12 87   13 44   14 80   15 61   16 72   17  9   18 67   19 59   20 93 
   1 79    2 16    3 34    4 94    5 68    6  2    7 96    8 22    9  1   10 69   11 48   12 21   13  1   14 78   15 72   16 62   17  7   18 43   19 49   20 21 
   1 72    2 20    3 80    4 95    5 35    6 93    7 61    8 80    9 52   10 78   11 66   12 35   13 65   14 37   15 65   16 65   17 37   18 24   19 13   20 65 
   1 97    2 52    3 83    4 32    5 81    6 43    7 70    8 93    9 84   10 58   11 31   12 73   13 66   14 40   15 61   16 72   17 90   18 81   19 57   20 79 
   1 63    2 31    3 14    4 48    5 58    6 60    7 69    8 23    9 51   10 99   11 68   12 10   13 53   14 50   15 35   16 65   17 37   18 52   19 37   20 11 
   1 72    2 49    3 24    4  6    5 49    6 27    7 49    8 55    9 20   10 23   11 28   12 62   13 48   14 53   15  7   16 74   17 75   18 36   19 33   20 85 
   1 60    2  8    3 34    4 19    5 14    6 20    7 34    8 66    9 74   10 42   11 46   12 29   13 65   14 61   15 52   16 57   17 97   18 41   19 57   20 27 
   1 65    2 81    3 30    4 88    5  2    6 80    7 81    8 34    9 93   10  8   11  3   12 84   13 14   14  6   15 94   16 88   17 40   18 28   19 57   20 41 
   1 93    2 76    3 27    4 39    5 95    6 65    7 60    8 46    9 73   10  5   11 85   12 79   13 51   14 44   15 14   16 76   17 27   18 23   19 91   20 45 
   1 87    2 12    3 55    4 49    5 93    6 74    7 28    8 92    9 38   10 82   11 54   12 55   13  8   14 87   15 74   16 67   17 79   18 73   19 92   20 78 
   1 56    2  5    3 48    4 42    5 37    6 78    7 91    8 91    9 33   10 45   11 62   12 36   13 12   14 66   15 19   16 58   17 75   18 14   19 29   20 56 
   1 76    2  5    3 64    4 17    5 25    6 46    7 31    8 62    9 38   10 99   11 86   12 39   13 63   14 14   15 46   16 37   17 70   18 28   19 15   20 89 
   1 88    2 32    3 93    4 92    5  9    6 13    7 98    8 75    9 85   10 67   11 23   12  7   13  8   14 23   15  9   16 65   17 85   18 26   19 65   20 58 
   1 67    2 96    3 40    4 29    5 63    6 29    7 12    8 51    9 78   10 26   11 61   12 53   13 46   14  1   15 40   16 52   17 81   18 83   19 85   20 51 
   1 94    2 30    3 96    4 38    5 68    6 69    7 23    8 33    9 15   10 80   11 93   12 30   13 24   14 80   15 61   16 29   17 64   18 28   19  6   20 21 
   1 81    2  1    3 28    4 68    5 95    6 74    7 58    8 76    9 47   10 71   11 40   12 16   13 93   14 34   15 56   16 94   17 46   18 38   19 43   20 15 
   1 63    2 44    3 39    4 39    5 75    6 73    7 17    8  8    9 75   10 29   11 25   12 53   13 27   14 22   15 21   16 61   17 15   18  7   19 50   20 94 
   1 51    2 98    3  1    4 30    5 97    6 58    7 78    8 58    9 21   10 90   11 28   12 82   13  4   14 40   15 95   16 69   17 22   18 10   19 43   20 29 
   1 92    2 34    3 74    4 83    5 53    6 42    7 68    8 25    9 49   10  9   11 67   12 25   13 63   14 63   15  6   16 63   17  1   18 14   19 76   20 83 
   1 14    2  5    3  1    4 44    5 31    6 96    7 63    8 40    9  8   10 20   11 35   12 97   13 21   14 31   15 95   16 46   17 29   18 50   19 83   20 23 
   1 97    2 32    3 99    4 80    5 97    6 81    7 63    8 33    9 50   10 33   11 20   12 12   13  4   14 32   15 27   16 46   17  3   18 26   19 10   20 22 
   1 27    2 69    3 77    4  5    5 68    6 14    7 97    8 20    9 88   10 70   11 48   12  6   13 92   14 64   15 63   16 64   17  9   18 54   19 86   20 19 
   1 36    2 36    3 21    4 34    5 67    6 14    7 38    8 84    9 96   10 19   11 15   12 67   13 96   14 13   15 49   16 33   17 41   18 97   19  6   20 23 
   1  3    2 26    3 71    4 28    5 36    6 34    7 50    8  5    9 73   10 19   11 53   12 40   13 87   14  2   15 14   16 72   17  3   18  1   19 86   20 12 
   1 54    2 91    3 98    4 18    5 13    6 27    7 62    8 87    9 66   10 66   11 95   12 92   13 10   14 47   15 66   16  4   17 74   18 91   19 11   20 37 
   1 36    2 85    3 55    4 85    5 67    6 18    7 41    8 54    9 13   10 54   11 28   12  3   13 82   14 60   15  3   16 81   17 69   18 91   19 56   20 68 
   1 84    2 61    3 58    4 29    5 16    6 90    7 84    8 66    9 81   10 93   11 72   12 66   13 57   14 73   15  1   16 40   17 66   18  1   19 62   20 24 
   1 12    2 75    3 79    4 28    5 15    6 49    7 86    8 74    9 17   10 34   11 32   12  5   13 47   14 75   15 50   16 17   17 37   18 18   19 17   20  2 
   1 69    2 33    3 87    4 62    5 49    6 35    7 82    8 90    9  1   10 72   11 36   12  6   13 80   14 95   15  1   16 72   17 49   18  6   19 72   20 59 
   1 80    2 16    3 16    4 49    5 72    6 28    7 56    8 96    9 47   10 66   11 82   12 10   13 95   14 35   15 67   16 88   17 30   18 15   19 87   20 13 
   1 60    2 95    3 69    4  7    5 10    6 19    7 51    8 95    9 72   10 29   11 11   12 21   13 42   14 17   15 97   16 59   17  8   18 84   19 38   20 32 
   1 79    2 34    3 58    4 79    5 26    6 36    7  1    8  9    9 41   10  4   11 19   12 70   13 47   14 70   15 41   16 92   17 99   18 44   19 76   20 58 
   1 83    2 74    3 98    4 40    5 40    6 66    7 97    8  2    9 88   10 12   11 29   12 52   13 24   14  4   15 13   16 30   17 50   18 60   19 28   20 60 
   1 39    2 19    3  8    4 16    5 80    6 91    7 60    8  8    9 52   10 64   11  6   12 89   13 88   14 59   15 30   16 40   17 48   18 65   19 47   20 78 
   1 79    2 84    3 49    4 36    5 40    6 59    7 26    8 41    9 56   10 89   11 58   12 64   13 59   14 68   15 53   16 81   17 81   18  3   19 17   20 31 
   1 67    2 95    3 15    4 16    5 48    6 55    7 90    8 97    9 80   10 89   11 93   12  9   13 44   14 75   15 84   16 94   17 26   18  7   19 16   20 77 
   1 31    2 35    3 29    4 20    5 77    6 16    7 42    8 92    9  8   10 53   11 49   12 55   13 58   14 24   15 29   16 44   17  7   18 26   19 82   20  2 
   1 53    2 75    3 23    4  3    5 71    6 44    7  3    8 77    9 87   10 37   11 14   12 76   13 98   14 21   15 21   16 80   17 99   18 53   19 55   20 94 
   1 67    2  1    3 65    4 16    5 56    6 18    7 53    8 46    9 21   10 16   11 38   12 14   13 15   14 22   15 16   16 48   17 68   18 22   19 65   20 75 
   1 13    2 96    3 20    4  8    5 14    6 62    7 90    8 41    9 40   10 83   11 63   12 28   13  2   14  4   15 49   16  2   17 38   18 36   19 61   20 44 
   1 80    2 41    3 92    4 52    5 93    6 84    7 25    8 71    9 92   10 24   11 23   12 65   13 51   14  8   15 17   16 10   17 59   18 54   19 29   20 55 
   1 94    2 36    3 30    4  7    5 56    6 20    7 85    8 40    9 79   10 89   11 95   12 89   13 65   14  1   15 30   16 48   17 42   18 19   19  5   20 89 
   1 18    2 86    3  9    4 59    5 19    6 31    7 27    8 31    9 50   10 87   11 94   12 47   13 39   14 32   15 69   16 71   17 36   18 67   19 11   20 78 
   1 19    2 16    3 40    4  8    5 28    6 93    7 70    8 98    9 12   10 89   11 72   12  2   13 71   14 68   15 33   16 98   17 59   18  6   19 89   20 63 
   1 61    2 37    3 86    4 82    5 63    6 49    7 86    8 15    9 10   10  6   11 73   12 42   13  6   14 33   15 56   16 92   17 50   18  7   19 33   20 50 
   1 91    2 87    3 53    4 63    5 86    6 44    7 46    8 82    9 85   10 73   11 71   12 80   13 11   14 27   15 41   16 24   17 63   18 42   19 94   20 93 
   1 37    2 49    3 78    4 50    5 18    6  5    7 27    8 10    9 83   10 69   11 78   12  9   13 37   14 11   15 64   16 91   17 96   18 63   19 68   20 21 
   1 15    2 72    3 20    4 80    5 54    6  5    7 37    8  8    9  8   10 47   11  9   12  4   13 79   14 57   15  2   16 83   17 68   18 55   19 21   20  8 
   1 84    2 98    3 96    4 49    5 85    6 78    7 53    8 24    9 68   10  6   11 54   12 63   13 42   14 23   15 99   16  8   17 78   18 18   19 62   20 64 
   1 27    2 26    3 43    4 68    5 82    6 15    7 32    8  2    9 68   10 98   11 52   12 91   13 69   14 17   15 87   16 11   17 82   18 15   19 93   20 26 
   1 66    2 19    3  5    4 19    5 90    6  3    7 55    8 77    9 17   10 59   11 47   12 71   13 34   14 43   15 10   16 86   17 83   18 91   19 81   20 84 
   1 85    2 63    3 18    4 51    5 11    6 19    7 23    8 50    9 86   10 38   11 44   12 34   13  5   14 58   15 18   16  2   17 79   18 43   19 44   20  4 
   1 41    2 50    3 76    4 56    5 85    6 51    7 97    8 11    9 61   10  4   11 38   12 75   13 13   14  7   15 39   16 45   17 67   18 55   19 40   20 14 
   1 65    2 52    3 24    4 37    5 18    6 36    7 22    8 93    9 91   10 88   11 48   12 12   13 70   14 30   15 55   16 40   17 15   18 55   19  6   20 48 
   1 95    2 80    3  1    4 91    5 35    6 12    7 29    8 53    9 41   10 41   11 47   12 38   13 49   14 43   15 46   16 65   17 86   18 56   19 97   20 21 
   1  3    2 45    3  8    4 60    5 50    6 20    7  6    8 26    9 21   10 25   11 30   12  8   13 94   14 29   15 96   16 94   17 87   18  6   19 54   20  4 
   1 14    2 41    3 85    4 48    5  1    6 87    7 48    8 28    9 77   10 35   11 18   12  7   13 79   14 41   15 54   16 96   17 22   18 94   19 76   20 98 
   1 76    2 31    3 79    4 93    5 63    6 25    7 39    8 24    9 46   10  7   11 69   12 38   13 90   14 27   15 84   16 99   17 80   18 97   19 21   20 72 
   1  8    2 54    3 28    4 11    5 80    6 44    7 51    8 83    9 59   10 51   11 25   12 59   13 17   14 80   15 98   16 59   17 64   18 23   19 53   20 96 
   1 28    2 33    3 67    4 29    5 93    6 32    7 29    8 78    9 32   10 46   11 27   12 90   13 94   14 43   15  8   16 27   17 35   18 85   19 52   20 26 
   1 43    2 11    3 28    4 87    5 88    6 52    7 18    8 81    9 35   10 20   11 77   12 78   13 22   14 84   15 18   16 10   17 30   18 29   19 35   20 42 
   1 33    2 51    3 37    4  3    5 81    6 99    7 12    8 59    9 96   10 39   11 15   12 52   13 22   14 40   15 91   16 62   17 84   18 55   19 92   20 99 
   1  6    2 96    3 38    4 18    5 83    6 93    7 54    8 91    9  7   10 54   11 64   12 99   13 51   14 65   15  9   16 22   17 89   18 57   19 12   20 21 
   1  1    2 40    3 39    4 63    5 50    6 12    7 68    8 70    9 70   10 81   11 91   12  5   13 97   14 94   15 57   16 72   17 78   18 82   19 92   20 29 
   1  4    2 89    3 38    4 86    5 24    6 81    7 75    8  8    9 81   10 15   11 87   12  4   13 49   14 63   15 86   16 56   17 24   18 42   19 12   20 55 
   1 32    2 66    3 40    4 29    5 55    6 96    7 33    8 66    9 97   10 49   11 63   12 73   13 75   14 41   15 97   16 48   17 41   18 24   19 56   20 94 
   1 23    2 89    3 21    4 99    5 40    6 25    7  7    8 49    9  2   10 85   11 10   12 87   13 28   14 29   15 31   16 20   17 42   18 68   19 28   20 99 
   1 44    2 35    3 84    4 99    5 61    6  1    7 98    8 44    9 45   10 26   11 64   12 21   13  7   14 36   15 10   16 58   17 32   18 50   19  1   20  1 
   1 28    2 67    3 81    4 25    5 30    6 31    7 85    8 13    9 73   10 48   11 26   12 64   13 91   14 94   15 48   16 74   17 63   18 67   19  7   20 70 
   1 38    2 19    3 36    4 40    5 78    6 67    7 70    8 83    9 18   10 88   11 14   12 20   13 10   14 18   15 45   16 79   17 77   18 51   19 31   20 49 
   1 56    2 15    3 90    4 61    5  5    6 76    7 67    8 62    9 73   10 74   11 82   12 79   13 32   14 59   15 86   16 54   17 46   18 52   19 30   20 17 
   1 10    2  4    3  2    4 60    5 24    6 29    7 88    8 39    9 70   10 64   11 13   12 70   13 10   14 33   15 81   16 46   17 61   18 29   19 15   20 57 
   1 15    2 60    3 90    4 75    5  8    6 61    7 79    8 48    9 93   10 91   11 79   12 81   13 72   14 93   15 21   16 97   17 58   18 90   19 44   20 49 
   1 75    2 59    3 37    4 56    5 50    6 87    7 30    8 34    9 43   10  6   11 27   12 41   13 94   14 97   15 40   16  9   17 77   18 58   19 98   20 92 
   1 64    2 86    3 47    4 52    5 92    6 74    7 81    8 25    9 58   10 33   11 55   12 78   13 72   14 97   15 84   16 96   17 12   18 97   19 80   20 14 
   1 94    2 65    3 67    4 53    5 25    6 90    7 72    8 93    9 43   10 19   11 47   12 14   13 29   14 94   15 40   16 67   17 91   18 94   19 77   20 11 
   1 93    2 16    3 94    4 15    5 28    6 96    7 47    8 91    9 78   10 86   11 47   12 17   13 58   14 31   15 49   16 55   17 63   18  4   19 34   20 67 
   1 27    2 98    3 93    4 38    5 81    6 93    7 24    8 32    9 42   10 49   11 85   12 19   13 82   14 33   15 24   16 11   17 86   18 42   19 31   20 33 
   1 56    2 55    3 15    4 57    5 43    6 93    7  4    8 51    9 27   10 86   11 15   12 59   13 48   14 85   15 28   16 53   17 16   18 79   19  5   20 27 
   1 17    2 91    3 85    4 98    5 70    6 73    7 83    8 61    9 92   10 39   11 47   12 13   13 10   14 21   15 25   16 71   17 41   18 98   19 90   20 62 
   1 51    2 38    3 72    4 20    5 76    6 77    7 36    8 80    9 85   10 34   11 53   12 46   13 68   14 80   15 87   16  8   17 96   18 29   19 27   20 57 
   1 67    2 77    3 18    4 69    5 77    6 93    7 49    8  6    9 65   10 95   11 60   12 15   13 61   14  6   15 54   16 62   17 53   18  6   19 37   20 57 
   1 69    2 98    3 68    4 66    5 35    6 64    7 45    8 95    9 32   10 76   11 56   12 62   13 89   14 75   15 86   16 22   17 90   18 66   19 46   20 72 
   1 40    2 76    3 78    4 22    5 47    6 69    7 12    8 98    9 66   10 92   11  3   12 69   13 32   14 65   15 10   16 57   17  2   18 89   19 68   20 68 
   1 20    2 74    3 29    4 22    5 12    6 72    7 11    8 17    9 65   10 50   11 78   12 51   13  5   14 62   15 79   16 65   17 95   18 42   19  4   20 18 
   1 77    2 38    3 68    4 72    5 69    6 17    7 28    8 81    9 57   10  1   11 66   12 76   13 50   14 48   15 23   16 91   17  3   18 84   19 82   20 33 
   1 59    2 88    3 85    4 93    5 85    6 71    7 47    8 74    9 10   10 85   11 58   12 91   13 83   14 22   15  5   16 24   17 82   18 34   19 26   20 93 
   1  4    2 91    3 84    4 59    5 44    6 82    7 33    8 62    9 53   10  4   11 27   12 38   13 38   14 68   15 39   16  9   17 19   18 84   19 23   20 84 

