ta117
500 20
   1 21    2 55    3 92    4  5    5 15    6 46    7 81    8 98    9 49   10 86   11 65   12 42   13  7   14 79   15 47   16 82   17 81   18 51   19 52   20 78 
   1 24    2 44    3 84    4 50    5 80    6 57    7 15    8 36    9 34   10 19   11 16   12 44   13 48   14 83   15 96   16 35   17 86   18 19   19 13   20 55 
   1 14    2 32    3 96    4 51    5  2    6 56    7 31    8 43    9 30   10 69   11 91   12 14   13 42   14 86   15 61   16 45   17 37   18 33   19  9   20 17 
   1 21    2 33    3 45    4 84    5 30    6 83    7 27    8 55    9 94   10 12   11  6   12 15   13 45   14 81   15 49   16 50   17 96   18  3   19 24   20 94 
   1 33    2  5    3 95    4 43    5  4    6 60    7 67    8 14    9 48   10 17   11 31   12  2   13 46   14 67   15 25   16 37   17 60   18 10   19 19   20 64 
   1 35    2 85    3  8    4  8    5 69    6 63    7 79    8 11    9 77   10  1   11 36   12 97   13 16   14 36   15 90   16 30   17 36   18  4   19 27   20 24 
   1 34    2 27    3 57    4 95    5 66    6  8    7 32    8 20    9 36   10 30   11 36   12 45   13 11   14 37   15 66   16 97   17 15   18 87   19 12   20 74 
   1 15    2 98    3 33    4 96    5 75    6 14    7 49    8 94    9  8   10  7   11 24   12 71   13  3   14  4   15 49   16 43   17  3   18 41   19 17   20 57 
   1 48    2 42    3 98    4 61    5 97    6 35    7 33    8 53    9 39   10 71   11  4   12 13   13 98   14 39   15 61   16 97   17 69   18 89   19 28   20 23 
   1 45    2 93    3 34    4 79    5 64    6 17    7 94    8 97    9 81   10 75   11 31   12 86   13 60   14 15   15 45   16 56   17 10   18 15   19 37   20 96 
   1 45    2  6    3 40    4 89    5 89    6  4    7 52    8  5    9  5   10 34   11 71   12 22   13 39   14 50   15 49   16 67   17 98   18 22   19 21   20 58 
   1 64    2 17    3 82    4 21    5 49    6 66    7 99    8 63    9 50   10 23   11 33   12 53   13 54   14 76   15 99   16  8   17 67   18 97   19 72   20 68 
   1  4    2 95    3 16    4 66    5 28    6  3    7 92    8 87    9  7   10 93   11 21   12 92   13 22   14  3   15 16   16 65   17  5   18 53   19 42   20 50 
   1 62    2 40    3 47    4 80    5 99    6 26    7 23    8 98    9 68   10 87   11 39   12 54   13 28   14 80   15  5   16 56   17 99   18 10   19 15   20 52 
   1 89    2 62    3 86    4 36    5 51    6 94    7 10    8 67    9 15   10 67   11 66   12 92   13 43   14 37   15 37   16 61   17 72   18 20   19 67   20 15 
   1 59    2 68    3 54    4 42    5 93    6  5    7 42    8 27    9 85   10 66   11 92   12 25   13  7   14 20   15 29   16  4   17 34   18 64   19 11   20 20 
   1 23    2 26    3 45    4 25    5 13    6 73    7 97    8 47    9 19   10 27   11 36   12 67   13 87   14 31   15 11   16 59   17 60   18 79   19 38   20 49 
   1 20    2  6    3  3    4 92    5 59    6 21    7 95    8  6    9 28   10 60   11 33   12 86   13  2   14 27   15 30   16 37   17 70   18 54   19  9   20 18 
   1 12    2 27    3 78    4  9    5 68    6 70    7 46    8 86    9 99   10 31   11 99   12 98   13 11   14 57   15 88   16 85   17 53   18 15   19 88   20 81 
   1 37    2 30    3 80    4 29    5 89    6 51    7 32    8 90    9 14   10 10   11 38   12 58   13 18   14 90   15 70   16 15   17 91   18 29   19 42   20 98 
   1 25    2 99    3 77    4 64    5 62    6 78    7 44    8 20    9  3   10 74   11 32   12 82   13 60   14 88   15 58   16  1   17 94   18 30   19 59   20  9 
   1 10    2 84    3  6    4 62    5 15    6  8    7 47    8 55    9 33   10 27   11 61   12 39   13 15   14 49   15  7   16 99   17 68   18 16   19 81   20 67 
   1 35    2 78    3 44    4 75    5 44    6 50    7 56    8 58    9 85   10 28   11 26   12 71   13 90   14 52   15  7   16 69   17 23   18 68   19 70   20  8 
   1 29    2 80    3 31    4 93    5 68    6 97    7 16    8 37    9 32   10  3   11 51   12 74   13 62   14 71   15 55   16 52   17 80   18 62   19 78   20  7 
   1 36    2 89    3  7    4 30    5 41    6 75    7 25    8 16    9 93   10 87   11 22   12 94   13 27   14 90   15 43   16  2   17 77   18 35   19 82   20 32 
   1  4    2 79    3 18    4 32    5 27    6 54    7 80    8 61    9 64   10 96   11 52   12 28   13 73   14 74   15 71   16 25   17 45   18  3   19  1   20 17 
   1 76    2 12    3  1    4 32    5 45    6 86    7 73    8 42    9 38   10 70   11 48   12 66   13 79   14 35   15 65   16  1   17 93   18 79   19 49   20 40 
   1 90    2 95    3 97    4 85    5 79    6 62    7 18    8 91    9 14   10 78   11 87   12 83   13 14   14 88   15 21   16 30   17 42   18 43   19 65   20 31 
   1 78    2 98    3 20    4 48    5 65    6  2    7 77    8 37    9 72   10 14   11 92   12 70   13 87   14 42   15 91   16 38   17 24   18 65   19 94   20  8 
   1 69    2  8    3 76    4 23    5 97    6 24    7  1    8 66    9 93   10 19   11 76   12 63   13 86   14 93   15 21   16 66   17 32   18 64   19 63   20 44 
   1 38    2 19    3 35    4 26    5 12    6 59    7 41    8 58    9 65   10 77   11 72   12 19   13 97   14 22   15 53   16  6   17 86   18 84   19 56   20 64 
   1 99    2 71    3 12    4 96    5 92    6 90    7 15    8 26    9 42   10 78   11 14   12 38   13 92   14 82   15 59   16 28   17 43   18 16   19 89   20 59 
   1 67    2 74    3 49    4 78    5 28    6 34    7 61    8 14    9 23   10 27   11 72   12 52   13 10   14 34   15 82   16 48   17 87   18 85   19 52   20 26 
   1 96    2 75    3 60    4 11    5 47    6 45    7 90    8 10    9 11   10 24   11 13   12 55   13 68   14 55   15 81   16 22   17 25   18 90   19 57   20 42 
   1 82    2 95    3 10    4 59    5 59    6 61    7 73    8 54    9 80   10 43   11 63   12 20   13 65   14 19   15 53   16 68   17 26   18 87   19 14   20 40 
   1 51    2 90    3 87    4 41    5  4    6 85    7 23    8 87    9 61   10 20   11 63   12 49   13 13   14 32   15 60   16 78   17 60   18 10   19 85   20 17 
   1 34    2 10    3 33    4 79    5 84    6 89    7 62    8 56    9  1   10 66   11 91   12 11   13 85   14  9   15 59   16 58   17 40   18 71   19 20   20  8 
   1  7    2 71    3 35    4 15    5  3    6 71    7 85    8 81    9 71   10 94   11 80   12 42   13 64   14 69   15  5   16 35   17 17   18 44   19 61   20 41 
   1 93    2 36    3  9    4 34    5 36    6 70    7 41    8 81    9 10   10 61   11 21   12 22   13 70   14 93   15 65   16 97   17 76   18 43   19 14   20 22 
   1 45    2 52    3 89    4 27    5 14    6 89    7 57    8 41    9 73   10 31   11 42   12 25   13 72   14  8   15 72   16 11   17 53   18 88   19 95   20 94 
   1 84    2 81    3  4    4 70    5 71    6 95    7 91    8 75    9 53   10 43   11 63   12 90   13 95   14 91   15 33   16 86   17 93   18 26   19 53   20 44 
   1 42    2 64    3 26    4 16    5 88    6 50    7 90    8 65    9 55   10 19   11 61   12 75   13 23   14  6   15  6   16 84   17 66   18 78   19 62   20 72 
   1 13    2  3    3 30    4 78    5 36    6 36    7 96    8 74    9  4   10 94   11 87   12 57   13 93   14 84   15 18   16 95   17 47   18  5   19 27   20 64 
   1  8    2 91    3 63    4 95    5 41    6 46    7  4    8  6    9  5   10 13   11 93   12 93   13 54   14 97   15 79   16 42   17 48   18  3   19 98   20 66 
   1 78    2 64    3 56    4 52    5 17    6 73    7 21    8 60    9 89   10 52   11 61   12  1   13 54   14 57   15  2   16 63   17 25   18 40   19 40   20 29 
   1 63    2 66    3 66    4 92    5 36    6 18    7 77    8 50    9 69   10 76   11 38   12 75   13 29   14 69   15 55   16 16   17 60   18 14   19 69   20 68 
   1 87    2 88    3 75    4 14    5 50    6 56    7 45    8 81    9 30   10 47   11 25   12  7   13 15   14  2   15 93   16 64   17 97   18 91   19 80   20  1 
   1 77    2  7    3 23    4 89    5 14    6 14    7 17    8 43    9 97   10 28   11 95   12 42   13 11   14 84   15 96   16 21   17 91   18 65   19 33   20 42 
   1 28    2 82    3 82    4 68    5 21    6 57    7 59    8 86    9 61   10 35   11 19   12 38   13 60   14 20   15 63   16 20   17 48   18 22   19 36   20 43 
   1 62    2 36    3  8    4  2    5 64    6 71    7 72    8 94    9 65   10 12   11 77   12 98   13 75   14 20   15 72   16 32   17 20   18 29   19 88   20 94 
   1 68    2 83    3 60    4 72    5 39    6 98    7 34    8 20    9 75   10 45   11 29   12  5   13 16   14 81   15 12   16 43   17 44   18 21   19 57   20 99 
   1 14    2 95    3 74    4  1    5 48    6 49    7 37    8 91    9 38   10 10   11 66   12 35   13 15   14 42   15 33   16 22   17 77   18 58   19 72   20 27 
   1 88    2 91    3 68    4 33    5 19    6 24    7  1    8 72    9 88   10 82   11 48   12 45   13 55   14 80   15 31   16 41   17 83   18 68   19 28   20 23 
   1 18    2 40    3  1    4 23    5 91    6 44    7  2    8 78    9 58   10 65   11 99   12 39   13 44   14 91   15 56   16 54   17 97   18 50   19 34   20 51 
   1 11    2 75    3 50    4 60    5 94    6 46    7  7    8 66    9 88   10 83   11 36   12 94   13 89   14 26   15  8   16 47   17 75   18 63   19 76   20 26 
   1 64    2 15    3 32    4 85    5 36    6 16    7 12    8 88    9 90   10 62   11 65   12  8   13 59   14 53   15 73   16 36   17 65   18 70   19 11   20 22 
   1 11    2  4    3 54    4 23    5 67    6 19    7  6    8 30    9 56   10 19   11 92   12 84   13 58   14 72   15 24   16 73   17 92   18 11   19 39   20 84 
   1 29    2 25    3 72    4 99    5 90    6 86    7 56    8 87    9 71   10 51   11 86   12 87   13 73   14 21   15 11   16 63   17 12   18 58   19 54   20 24 
   1 93    2 68    3 86    4 69    5 47    6 90    7 20    8  2    9 84   10 27   11 71   12 57   13 71   14 83   15 91   16 50   17 59   18 99   19 86   20 55 
   1 17    2 91    3 96    4 17    5 64    6 60    7 99    8 69    9 77   10 70   11 33   12 41   13 18   14 15   15 42   16 84   17  7   18 24   19 36   20 12 
   1 24    2 39    3 61    4 85    5 77    6 27    7  8    8 94    9 52   10 25   11 86   12 83   13 26   14 60   15 86   16 42   17 37   18 18   19 94   20 29 
   1 51    2 20    3 13    4 27    5 60    6 58    7 80    8 10    9 38   10 92   11  6   12 16   13 16   14  8   15 11   16 88   17 14   18 16   19 78   20 21 
   1 41    2 85    3 12    4 73    5 88    6 94    7 66    8 35    9 34   10 40   11 88   12 50   13 45   14 11   15 43   16 70   17 80   18 16   19  8   20 87 
   1  1    2 15    3 51    4 77    5 44    6  4    7  1    8 70    9 88   10 37   11 98   12 76   13 81   14 66   15 82   16 75   17 78   18  8   19 56   20 69 
   1 51    2 72    3 94    4 68    5 26    6 76    7  3    8  8    9 39   10 88   11 76   12 17   13 66   14 46   15 73   16 86   17 78   18 31   19 64   20 69 
   1 39    2 95    3 99    4 18    5  2    6 79    7  4    8 45    9 51   10 92   11 93   12 68   13 97   14 91   15 35   16 44   17 63   18 58   19 47   20 54 
   1 74    2 91    3 91    4 85    5 45    6 59    7 62    8 88    9 23   10 91   11 19   12 89   13  3   14 38   15 86   16 78   17 39   18 81   19 40   20 29 
   1 66    2 15    3 41    4 61    5 49    6  1    7  4    8 79    9 56   10 21   11 88   12 61   13 99   14 74   15 53   16 81   17 16   18 16   19 38   20 28 
   1  7    2 86    3 78    4 34    5 48    6 95    7 21    8  3    9 17   10 32   11 38   12 97   13 47   14 80   15 68   16 42   17 39   18 25   19 14   20  7 
   1 60    2 28    3 28    4 84    5 61    6 13    7 17    8 79    9 66   10 55   11  7   12 44   13  3   14  4   15 37   16 34   17 54   18 49   19 75   20 32 
   1 64    2 56    3 50    4 52    5 75    6 72    7 10    8 15    9 16   10 50   11 95   12 87   13 44   14 57   15 95   16 68   17 14   18 35   19  8   20 32 
   1  8    2 58    3 60    4 75    5 41    6 85    7 61    8 38    9 78   10 26   11 57   12 78   13 29   14 70   15 48   16 67   17 60   18 77   19 91   20 94 
   1 86    2 72    3 31    4 60    5  1    6 22    7 84    8 59    9 61   10 87   11 58   12 81   13 31   14 10   15 23   16 76   17  8   18 62   19 73   20 23 
   1 26    2 86    3 91    4 60    5 87    6 87    7 50    8 17    9  5   10 55   11 90   12 33   13 53   14  7   15  1   16 73   17 97   18 95   19 99   20 28 
   1 18    2 43    3 45    4 25    5 16    6 90    7 93    8 97    9 84   10 75   11 73   12 78   13 13   14 52   15 84   16 63   17 14   18 78   19 47   20 31 
   1 58    2 17    3  5    4 99    5 45    6 29    7 96    8 40    9 29   10 95   11 38   12 60   13 62   14  5   15 36   16 53   17 59   18 75   19 65   20 88 
   1 50    2 85    3 94    4 35    5 90    6 11    7 40    8 59    9 55   10 98   11 80   12 54   13 10   14 44   15 89   16 53   17 30   18 22   19 83   20  1 
   1 30    2 61    3 68    4 19    5 50    6 56    7 17    8 82    9 83   10 57   11  2   12 45   13  3   14 94   15 28   16 66   17 58   18 23   19 15   20 13 
   1 89    2 43    3 50    4 50    5 52    6 13    7 70    8 84    9 53   10 35   11 72   12 38   13 86   14 61   15  5   16 46   17 18   18 42   19 19   20 63 
   1 83    2 64    3 93    4 51    5 49    6 25    7 84    8 67    9 53   10 65   11 64   12 87   13 13   14 80   15  4   16 29   17 12   18  3   19 40   20 61 
   1 64    2 36    3 55    4 38    5  5    6 89    7 93    8 38    9 75   10 31   11  4   12 54   13 39   14 38   15 96   16 38   17 82   18 14   19 51   20 68 
   1 96    2  9    3 74    4 24    5  7    6 56    7 91    8 42    9 72   10 80   11 68   12 99   13 29   14  4   15 66   16 18   17  4   18 27   19 73   20 54 
   1 29    2 63    3 63    4 81    5 28    6 57    7 54    8 24    9 90   10 37   11 65   12 84   13 39   14 98   15  5   16 27   17 88   18 24   19 29   20 97 
   1 73    2 90    3 27    4 75    5 63    6 87    7 19    8 51    9 24   10 81   11 70   12 76   13 27   14 74   15 54   16 48   17  1   18 18   19 23   20 11 
   1 42    2 34    3 64    4 59    5 57    6  6    7 40    8 28    9 40   10 33   11 42   12 46   13 81   14 80   15 60   16 47   17 19   18 47   19 26   20 40 
   1 45    2 68    3 69    4 98    5 29    6 49    7 36    8  6    9 60   10 41   11 74   12 86   13 66   14 25   15 98   16 49   17 86   18 13   19  4   20 81 
   1 97    2 34    3 96    4 16    5 25    6 18    7 67    8 56    9 79   10 65   11 48   12 26   13 89   14 63   15  2   16 94   17 30   18 66   19 71   20 99 
   1 82    2 86    3 86    4 74    5 22    6 51    7 10    8 20    9 34   10  2   11 77   12 25   13 21   14 22   15 36   16 55   17  8   18 14   19 23   20 37 
   1 60    2 33    3  9    4 37    5 38    6 86    7 23    8 36    9 91   10  7   11 72   12 58   13 17   14 65   15 68   16 20   17 63   18 25   19 28   20 50 
   1 68    2 17    3 99    4 64    5 91    6 52    7 47    8 97    9 95   10 34   11  6   12 84   13 99   14 46   15 38   16  7   17 24   18 87   19  7   20 48 
   1 62    2 92    3 73    4 38    5 23    6 45    7 68    8 68    9 11   10 69   11 38   12 64   13  6   14 20   15 79   16 40   17 74   18  7   19 81   20 83 
   1 69    2  2    3 82    4 84    5  3    6 83    7 44    8 17    9 49   10 66   11 41   12 57   13 78   14  6   15 50   16 42   17 15   18 76   19 85   20 90 
   1 20    2 65    3 16    4 45    5 46    6 11    7 55    8 12    9 74   10 17   11 76   12 52   13 40   14 98   15 34   16 51   17  8   18 39   19  5   20 83 
   1 42    2 60    3 53    4 69    5 46    6 15    7  6    8 14    9 71   10 25   11 87   12 92   13 58   14 98   15  9   16 55   17 98   18 42   19 26   20  7 
   1 99    2 30    3 20    4 33    5 61    6 70    7 13    8 14    9  2   10  1   11  6   12 17   13 55   14 95   15 81   16 62   17 62   18 73   19 55   20 83 
   1 13    2 93    3 87    4 97    5 34    6 71    7 29    8 12    9 54   10 43   11 15   12 27   13 30   14 31   15  2   16 75   17 30   18 14   19 18   20 32 
   1 50    2  9    3  5    4 89    5 87    6 19    7 69    8 26    9 24   10 43   11 14   12  9   13 17   14 49   15 65   16 62   17 98   18 43   19 92   20 39 
   1 46    2 30    3 62    4 11    5  7    6 91    7  1    8 11    9 79   10 17   11 41   12 81   13 53   14 83   15 55   16 90   17 37   18 24   19 45   20 30 
   1 59    2 82    3 72    4  7    5 13    6 89    7 38    8 17    9 55   10 96   11 12   12 87   13 54   14 75   15 84   16 87   17 36   18 47   19 57   20 30 
   1 65    2 93    3 54    4 37    5 70    6  7    7 85    8  5    9 67   10 10   11 94   12 17   13 83   14 44   15 97   16 99   17 24   18 80   19 64   20 46 
   1 38    2 74    3 58    4 89    5 48    6 93    7 96    8 16    9 35   10 71   11 49   12 58   13 72   14 98   15 39   16 54   17 37   18 75   19 17   20 85 
   1 21    2 83    3 57    4 49    5 12    6 11    7 74    8 61    9 57   10 15   11 71   12 88   13  5   14 87   15 17   16 84   17 43   18 44   19  5   20  4 
   1 32    2 70    3 12    4 82    5 23    6 90    7 36    8 36    9 47   10 61   11 72   12 99   13 67   14  2   15  7   16 73   17 41   18 16   19  8   20 63 
   1  6    2 35    3  2    4 92    5 52    6 88    7 38    8 12    9 28   10 68   11 85   12 91   13 90   14 64   15 44   16 12   17 78   18 97   19 35   20 12 
   1 96    2 57    3 33    4 56    5 71    6 50    7 15    8 70    9  6   10  3   11 92   12 34   13 82   14 26   15 67   16  3   17 32   18  3   19  3   20 77 
   1 10    2 13    3 19    4 64    5  8    6 14    7 46    8 89    9 50   10 99   11 75   12 31   13 25   14 89   15 97   16 57   17 60   18 84   19 39   20 62 
   1 81    2 67    3 80    4 48    5 20    6  2    7 15    8 50    9 39   10 20   11 80   12  3   13 20   14 87   15 47   16 67   17 71   18 52   19 33   20  9 
   1 14    2 19    3 93    4 40    5 97    6 61    7 86    8 69    9 56   10  4   11 15   12 93   13 68   14 79   15 66   16 92   17 34   18 76   19 63   20 28 
   1 31    2  8    3 55    4 71    5 52    6 39    7 76    8 63    9 25   10 81   11 13   12 82   13 67   14 65   15 86   16 30   17 90   18 53   19 62   20 46 
   1  1    2  3    3 78    4 44    5 59    6 96    7 79    8 18    9  2   10 71   11 51   12 10   13 15   14 86   15 61   16 28   17 40   18 19   19 59   20 54 
   1  4    2 11    3 85    4  9    5 99    6 95    7 18    8 38    9 56   10 73   11 45   12 71   13 50   14 50   15 99   16 18   17 74   18 52   19 57   20 26 
   1  6    2 60    3  1    4 20    5 15    6 40    7 65    8 17    9 36   10  4   11 89   12 43   13 20   14 48   15 49   16 74   17 44   18 24   19 87   20 58 
   1 94    2 13    3  1    4  4    5 43    6  9    7 26    8 84    9 28   10 59   11 11   12 87   13 74   14  1   15 81   16 16   17 25   18 78   19 11   20 56 
   1 84    2 72    3 12    4 59    5 65    6 47    7  2    8 15    9 66   10 59   11 52   12 34   13 65   14 85   15 49   16 53   17 12   18 77   19  2   20 62 
   1 52    2 46    3 95    4 27    5 18    6  8    7 14    8 66    9 61   10  4   11 25   12 34   13 27   14 68   15 57   16 94   17 13   18 93   19 18   20 24 
   1 18    2 62    3 47    4 73    5 18    6 45    7 21    8 24    9 29   10 22   11 17   12 93   13 99   14 50   15  9   16 23   17 96   18 27   19 41   20 20 
   1 59    2 30    3 70    4 30    5 25    6 95    7  8    8 65    9 16   10 57   11 30   12 64   13 86   14 26   15  1   16  1   17 66   18 78   19 92   20 16 
   1 86    2 37    3 80    4 55    5 50    6 79    7 85    8 35    9 18   10  7   11 46   12 91   13 24   14 93   15 26   16 15   17 40   18 37   19 39   20 97 
   1 64    2 49    3 18    4 38    5 42    6 56    7 19    8 58    9 50   10 34   11 16   12  4   13 27   14 10   15 26   16 87   17 29   18 20   19 90   20 50 
   1 18    2 88    3 10    4 60    5 94    6 50    7 47    8 86    9  2   10 30   11 11   12 97   13 93   14 70   15 81   16 53   17 47   18 50   19 90   20 44 
   1 99    2 71    3 93    4 72    5 66    6 32    7  5    8 81    9 58   10 85   11 92   12 49   13 69   14 41   15 30   16 44   17 28   18 23   19 16   20 33 
   1 99    2 80    3 89    4 30    5 89    6 45    7 63    8 88    9 89   10 55   11 39   12 25   13 46   14 37   15 35   16 17   17 77   18 21   19 25   20 18 
   1 97    2 55    3 49    4 57    5 42    6 13    7 48    8 46    9 10   10 39   11 26   12 62   13 29   14 77   15 15   16 94   17 30   18 26   19 26   20 70 
   1 29    2 83    3 97    4 19    5 61    6 75    7 20    8 91    9 24   10 97   11 62   12 95   13 68   14 39   15 72   16 12   17 90   18 33   19 14   20 92 
   1 61    2 92    3 32    4 27    5 24    6 56    7 77    8 96    9 40   10  2   11  7   12 58   13 93   14 82   15 70   16 80   17 95   18 17   19 86   20 50 
   1 85    2 35    3 84    4  4    5 23    6 83    7 30    8 82    9 71   10 91   11 38   12 35   13 27   14 39   15 18   16 44   17 37   18 80   19 83   20 85 
   1 35    2 78    3 97    4 44    5 24    6 31    7 19    8 44    9 53   10 51   11 18   12  5   13 66   14 99   15 18   16 13   17 56   18 70   19 45   20 92 
   1 42    2 25    3 29    4 67    5 88    6 54    7 45    8 67    9 21   10 13   11 41   12 29   13 71   14 93   15 68   16 77   17 27   18 12   19 67   20 33 
   1 92    2 29    3 54    4 19    5 60    6 39    7 95    8 55    9 92   10 46   11 67   12 74   13 60   14 37   15 32   16 88   17 27   18 88   19 91   20 28 
   1 63    2 21    3  3    4 49    5 41    6 86    7 94    8 79    9 37   10 75   11 88   12 37   13 85   14 53   15 67   16 64   17 51   18 62   19 67   20 15 
   1 87    2 39    3 22    4 95    5 92    6 97    7 14    8 91    9 39   10 24   11 91   12 56   13 25   14 88   15 81   16 97   17 80   18 53   19 93   20 86 
   1  7    2 92    3 29    4  2    5 76    6 81    7 19    8 46    9 93   10 34   11 37   12 62   13 72   14 90   15 74   16 54   17 14   18 35   19  8   20 67 
   1 40    2 23    3 35    4 98    5 21    6 75    7 86    8 43    9 87   10 11   11  9   12 57   13 23   14 25   15 53   16 69   17 53   18  7   19 97   20 84 
   1 55    2 78    3 73    4 46    5 14    6 13    7  8    8 44    9 87   10 52   11 54   12 64   13 91   14 44   15 95   16 79   17 10   18 36   19 73   20 92 
   1 67    2 64    3 64    4 88    5  6    6 66    7 67    8 77    9 10   10 13   11 82   12 84   13 32   14 85   15  4   16  5   17 82   18  8   19 11   20 24 
   1 16    2 69    3 24    4 50    5  6    6 98    7 29    8 16    9 47   10 72   11 87   12  4   13 13   14 24   15 67   16 39   17 57   18 80   19 84   20 32 
   1 94    2 68    3 46    4 23    5 12    6 98    7 18    8 66    9 31   10 10   11 67   12 54   13 96   14 96   15 34   16 38   17 62   18 55   19 40   20 65 
   1 28    2 62    3 23    4 68    5 28    6  9    7 46    8 59    9 75   10 63   11 65   12 71   13 15   14  7   15 88   16 11   17 54   18 20   19 46   20 28 
   1 80    2 11    3 86    4 45    5  7    6 33    7 68    8 86    9  9   10 75   11 81   12 52   13 89   14 41   15 46   16 20   17 91   18 54   19 62   20 74 
   1 23    2 35    3 20    4 51    5 66    6 72    7 36    8 30    9 24   10 26   11 51   12 47   13  3   14 27   15 94   16 25   17 59   18 43   19 67   20 85 
   1  3    2 17    3 52    4 12    5 67    6 88    7 62    8 34    9  8   10 17   11 36   12 68   13 92   14 88   15 11   16  5   17  9   18 64   19 81   20 79 
   1  3    2 87    3 28    4  3    5 13    6 87    7 54    8 18    9 27   10 37   11 71   12 87   13 76   14 60   15 20   16 23   17 91   18 91   19 50   20 58 
   1 90    2 58    3 94    4 42    5 67    6 80    7 23    8 51    9 73   10 75   11  5   12 51   13  7   14 89   15 32   16 84   17 47   18 97   19 81   20 45 
   1 40    2 49    3 55    4 34    5 64    6 88    7 22    8 10    9 49   10 32   11 98   12 72   13 41   14 31   15 84   16 98   17  4   18  7   19 89   20 50 
   1 16    2 52    3 24    4 31    5 82    6  5    7 15    8 62    9 41   10 48   11 15   12 80   13 36   14 53   15 31   16 71   17 40   18 30   19 20   20 91 
   1 31    2 78    3 86    4 48    5 15    6 64    7 47    8 27    9 60   10 86   11 97   12  3   13 58   14 49   15 33   16 50   17 26   18 89   19 31   20 83 
   1 13    2 66    3 39    4 64    5 43    6 93    7 90    8 85    9 98   10  8   11 65   12 96   13 90   14 26   15 67   16 46   17 46   18 16   19 77   20 86 
   1 65    2 51    3 23    4 34    5 62    6 76    7 58    8 67    9 53   10 71   11 89   12 72   13  6   14 93   15 81   16 17   17 85   18  1   19 75   20 94 
   1  1    2 80    3 92    4 13    5 52    6 65    7 96    8 60    9 18   10 30   11 70   12 79   13  8   14 44   15 75   16 33   17 99   18 73   19 32   20 31 
   1 75    2 62    3  7    4 77    5 55    6 40    7 17    8 24    9 64   10 16   11 90   12 85   13 42   14 60   15 20   16 78   17 60   18 53   19 54   20 53 
   1 24    2 63    3 22    4 48    5 54    6 30    7 52    8 63    9 74   10 14   11 17   12 61   13 78   14 47   15 13   16 26   17 77   18 56   19 87   20 31 
   1 76    2  7    3 68    4 76    5 66    6 15    7 13    8 61    9 17   10  7   11 19   12 62   13 91   14 47   15 12   16 88   17 76   18 59   19 66   20 23 
   1 88    2 46    3 35    4 76    5 23    6 12    7 29    8 88    9 62   10 52   11 71   12 74   13 62   14 33   15 30   16  3   17 48   18 47   19 95   20 43 
   1 80    2 25    3 51    4 85    5 15    6 83    7 81    8 80    9  5   10 43   11 88   12  6   13 61   14 52   15 52   16 56   17 92   18  7   19 20   20 23 
   1 79    2  8    3 34    4 31    5 64    6 35    7  8    8 20    9 86   10 44   11 43   12 92   13 11   14 65   15  2   16 17   17 88   18 96   19 98   20 77 
   1 76    2 69    3 27    4  1    5 87    6 46    7 76    8 77    9 18   10 99   11 19   12  4   13 68   14 94   15 25   16 22   17 23   18 98   19 26   20 13 
   1 23    2 80    3  9    4 97    5 75    6 40    7 24    8 28    9 27   10 53   11 27   12  3   13 75   14 68   15 66   16 32   17 64   18 33   19 16   20 84 
   1 85    2 52    3  5    4 43    5 91    6 61    7 73    8 70    9 86   10 43   11 24   12  8   13 51   14 97   15 36   16 71   17 62   18 25   19 76   20 73 
   1 53    2 52    3  8    4 89    5 34    6 37    7 77    8 90    9 74   10 81   11 90   12 30   13 64   14 28   15 61   16 91   17 63   18 41   19 88   20 38 
   1 38    2 82    3 75    4 35    5 83    6 25    7 68    8 50    9 40   10 36   11 95   12 60   13 67   14 30   15 14   16 32   17 38   18 88   19 75   20 23 
   1 52    2 46    3 76    4 24    5 23    6 86    7 73    8 60    9  9   10 27   11 21   12 73   13  1   14 33   15 36   16 27   17 28   18 68   19 35   20 52 
   1 39    2 86    3 54    4 61    5 70    6 57    7 81    8 70    9 58   10 18   11 31   12 11   13  9   14 24   15 30   16 31   17 32   18 25   19 36   20 97 
   1 28    2 77    3 19    4 74    5 56    6 88    7 33    8 19    9 78   10 73   11 94   12  4   13 16   14 13   15 43   16 30   17 63   18 54   19 53   20 22 
   1 92    2 40    3 81    4 39    5 86    6 49    7 50    8 28    9 48   10 27   11 66   12 72   13 52   14 35   15 34   16 64   17 64   18 87   19 64   20 93 
   1 85    2 78    3 26    4 49    5 34    6 41    7  4    8 77    9 92   10 68   11 10   12 24   13 19   14 97   15 10   16 39   17 10   18 72   19 78   20  9 
   1 18    2 95    3 30    4 18    5 32    6 46    7 45    8 23    9 95   10 61   11 40   12 39   13 86   14 35   15 90   16 85   17 68   18 65   19 96   20 44 
   1 86    2 17    3 48    4 96    5 36    6 23    7 40    8 91    9 70   10 42   11 52   12 61   13 44   14 68   15 86   16 88   17 48   18 65   19 51   20 36 
   1  7    2  9    3 56    4 97    5  2    6 84    7 59    8 47    9 96   10 28   11 63   12  4   13 25   14 88   15 32   16 35   17 29   18 67   19 38   20 12 
   1 22    2 24    3 69    4 13    5 45    6 46    7 23    8  2    9 93   10 89   11 54   12 83   13 39   14 49   15 29   16 56   17 82   18 63   19 42   20 26 
   1 97    2 31    3 27    4 91    5 27    6 90    7 99    8  6    9 80   10 80   11 11   12 37   13 21   14 80   15 38   16 46   17  6   18 22   19 74   20 77 
   1 63    2 94    3 53    4 17    5 18    6 99    7 69    8 57    9 68   10 45   11 26   12 14   13 34   14 68   15 12   16 20   17  9   18 47   19 63   20 75 
   1 44    2 87    3 77    4 20    5 54    6  4    7 63    8 47    9 97   10 83   11 55   12 23   13 57   14 55   15 37   16 22   17  7   18 96   19 29   20 58 
   1 33    2 38    3 59    4 30    5 85    6 24    7 66    8 21    9 55   10 42   11  8   12 19   13 82   14 70   15 78   16  8   17 37   18 57   19 78   20 23 
   1  9    2 84    3 37    4 60    5 10    6 97    7 28    8 32    9 50   10 34   11 65   12 27   13 31   14 64   15 60   16 32   17 40   18 41   19  1   20 84 
   1 92    2 87    3 52    4 32    5 64    6 94    7 46    8 69    9 64   10 23   11 83   12 22   13 94   14 10   15  8   16 84   17  1   18 24   19 45   20 80 
   1 33    2 20    3 10    4 29    5 90    6 32    7 71    8 84    9 87   10 66   11 97   12 27   13 84   14 70   15 43   16 67   17 17   18  4   19 13   20 11 
   1 98    2 20    3 23    4 28    5 32    6  4    7 59    8 62    9 70   10 26   11  9   12 22   13  4   14 88   15 80   16 60   17 72   18 35   19 50   20 95 
   1 57    2 18    3 72    4 67    5 35    6  2    7 74    8 12    9  6   10 45   11 37   12 67   13 26   14 87   15 37   16 68   17 25   18 22   19 51   20 85 
   1 54    2 56    3  4    4 23    5 73    6 98    7 73    8 94    9 56   10 13   11 28   12 41   13 63   14  3   15 71   16 74   17 26   18 84   19  4   20 80 
   1 60    2 51    3 12    4 64    5 77    6 75    7 57    8 18    9 46   10 15   11 51   12 82   13 54   14  4   15 71   16 13   17 79   18 56   19 87   20 98 
   1 37    2 43    3  4    4 87    5 37    6 62    7 78    8 36    9 93   10 97   11 48   12 64   13 36   14 82   15 32   16 82   17 67   18 53   19 20   20 41 
   1  7    2 19    3 45    4  7    5 65    6 31    7 38    8 75    9 62   10 12   11 91   12 23   13 98   14 67   15 51   16 70   17  8   18 83   19 23   20 44 
   1 83    2 59    3  4    4 10    5 95    6 12    7  1    8 89    9 47   10 91   11 87   12 60   13 89   14 36   15 66   16 84   17 81   18  1   19 55   20 91 
   1 38    2 72    3 25    4 54    5  5    6 43    7 88    8 59    9 98   10 15   11 81   12 11   13 63   14 40   15 90   16 89   17  3   18 98   19 31   20 47 
   1  1    2 27    3 22    4 53    5 11    6 45    7 42    8 38    9 47   10 12   11 82   12 46   13 38   14 43   15  8   16 63   17 84   18 75   19 62   20 93 
   1 76    2 91    3 90    4 68    5  4    6 83    7 10    8 84    9 94   10 76   11 34   12 30   13 79   14 75   15 74   16 46   17 45   18 37   19 27   20 92 
   1 51    2 15    3 34    4  3    5 39    6  6    7 67    8 39    9 62   10 68   11 36   12 10   13 37   14 85   15 29   16 66   17 46   18  4   19 54   20 52 
   1 35    2 60    3 84    4 75    5 24    6 80    7 86    8 48    9 76   10 93   11 11   12 32   13 42   14 44   15 15   16  2   17 78   18 39   19 58   20 75 
   1 95    2 58    3 79    4 73    5  2    6 40    7 24    8 47    9 40   10 45   11 99   12 27   13 20   14  1   15 90   16 44   17 14   18 70   19 75   20 96 
   1 63    2 28    3 54    4 81    5 98    6 49    7 98    8 53    9 22   10 25   11 23   12 52   13 48   14 35   15  2   16 13   17 95   18 12   19 17   20  2 
   1 92    2 82    3  4    4 90    5  8    6 55    7 85    8  1    9 55   10 32   11 80   12 49   13  8   14 31   15 71   16 40   17 31   18 74   19 77   20 60 
   1  8    2 71    3 26    4 16    5 90    6 37    7 54    8 88    9 78   10 33   11 11   12 64   13 15   14 21   15 92   16 83   17 49   18 38   19 99   20  2 
   1 86    2 18    3 88    4 82    5 64    6 50    7 48    8 25    9 86   10 38   11  3   12 69   13 83   14 47   15 38   16 36   17 47   18 84   19 51   20 35 
   1 46    2 62    3 26    4 14    5 31    6 71    7 39    8 54    9 15   10 44   11 22   12 47   13 22   14 79   15 58   16 83   17 37   18  3   19 37   20 54 
   1 70    2 99    3 24    4 39    5 79    6 36    7 19    8 74    9 53   10 69   11 20   12 60   13 84   14 19   15 15   16 60   17  9   18 59   19  3   20 21 
   1 11    2 71    3 64    4 18    5 63    6 21    7 90    8 90    9 22   10 18   11 86   12 11   13 95   14 20   15 31   16 43   17  2   18 76   19 50   20 95 
   1 88    2  9    3 93    4  1    5 36    6 65    7 57    8 68    9 60   10 81   11 65   12 50   13 48   14 78   15 60   16 11   17 21   18 61   19 11   20 63 
   1 96    2 45    3 14    4 72    5 29    6 98    7 83    8 45    9 85   10 17   11 48   12 93   13 18   14 20   15 74   16 62   17 85   18 33   19 47   20  6 
   1 81    2 96    3 30    4 14    5 97    6 99    7 92    8 53    9 61   10 98   11 72   12 90   13 63   14 81   15 15   16 32   17  3   18 80   19 75   20 50 
   1 86    2 24    3 75    4 43    5 69    6 99    7 31    8 85    9 15   10 25   11 94   12  4   13 29   14 74   15 60   16  9   17 75   18 53   19 46   20 14 
   1 99    2 93    3 34    4 53    5 84    6 80    7 56    8 34    9  6   10 56   11 69   12 13   13 49   14 19   15 53   16 18   17 63   18 11   19 20   20 74 
   1  9    2 80    3 99    4 47    5 96    6 23    7 21    8 76    9 78   10 74   11 70   12 35   13 10   14 56   15 67   16 73   17 33   18 18   19 27   20 74 
   1 36    2 72    3  7    4 27    5  2    6  8    7 61    8 35    9 15   10 96   11 31   12  6   13 26   14 63   15 81   16 90   17 26   18 82   19 77   20 21 
   1 56    2 89    3 23    4 75    5 65    6 65    7 64    8 84    9 69   10 68   11 63   12 29   13 32   14 82   15 86   16 60   17 80   18 31   19 31   20 73 
   1 10    2 89    3 98    4 16    5 57    6 82    7 90    8 78    9 86   10 45   11 19   12 93   13 64   14 94   15 32   16 50   17 23   18 23   19 45   20  8 
   1  5    2 66    3 78    4 50    5 86    6 11    7 46    8 64    9 51   10 46   11 52   12 12   13 53   14 15   15 91   16 82   17 30   18 67   19 78   20 33 
   1 90    2 48    3 29    4 81    5  6    6 90    7 29    8 57    9 52   10 72   11 56   12 26   13 58   14 59   15 32   16 95   17 70   18 99   19 75   20 29 
   1 70    2 49    3 26    4 47    5 85    6 21    7 40    8 38    9 76   10 61   11 42   12 83   13 40   14 67   15 82   16 54   17 75   18 62   19 89   20 10 
   1 11    2 39    3 14    4 57    5 36    6 56    7 81    8 91    9 58   10 75   11 48   12 48   13 74   14 30   15 40   16 60   17  7   18 43   19 71   20 87 
   1 28    2 60    3 61    4 16    5 20    6 41    7 43    8 70    9  3   10 55   11 84   12 81   13 53   14  7   15 43   16 65   17  2   18 50   19  4   20 29 
   1 95    2 55    3 87    4 66    5 21    6 40    7 97    8 13    9 35   10 63   11 38   12 75   13 71   14 24   15 79   16 91   17 90   18 71   19 79   20 22 
   1 23    2  4    3 67    4 54    5 25    6 97    7 11    8 50    9 73   10 34   11 39   12 28   13 50   14 38   15 43   16 13   17 85   18 64   19 73   20 40 
   1 43    2 42    3 17    4 12    5 31    6 57    7 41    8 85    9 23   10 54   11 16   12  5   13 85   14 25   15 73   16 45   17 29   18 21   19 51   20  3 
   1 32    2 17    3  8    4 76    5 24    6 90    7 44    8 68    9 71   10 60   11 98   12  5   13  5   14  8   15 78   16 47   17 31   18 88   19 78   20 26 
   1 17    2 30    3 96    4 88    5 39    6 34    7 43    8 88    9 62   10 56   11 41   12 81   13 31   14 54   15 53   16 84   17 55   18 42   19 43   20 80 
   1 11    2 65    3 25    4 37    5 80    6 15    7 33    8 51    9 30   10  8   11 67   12 85   13 12   14 43   15 92   16 73   17 11   18 84   19 21   20 73 
   1 68    2 56    3 26    4 54    5  1    6 29    7 50    8 17    9 58   10 40   11 90   12 97   13 95   14  4   15 15   16  8   17 16   18 99   19 59   20 32 
   1 60    2 83    3 27    4 39    5 13    6 49    7 63    8 76    9  5   10 81   11 80   12 75   13 64   14 39   15 78   16 42   17 81   18  6   19 59   20 67 
   1  5    2 10    3 11    4 36    5 67    6 80    7 58    8 54    9 16   10  9   11 26   12 19   13 56   14  8   15 97   16 98   17 10   18 57   19 32   20 56 
   1 53    2 92    3 61    4 91    5 76    6 65    7 13    8 82    9 80   10 19   11 60   12 91   13 61   14 31   15 49   16 73   17 35   18 31   19 65   20 78 
   1  7    2 56    3 79    4 19    5 29    6 83    7 68    8 56    9 99   10 28   11 13   12 80   13 33   14 45   15 91   16 33   17 77   18 89   19 58   20 76 
   1 43    2 75    3 38    4 72    5 51    6 65    7 11    8 34    9 54   10 70   11 63   12 48   13  2   14  5   15 78   16 38   17 78   18  8   19 74   20 45 
   1 30    2 43    3 77    4 48    5 54    6 52    7 19    8 53    9  8   10 71   11 42   12 88   13 28   14 28   15 94   16 22   17 38   18 37   19 15   20 20 
   1 71    2 75    3 44    4  4    5 33    6  2    7 68    8 78    9 95   10 35   11 99   12  6   13 29   14 31   15  1   16 80   17  3   18 79   19 91   20 97 
   1  9    2 16    3 45    4 98    5 84    6 75    7 43    8 62    9 12   10 34   11 49   12 79   13 78   14  9   15 72   16 54   17 28   18 28   19 10   20 66 
   1 99    2 13    3 77    4  4    5 65    6 50    7  7    8  7    9 89   10 62   11 76   12 44   13 72   14 35   15 48   16 22   17 58   18 69   19 28   20  6 
   1 49    2 77    3 82    4 13    5 79    6  6    7 66    8 15    9 18   10 89   11  7   12 66   13 81   14 99   15 10   16 25   17 93   18 96   19 18   20 75 
   1 22    2 20    3 31    4 56    5 23    6 80    7  9    8 55    9 30   10 70   11 65   12 31   13 71   14 13   15 66   16 88   17 23   18 97   19  1   20 32 
   1 89    2  7    3 37    4 23    5 83    6 37    7 74    8 12    9 34   10 98   11 48   12  5   13 32   14 65   15 44   16 25   17 96   18 64   19 73   20 61 
   1 99    2 45    3 89    4 79    5 43    6  4    7 39    8 20    9 35   10 92   11 12   12 59   13 13   14 61   15 65   16 20   17 15   18 26   19 37   20 15 
   1 98    2 63    3 67    4  2    5  5    6 97    7 58    8 32    9  1   10 12   11 23   12 32   13 54   14 78   15 45   16 16   17 61   18 87   19 10   20 30 
   1 21    2 76    3 99    4 34    5 62    6 47    7 79    8 47    9 41   10 95   11 19   12 54   13 99   14 75   15 24   16 22   17 15   18 17   19 54   20 16 
   1 48    2 76    3 15    4  9    5 99    6 19    7  4    8 86    9 65   10 51   11 86   12 14   13 33   14 89   15 82   16 57   17 79   18 16   19 74   20 13 
   1 10    2 46    3  7    4  5    5 95    6 59    7 58    8 67    9 63   10  3   11 83   12 36   13 65   14 75   15  2   16 35   17 55   18  8   19 23   20 11 
   1 93    2 69    3 45    4 75    5 65    6 34    7 46    8 39    9 81   10 38   11 11   12 73   13 32   14 61   15 23   16 50   17 74   18 80   19 74   20 63 
   1 31    2 63    3 27    4 70    5  8    6 54    7 30    8 96    9 15   10 93   11 72   12  7   13 64   14 58   15 58   16 21   17  3   18 63   19 79   20 14 
   1 13    2 49    3 15    4 34    5 32    6 55    7 24    8 29    9 56   10 35   11 58   12 22   13  4   14 81   15 55   16 68   17 44   18 82   19 67   20 24 
   1 39    2 62    3 84    4 96    5  1    6 85    7 48    8 23    9  9   10 67   11  9   12 78   13 17   14 10   15 69   16 35   17 26   18 28   19 60   20 68 
   1 38    2 26    3 89    4 57    5 73    6 20    7 18    8 32    9 58   10 79   11 97   12 12   13 80   14 58   15 19   16 25   17 62   18 38   19 61   20 82 
   1 36    2 93    3 85    4 25    5 75    6 31    7 82    8 45    9 82   10 35   11 90   12  4   13 71   14 60   15 92   16 48   17 30   18 64   19 21   20 48 
   1 21    2 53    3 49    4 15    5 15    6 24    7 64    8 16    9 45   10 46   11 40   12 29   13 74   14 81   15 39   16 94   17 10   18 37   19 93   20 52 
   1 80    2 49    3 16    4 28    5 27    6  7    7 51    8 36    9 43   10 11   11 86   12 86   13 19   14 24   15  2   16  8   17 69   18 25   19 28   20 91 
   1 39    2 17    3 45    4 38    5 66    6 38    7  5    8  7    9 91   10 24   11 87   12 76   13 98   14 92   15 51   16 73   17 54   18 22   19 38   20 75 
   1 59    2 31    3 83    4 18    5 32    6 37    7 19    8 25    9 12   10 83   11 99   12 52   13 18   14 13   15 39   16 28   17 26   18  2   19 10   20 15 
   1 65    2 74    3 75    4 58    5 36    6 52    7 18    8 47    9  6   10 88   11 73   12 49   13 16   14 79   15 87   16 41   17 99   18 29   19 76   20  6 
   1 70    2 68    3 58    4 44    5 92    6 86    7 24    8  1    9 54   10 79   11 33   12 81   13 46   14 77   15 39   16 67   17  1   18 86   19 86   20 84 
   1 80    2 42    3 79    4 50    5 37    6  2    7 28    8 42    9  3   10 25   11 55   12 28   13  8   14 69   15 13   16 39   17 28   18 55   19 43   20 49 
   1 90    2 96    3 35    4 81    5 97    6 20    7 47    8 70    9 27   10 91   11 13   12 63   13 34   14 48   15 13   16 32   17 24   18 13   19 49   20 83 
   1 75    2 71    3 56    4  1    5 47    6 60    7 51    8 32    9 54   10 98   11 28   12 74   13 48   14 30   15 39   16 17   17 91   18 48   19 31   20 23 
   1 95    2 37    3 90    4 48    5  6    6 85    7 38    8 42    9 36   10 71   11 90   12 65   13 85   14 88   15 88   16 17   17 79   18  7   19 78   20 53 
   1 15    2 30    3 12    4 13    5 41    6 93    7 90    8 20    9 11   10 34   11 54   12 67   13 35   14 56   15 20   16 31   17 60   18 32   19 29   20 43 
   1 20    2  6    3  7    4 55    5 43    6  5    7 62    8 25    9  7   10 99   11 41   12 52   13 81   14 59   15  4   16 94   17 70   18 29   19 27   20  4 
   1 83    2 56    3 53    4 23    5 10    6 32    7 57    8 90    9 17   10 41   11 55   12 77   13 89   14 17   15 34   16 83   17 72   18 15   19 87   20  5 
   1 72    2  7    3 56    4  6    5 47    6 95    7 16    8 30    9 52   10  9   11 63   12 82   13 75   14 61   15 57   16 95   17 73   18 15   19 20   20 91 
   1 93    2 90    3 25    4 54    5 63    6 15    7 42    8 77    9 36   10 26   11 71   12 84   13 24   14 98   15 96   16 13   17 79   18 86   19 68   20  9 
   1 66    2 74    3  3    4  9    5  6    6 70    7 42    8 18    9 83   10 85   11 63   12 94   13 83   14 96   15 71   16 14   17 15   18 72   19  6   20 75 
   1 12    2 35    3 49    4 11    5 55    6 92    7 67    8 69    9 20   10 61   11 49   12  2   13 15   14 15   15  8   16 11   17 76   18 66   19 91   20 11 
   1 92    2 87    3 71    4 69    5 68    6 96    7 16    8 45    9 57   10 89   11 85   12 52   13 16   14 93   15 34   16 44   17 35   18 32   19 63   20 31 
   1 61    2 51    3 64    4 88    5 78    6 61    7 38    8 12    9  6   10 67   11 52   12 25   13 56   14  6   15  7   16 48   17 44   18 20   19 33   20 24 
   1 84    2 23    3 15    4 87    5 98    6 12    7 36    8  5    9 21   10 19   11 58   12 10   13  9   14 72   15 75   16  2   17 26   18  4   19 20   20 52 
   1  2    2 62    3 83    4 61    5 92    6 54    7 22    8 39    9 24   10 18   11 44   12 77   13 43   14 70   15 26   16 44   17 62   18 54   19 12   20 34 
   1 20    2 69    3 83    4 95    5 96    6 98    7 80    8 71    9 77   10 17   11 62   12 83   13 39   14 18   15 44   16 23   17 42   18 84   19 54   20 75 
   1 38    2  3    3 19    4 74    5 28    6 70    7 59    8  7    9 45   10 53   11 31   12 67   13 62   14 41   15 60   16 67   17 41   18 84   19 52   20 22 
   1 31    2 43    3 18    4 40    5 68    6 63    7 73    8 41    9  2   10 89   11 54   12  6   13 81   14 81   15  8   16 25   17 51   18 73   19 39   20 93 
   1 63    2 37    3 35    4 12    5 44    6 71    7 22    8 68    9 48   10  6   11 84   12 39   13 34   14 16   15 87   16  9   17 70   18 61   19 16   20 20 
   1 23    2 51    3 65    4 81    5 20    6 48    7 46    8 71    9 14   10 38   11 84   12 77   13 27   14 81   15  5   16 59   17 53   18 30   19 26   20 56 
   1 93    2 55    3 53    4 23    5 46    6 65    7 60    8 96    9 24   10 31   11 97   12 49   13  7   14 38   15 28   16 13   17 32   18 19   19 34   20 64 
   1 85    2 91    3 63    4 55    5 94    6  9    7 63    8 90    9  7   10 66   11  7   12 24   13 62   14 24   15 99   16 81   17 59   18 75   19 14   20 35 
   1 66    2 17    3 81    4 68    5 73    6 47    7 53    8 20    9 31   10 78   11 57   12 87   13 99   14 89   15 21   16 27   17 40   18 20   19 81   20  2 
   1 80    2 70    3 44    4 39    5 89    6 43    7 98    8 94    9 25   10 11   11  1   12 61   13 44   14 45   15 69   16  9   17 74   18 83   19 26   20 23 
   1 49    2 67    3 19    4 26    5 73    6 89    7 88    8 66    9 89   10 87   11 92   12 61   13  9   14 52   15 98   16 39   17 75   18 37   19 69   20 99 
   1 62    2  7    3 98    4 73    5  8    6 83    7 95    8 63    9 42   10 80   11 57   12 95   13  2   14 27   15 15   16 69   17 92   18 77   19 21   20 58 
   1  1    2 15    3  7    4 68    5 15    6 64    7 62    8 83    9 62   10 75   11 62   12 36   13 62   14 46   15 63   16 89   17 24   18 43   19  2   20 21 
   1 67    2 96    3 61    4 42    5 22    6 68    7  3    8 58    9 39   10 87   11 98   12 72   13 24   14 43   15 68   16 55   17 68   18 63   19 56   20 22 
   1 84    2 25    3 14    4 39    5 23    6 79    7 53    8 64    9 84   10 72   11 69   12 87   13 48   14 14   15 94   16 66   17 77   18 92   19 82   20 74 
   1 29    2 78    3 52    4 32    5 27    6 82    7  9    8 59    9 28   10 29   11 78   12 33   13 73   14 98   15 20   16 34   17 74   18 28   19 16   20 45 
   1  9    2 81    3  9    4 37    5 84    6 70    7 18    8 90    9 18   10 14   11 61   12 22   13  4   14 35   15 94   16  1   17 44   18 24   19 91   20 97 
   1  5    2  4    3 14    4 81    5 62    6 48    7 24    8 61    9  9   10  5   11 84   12 13   13 46   14 25   15 58   16 59   17  4   18 11   19 53   20 51 
   1 83    2 21    3 31    4 44    5 90    6 62    7 76    8 89    9 91   10 56   11 79   12 30   13  3   14 11   15 82   16 53   17 91   18  3   19 26   20 53 
   1 74    2  4    3 30    4 49    5 64    6 94    7 67    8 68    9 22   10 82   11  2   12 80   13  7   14 92   15 87   16 82   17 22   18 20   19 51   20 83 
   1 19    2 24    3 76    4 68    5 48    6  1    7 71    8 39    9 59   10 18   11  5   12 82   13 80   14 59   15 78   16 78   17 73   18 99   19 49   20 83 
   1 53    2 74    3 82    4 89    5 34    6 21    7 30    8 66    9 20   10 86   11  9   12  4   13 85   14 46   15 32   16 64   17 66   18 44   19 54   20  7 
   1 11    2 56    3  4    4 95    5 90    6 96    7 83    8 57    9  1   10 69   11  2   12 25   13 58   14 35   15 12   16 84   17 27   18 37   19 45   20  1 
   1 75    2 95    3 58    4 85    5 73    6  2    7 97    8 79    9 50   10 36   11  4   12 55   13 81   14 28   15 67   16 37   17 30   18 84   19 33   20 28 
   1 77    2 45    3 22    4 22    5 15    6 98    7 20    8 94    9 24   10  8   11 83   12 22   13 42   14 87   15  2   16 75   17 54   18 47   19 82   20 35 
   1 64    2 19    3 30    4 43    5 86    6 12    7 61    8 63    9 63   10 49   11 47   12  4   13 92   14 73   15 38   16 99   17 73   18 77   19 63   20 83 
   1 45    2 67    3 20    4 16    5 46    6 46    7 12    8 48    9 98   10 19   11 47   12 74   13 18   14 80   15 17   16 68   17 41   18 22   19  1   20 77 
   1 21    2 66    3 13    4 87    5 99    6 71    7 46    8 69    9 36   10 21   11 37   12 77   13  6   14 50   15 87   16 13   17 92   18 75   19 92   20 54 
   1 52    2  7    3 18    4 95    5 60    6  5    7 16    8 66    9 37   10 89   11  4   12 43   13 33   14 71   15 24   16 14   17 43   18 16   19 62   20 80 
   1 88    2 25    3 32    4 34    5 32    6 29    7 84    8 79    9 28   10 14   11 12   12 12   13 48   14 75   15 83   16 85   17 40   18 27   19  3   20 93 
   1 16    2 81    3 12    4  5    5 70    6 67    7 47    8 25    9 79   10 13   11 71   12 75   13 97   14 38   15 74   16 95   17 53   18 57   19 76   20 54 
   1 88    2  6    3 43    4  5    5 61    6 47    7 79    8 18    9  4   10 96   11 85   12 25   13 44   14 25   15 27   16 52   17 97   18 58   19  7   20 43 
   1  1    2 95    3 56    4 97    5 53    6 16    7 68    8 69    9 35   10 50   11 42   12 85   13 53   14 88   15 90   16 16   17 21   18 37   19 10   20 16 
   1 52    2 63    3 85    4 50    5 92    6 41    7 77    8 32    9 93   10 94   11 51   12 85   13 88   14 38   15 35   16 56   17 66   18 55   19  7   20 67 
   1 51    2 15    3 13    4 67    5 20    6 30    7 64    8 43    9 17   10 33   11 26   12 67   13 60   14 28   15 26   16 70   17 55   18 59   19 67   20 42 
   1 74    2 69    3 24    4 59    5 61    6 43    7  3    8 10    9 11   10 33   11 90   12 84   13 23   14 74   15 71   16 80   17 91   18 52   19 17   20 76 
   1 29    2 94    3 22    4 61    5 13    6 62    7 66    8 52    9 59   10 60   11 31   12 91   13 68   14 79   15 91   16  5   17 28   18 69   19 13   20 75 
   1  7    2 79    3 91    4 75    5 68    6 81    7 78    8 41    9 21   10 90   11 16   12 51   13 47   14 24   15 26   16  3   17 11   18 25   19 82   20 29 
   1 27    2 72    3 42    4 25    5 22    6 65    7 60    8 75    9 23   10 22   11  2   12 74   13 80   14 33   15 81   16  3   17 59   18 37   19 26   20 66 
   1 17    2 80    3 83    4 38    5 93    6 97    7 28    8 92    9 37   10 44   11 10   12 66   13 97   14  7   15 37   16 30   17 27   18 37   19 53   20 76 
   1 20    2 59    3 51    4 71    5 23    6 35    7 41    8  3    9 23   10 86   11 80   12 31   13  2   14 21   15 45   16 71   17 32   18  3   19 31   20 41 
   1 52    2 67    3 44    4 62    5 28    6 37    7 99    8 46    9 95   10 75   11 56   12 54   13 52   14 92   15 29   16 30   17 65   18 29   19 40   20 45 
   1 53    2 20    3 30    4  9    5 69    6 10    7 20    8 92    9  9   10 18   11 89   12 27   13 78   14 84   15 26   16 88   17 64   18 76   19 74   20 67 
   1 61    2 69    3 35    4 80    5 93    6 71    7 64    8 49    9 32   10 71   11  8   12 70   13 31   14 78   15 94   16 77   17 22   18 61   19  8   20  2 
   1 47    2 85    3  4    4 34    5 44    6 78    7 49    8 14    9 28   10 35   11 39   12 58   13 54   14  3   15 60   16 33   17 39   18 80   19  2   20 60 
   1 38    2 76    3 68    4 93    5 11    6 38    7 53    8 34    9 61   10 75   11 44   12 13   13 66   14 18   15 66   16  7   17 69   18  8   19 70   20 26 
   1 36    2 89    3 60    4 32    5 82    6 26    7 35    8 53    9 81   10 88   11 13   12  9   13  3   14 21   15 39   16 61   17 82   18 34   19 66   20 39 
   1 58    2 62    3  8    4 94    5 44    6 56    7 38    8 87    9 32   10 66   11 66   12 57   13 83   14 89   15 71   16 22   17 14   18 58   19 15   20 13 
   1  3    2 85    3 18    4 94    5 85    6 18    7 61    8 63    9 45   10  1   11 80   12 25   13 63   14 91   15 46   16 19   17 85   18 94   19 83   20 32 
   1 46    2 61    3  8    4 35    5 33    6 37    7 34    8  1    9 46   10 88   11  8   12 58   13 37   14 63   15 11   16 94   17 68   18 11   19 79   20  9 
   1 69    2 48    3 87    4 13    5 51    6 43    7 85    8 91    9 32   10 53   11 37   12 51   13 35   14 93   15  6   16 48   17 75   18 65   19 95   20 78 
   1 43    2 18    3 15    4 14    5  3    6 48    7 71    8 44    9 17   10 28   11 11   12 71   13 90   14 53   15 45   16 59   17  2   18  1   19 45   20 70 
   1 16    2 48    3 67    4 39    5 48    6 69    7 71    8 40    9 13   10 30   11 40   12  9   13 39   14 72   15 34   16 64   17  3   18 30   19 21   20 76 
   1 23    2 59    3 40    4 12    5 41    6 65    7 98    8 35    9 73   10 88   11 83   12 57   13 44   14  4   15 87   16 51   17 62   18 84   19 89   20 86 
   1 93    2 81    3 78    4 45    5  4    6 15    7 55    8 96    9 69   10 72   11 57   12 12   13 43   14 67   15 26   16 26   17 60   18 42   19 87   20 21 
   1 48    2  7    3 74    4 30    5 75    6 17    7  5    8  3    9 77   10 65   11 48   12 17   13 81   14 94   15 78   16 43   17 99   18 28   19 94   20 51 
   1 64    2 56    3  6    4 42    5 83    6 63    7 70    8 97    9 20   10 14   11 26   12 49   13 89   14 25   15 79   16 91   17 17   18 53   19 89   20 37 
   1 84    2 93    3 24    4 12    5 34    6 98    7 45    8 47    9 66   10 21   11 64   12 84   13 72   14 57   15 13   16 65   17 11   18 14   19 67   20 91 
   1 41    2 31    3 47    4 17    5 98    6 52    7 28    8 27    9  3   10 31   11 79   12 18   13  3   14 38   15 36   16 99   17 59   18 72   19 12   20 43 
   1 59    2 65    3  8    4  6    5 75    6 13    7  4    8  5    9  2   10 98   11  7   12 37   13 29   14 36   15 69   16 17   17 64   18 11   19 54   20 83 
   1 57    2 78    3  9    4 31    5 50    6 34    7 18    8 52    9 58   10 49   11 53   12 26   13 61   14 10   15 45   16 47   17 80   18 81   19 11   20 79 
   1 76    2 41    3 29    4  7    5 43    6 18    7  7    8  7    9  7   10 24   11  5   12 44   13 18   14 35   15  2   16 37   17 71   18 58   19 26   20 68 
   1 91    2 66    3 30    4 89    5 95    6  6    7 17    8 72    9 14   10 30   11 17   12 18   13 77   14  1   15 66   16 75   17  3   18 58   19 56   20 89 
   1 12    2 73    3 91    4  3    5 19    6 61    7 29    8 56    9 26   10  7   11  8   12 45   13 24   14  8   15 86   16 11   17 11   18 42   19 13   20 99 
   1 35    2 58    3 82    4 26    5 76    6 54    7  5    8 67    9 76   10 30   11 56   12  9   13 71   14 23   15 17   16 86   17 26   18 89   19  1   20 20 
   1  9    2  7    3 10    4 19    5 31    6 86    7 40    8 32    9 72   10 41   11 46   12 79   13 75   14 67   15 89   16 16   17 37   18 66   19 50   20 21 
   1 64    2 74    3 90    4 33    5 11    6 38    7 46    8 84    9 66   10  8   11 61   12 42   13 68   14 95   15 23   16 57   17 63   18 85   19 35   20 68 
   1 35    2 47    3 49    4 56    5 21    6 55    7 67    8 72    9 65   10 85   11 78   12  5   13 35   14 73   15 15   16 29   17 76   18 57   19 83   20 18 
   1 92    2 84    3 35    4 91    5 90    6 18    7 75    8  4    9 61   10  2   11 95   12 71   13 48   14 60   15 42   16 54   17 93   18 58   19 66   20 73 
   1 29    2 76    3 76    4  3    5 74    6 54    7 36    8  3    9 15   10 58   11 20   12  4   13 68   14 95   15 76   16 33   17  9   18 73   19 38   20 32 
   1 13    2 16    3 71    4 88    5 82    6 96    7 52    8  8    9 90   10 14   11 55   12 76   13 72   14 47   15 52   16 31   17 41   18 32   19 51   20 13 
   1 54    2  2    3 84    4 50    5  5    6  7    7 26    8 68    9 39   10 41   11 42   12  9   13 62   14 56   15 28   16 10   17  7   18 84   19 51   20  9 
   1 51    2 12    3 77    4 91    5 96    6 68    7 55    8 19    9 69   10 98   11 76   12 59   13 88   14 63   15 80   16 42   17 81   18 64   19 15   20 18 
   1 86    2 84    3 66    4 63    5 98    6 30    7 45    8 37    9 49   10 39   11  1   12 78   13 85   14 43   15 14   16 40   17 50   18 51   19 72   20  2 
   1 32    2 19    3 98    4 76    5 22    6 14    7 47    8 57    9 85   10 98   11 70   12 45   13 57   14 13   15 67   16 63   17 53   18  7   19 39   20 28 
   1 82    2 36    3 59    4 64    5 10    6  3    7 40    8 80    9 86   10  1   11 29   12 53   13 97   14 34   15 11   16 36   17 94   18 30   19 96   20 75 
   1 75    2 82    3 13    4 55    5 19    6 45    7 24    8 48    9  6   10 51   11  5   12 95   13 99   14 47   15 51   16 37   17 14   18 30   19 55   20 50 
   1 72    2 81    3 51    4 60    5 67    6 29    7  3    8 61    9 62   10 51   11 12   12 24   13 86   14 74   15 25   16 69   17 88   18 53   19 71   20 14 
   1 78    2 66    3 48    4 71    5 50    6 18    7 11    8 65    9 54   10 80   11 14   12 72   13 13   14 66   15 96   16 26   17 51   18 64   19  3   20 20 
   1 81    2  5    3 19    4 50    5 49    6 66    7 71    8  6    9 74   10  5   11 18   12 59   13 33   14  1   15 90   16 71   17 56   18 94   19 87   20 88 
   1 56    2 94    3 23    4 35    5 53    6 65    7 53    8 94    9 90   10 54   11 27   12 89   13 83   14 29   15 46   16 97   17 48   18 15   19 63   20 75 
   1 55    2 71    3 22    4 59    5 90    6 39    7 83    8  4    9 90   10 96   11 22   12 91   13 19   14 91   15 99   16 36   17 10   18  3   19 60   20 85 
   1 72    2 30    3 12    4 20    5 48    6 27    7 83    8 95    9 53   10 83   11 58   12 59   13 49   14 40   15  4   16 97   17 17   18 20   19 35   20 32 
   1 46    2 14    3 13    4 37    5  1    6 74    7 12    8 33    9 65   10 12   11 61   12 49   13 75   14 26   15 62   16 45   17 94   18 36   19  9   20 92 
   1 76    2 58    3 52    4  1    5 75    6 69    7  5    8 58    9 57   10 31   11 78   12 10   13 38   14 72   15 26   16 34   17 21   18 37   19 19   20 38 
   1 65    2 44    3 25    4 41    5  8    6 46    7 96    8 87    9 76   10 92   11 40   12 78   13 29   14 23   15 88   16 77   17  1   18 22   19 47   20 19 
   1 81    2 16    3 47    4 58    5 14    6 85    7 11    8 49    9 43   10 91   11  4   12 32   13 54   14 73   15 78   16 30   17 15   18 55   19 72   20 70 
   1 63    2 72    3 79    4 75    5 80    6 32    7 89    8 84    9 50   10 40   11 84   12 59   13 36   14 85   15 78   16 62   17 54   18 14   19 24   20  4 
   1 96    2 74    3 16    4 55    5 51    6 86    7  3    8 59    9  1   10  5   11 21   12 18   13 78   14 88   15  3   16 58   17 34   18 45   19 88   20 76 
   1 29    2 22    3 80    4 54    5 13    6 33    7  9    8 66    9 37   10 41   11 43   12 52   13 22   14 59   15 48   16  1   17 80   18 81   19 40   20 62 
   1 14    2 72    3 61    4 12    5 62    6 50    7 27    8 78    9 41   10 21   11 11   12 79   13 97   14  4   15 58   16 70   17 15   18 41   19 46   20 90 
   1 27    2 60    3 40    4 15    5 67    6 13    7 20    8  7    9 87   10 54   11 78   12  6   13 26   14 79   15 89   16 16   17 41   18 19   19 79   20 55 
   1 74    2 61    3  3    4 52    5 51    6 57    7 57    8 24    9 66   10 97   11 15   12 82   13 24   14 15   15  1   16 76   17 35   18 37   19 11   20 67 
   1 96    2 29    3 95    4 61    5 83    6 95    7 16    8 48    9 37   10 67   11 19   12 68   13 15   14 58   15 96   16 78   17 35   18 77   19 36   20 37 
   1 14    2  3    3 68    4 65    5 63    6 11    7 32    8 33    9 33   10 47   11 24   12 61   13 11   14 13   15 35   16 24   17 15   18  9   19 29   20 42 
   1 32    2 31    3 40    4 60    5 42    6 18    7 58    8 41    9 52   10 42   11 97   12 22   13 84   14 20   15 32   16 53   17 74   18  2   19 55   20 92 
   1 62    2 64    3 99    4 21    5 42    6 34    7 93    8  7    9 98   10  4   11 16   12 41   13 97   14 57   15  7   16  9   17 62   18 22   19 77   20 47 
   1 96    2 23    3 19    4 71    5 69    6 12    7 19    8 93    9 58   10 87   11 27   12 69   13  5   14 36   15 74   16 39   17  1   18 89   19 46   20 45 
   1 84    2 34    3 81    4 87    5 22    6 77    7 99    8 78    9  6   10 68   11 23   12 67   13 55   14 46   15 32   16  9   17 67   18 67   19 12   20 63 
   1 59    2 28    3 65    4  9    5  7    6 17    7 25    8 25    9 34   10 80   11  8   12 53   13 86   14 52   15  7   16 85   17 68   18 62   19 69   20 50 
   1 41    2 43    3 70    4  8    5 14    6 82    7  7    8 94    9 74   10 62   11 73   12 53   13 89   14 87   15 55   16 24   17 42   18 57   19 87   20 69 
   1 38    2 54    3 52    4  3    5 75    6 86    7 96    8 27    9  9   10 70   11 95   12 48   13 17   14 57   15 63   16 75   17 98   18 40   19 29   20 58 
   1  3    2 68    3 63    4 11    5 34    6 59    7 31    8 59    9 91   10 74   11 14   12 44   13 73   14 46   15 51   16 27   17 12   18  4   19 24   20  9 
   1 55    2  4    3 32    4 59    5 92    6 42    7 82    8 36    9 97   10 13   11  4   12 54   13 77   14 58   15 51   16 28   17 83   18 13   19 18   20 62 
   1  6    2 51    3 55    4 17    5 49    6 29    7 96    8 58    9 69   10 48   11  8   12 62   13 12   14 25   15 53   16 86   17 75   18 60   19 30   20 65 
   1 62    2 60    3 48    4 16    5 31    6 66    7  3    8 86    9 93   10 74   11 88   12 83   13 94   14  2   15 52   16 16   17 46   18 17   19 12   20 37 
   1 61    2 71    3  2    4 14    5 33    6 99    7 62    8 93    9 35   10 22   11 88   12 42   13 87   14 36   15 41   16 24   17 59   18 75   19 90   20 99 
   1 48    2 88    3 18    4 28    5 83    6 57    7 84    8 82    9 76   10  7   11 62   12 72   13 34   14 40   15 40   16 67   17 91   18 24   19 63   20 13 
   1 45    2  2    3 42    4 71    5 52    6  7    7 48    8 73    9 60   10 25   11 96   12 89   13  8   14 10   15 36   16 42   17 17   18 62   19 94   20 60 
   1 24    2 55    3 94    4 28    5 73    6 65    7 76    8 25    9 21   10 70   11 76   12 32   13 94   14 65   15 52   16 18   17 35   18 53   19 61   20 85 
   1 99    2 11    3 89    4 45    5 81    6 64    7 28    8 78    9 39   10 31   11 18   12 42   13  2   14 11   15 66   16 78   17 49   18 52   19 64   20 72 
   1 15    2 49    3 98    4 78    5 71    6 28    7 42    8 68    9 51   10 47   11 18   12 84   13 67   14  7   15  9   16 88   17 36   18 80   19 84   20 77 
   1 51    2 46    3 84    4 71    5 48    6 85    7 33    8 46    9 52   10 35   11 18   12 13   13 46   14 91   15 88   16 76   17 40   18  5   19 88   20  8 
   1 45    2 52    3 62    4 66    5 91    6 66    7 80    8 74    9 55   10 73   11 76   12 36   13 93   14 60   15 49   16 84   17  6   18 76   19  5   20 41 
   1 92    2 53    3 80    4  2    5  5    6 80    7 14    8 32    9 18   10 19   11 89   12 21   13 65   14 74   15 90   16  8   17 74   18  6   19 42   20 15 
   1 98    2 25    3 38    4 29    5 76    6  3    7 22    8 64    9  6   10  4   11 83   12 96   13 68   14 85   15 53   16 37   17 81   18  1   19 77   20 35 
   1 83    2 87    3 25    4 23    5 61    6  9    7  1    8 15    9 32   10 44   11 33   12 73   13 13   14 18   15 57   16 36   17 12   18 54   19 23   20 96 
   1 36    2 15    3 39    4 73    5 56    6 61    7  4    8  1    9 22   10 79   11 67   12 65   13 42   14 86   15 56   16 79   17 29   18 63   19 92   20 92 
   1 48    2  9    3 75    4 39    5  5    6 14    7 53    8 28    9  3   10 90   11 21   12 89   13 15   14 86   15 68   16 81   17 94   18 67   19 46   20 86 
   1  9    2 35    3 56    4 29    5 70    6 26    7 91    8 56    9 95   10 31   11 12   12 49   13  2   14 76   15  2   16 90   17 80   18 71   19 58   20 53 
   1 80    2 61    3 21    4 77    5 75    6 25    7 51    8 23    9 32   10 17   11 29   12 18   13 48   14 75   15 54   16 24   17  5   18 27   19 16   20 87 
   1 23    2 32    3 97    4  9    5 39    6 15    7 45    8 82    9 82   10 95   11 68   12 30   13 57   14 15   15 48   16 60   17 80   18 47   19  8   20 27 
   1 40    2 75    3 82    4 97    5 80    6 27    7 66    8 38    9 68   10  3   11 66   12 15   13 44   14 46   15 79   16 69   17 69   18 62   19 64   20 27 
   1 34    2 34    3 17    4 34    5 17    6 32    7 99    8 43    9 76   10 89   11 22   12 42   13 25   14  5   15 59   16 10   17 22   18 75   19  1   20 49 
   1  5    2 74    3 27    4  5    5 53    6 63    7  3    8 13    9 47   10 20   11 17   12 33   13 65   14 24   15  3   16 45   17  4   18 13   19 46   20 54 
   1 50    2 32    3 99    4 55    5 24    6 90    7 56    8 88    9 43   10 63   11 33   12 61   13 18   14 29   15 36   16  8   17 46   18 33   19 54   20 44 
   1 86    2 57    3 18    4 48    5 48    6 33    7 23    8 57    9 31   10 29   11 99   12  2   13 61   14 67   15  8   16 26   17 23   18 94   19 11   20 11 
   1 17    2 68    3 49    4 46    5 81    6 14    7 34    8  3    9 47   10 18   11 89   12 23   13 34   14 77   15 98   16 72   17 47   18 78   19 60   20  6 
   1 70    2 85    3 63    4 99    5 30    6 35    7 63    8 81    9 25   10 92   11 80   12 92   13 76   14 13   15 36   16 98   17 67   18 55   19 97   20 34 
   1  1    2 93    3 87    4 46    5  7    6 45    7  9    8 58    9 11   10 38   11  3   12 73   13 80   14 14   15 54   16 12   17 31   18 41   19  2   20 33 
   1 44    2 18    3 78    4  5    5 55    6 10    7 12    8 16    9 80   10 96   11  3   12 89   13 25   14 63   15 83   16 74   17 94   18 72   19 47   20 10 
   1 75    2 60    3 17    4 27    5 80    6 89    7 29    8 73    9 45   10 28   11 42   12 59   13 99   14 86   15 43   16 99   17 65   18 61   19 29   20 94 
   1 81    2 63    3 24    4 58    5 74    6 78    7 64    8 51    9 48   10 64   11 33   12 72   13  4   14 86   15 56   16 45   17  8   18 29   19 99   20 51 
   1 81    2 61    3 12    4 54    5 66    6 67    7 21    8 31    9 71   10 90   11 62   12 81   13 84   14 70   15 31   16 62   17  4   18 45   19 55   20 41 
   1 26    2 58    3 59    4 26    5 50    6 56    7 33    8 73    9 80   10 85   11 85   12 69   13 70   14 58   15 56   16 66   17 10   18 20   19 49   20  8 
   1 17    2 81    3 52    4 52    5 16    6 62    7 28    8 67    9 47   10 20   11 17   12 27   13 37   14 27   15 65   16 79   17 77   18  6   19 18   20 49 
   1 29    2  4    3 36    4 45    5 60    6 82    7 40    8 41    9 74   10 83   11 45   12 99   13 53   14 22   15 90   16  7   17 32   18 17   19 83   20 21 
   1  8    2 62    3 32    4 74    5 19    6 31    7 19    8 13    9 95   10 49   11 30   12 27   13 47   14 19   15 68   16  8   17 97   18 85   19 87   20 65 
   1 70    2 35    3 83    4 96    5 26    6 76    7 84    8 25    9 49   10 27   11 51   12  8   13 92   14 53   15 85   16 23   17 31   18 97   19  7   20 91 
   1 62    2 92    3 21    4 67    5 62    6 17    7 58    8 10    9 56   10 35   11 33   12 91   13 71   14 77   15 88   16 85   17 72   18 64   19 62   20 53 
   1 23    2 47    3  2    4 35    5 96    6  4    7 39    8 42    9  2   10 73   11 62   12 29   13  7   14 49   15  9   16 71   17 74   18 32   19 99   20 83 
   1 99    2 34    3 34    4 87    5 33    6 91    7 13    8 70    9 88   10 65   11 26   12 59   13 25   14 94   15 54   16 99   17 22   18 12   19 10   20 96 
   1 82    2  2    3 24    4 64    5 61    6 32    7 41    8 96    9 64   10 47   11 41   12 62   13 53   14 29   15 90   16 31   17 19   18 39   19 34   20 54 
   1 38    2 99    3 63    4 74    5 53    6  1    7 52    8 82    9 64   10 61   11 35   12 59   13 38   14 61   15 57   16 71   17 53   18 39   19 42   20 58 
   1 31    2 31    3 54    4 86    5  5    6 31    7 64    8 21    9 83   10 39   11 28   12 85   13 56   14 21   15 10   16 81   17 24   18 30   19 41   20 36 
   1 18    2 33    3 18    4 85    5 99    6  9    7 45    8 21    9  4   10 72   11 76   12 88   13 80   14 58   15 77   16  3   17 13   18 99   19 60   20  3 
   1 18    2 39    3 60    4 19    5 22    6 98    7 77    8 90    9 56   10 20   11 56   12 51   13 16   14 39   15 18   16 25   17 27   18  7   19 70   20 47 
   1 16    2 68    3 61    4 52    5  9    6 60    7 23    8 48    9 83   10 11   11 80   12 42   13 71   14 52   15 44   16 66   17 98   18 37   19 86   20 63 
   1 53    2 43    3 69    4 70    5 14    6 22    7 32    8 17    9 91   10 93   11 74   12 80   13 73   14 72   15 89   16 55   17 37   18 64   19 59   20 78 
   1 80    2 84    3 81    4 79    5  9    6 17    7 34    8 60    9 28   10 18   11 23   12  8   13 89   14 19   15 31   16 70   17  3   18 41   19 54   20  9 
   1 29    2 87    3 72    4 63    5 74    6 34    7 45    8 44    9 63   10 53   11 31   12 68   13 74   14 86   15  6   16 21   17 97   18 59   19 82   20 11 
   1  4    2  5    3 94    4 92    5 19    6 48    7  2    8 42    9 54   10 27   11 56   12 19   13 69   14 34   15 96   16 74   17 62   18 95   19 95   20 42 
   1 63    2 76    3 86    4 83    5 25    6 17    7 95    8 99    9 31   10 58   11 80   12 16   13 17   14  9   15 91   16 53   17 78   18 50   19 50   20 68 
   1 49    2 99    3  6    4 99    5 52    6 36    7 17    8 34    9 89   10 76   11 82   12 83   13 77   14 63   15 47   16  1   17  8   18 42   19 86   20 89 
   1 40    2 43    3  7    4 79    5 77    6 42    7 21    8 72    9 19   10  9   11 61   12 33   13  5   14 94   15 76   16 54   17 61   18  6   19 47   20 30 
   1 37    2  6    3 67    4 52    5  6    6 63    7  9    8 53    9 32   10 58   11 34   12 58   13 46   14  8   15 45   16 28   17 25   18 82   19 54   20 48 
   1 26    2  7    3 41    4 92    5 73    6 12    7 67    8 92    9 63   10 16   11 83   12  6   13 49   14 25   15 84   16 23   17 86   18 61   19 70   20 47 
   1 85    2 40    3 57    4  3    5 68    6 98    7 60    8 88    9 66   10 42   11 35   12 58   13  3   14 54   15 67   16 47   17 48   18 11   19 96   20 33 
   1 89    2 10    3 45    4 51    5 19    6 46    7 30    8 61    9 78   10 43   11 14   12 53   13 39   14 87   15 54   16  9   17 54   18 27   19 41   20 33 
   1 22    2  1    3 59    4 61    5 60    6 87    7 27    8 69    9  3   10 49   11 33   12 45   13 89   14 75   15 42   16  6   17 50   18 54   19 78   20 50 
   1 57    2 20    3 56    4 60    5 70    6 37    7 32    8 27    9 52   10 97   11 79   12 83   13 39   14 11   15 58   16 27   17  8   18 29   19 82   20 39 
   1 73    2  6    3 20    4 18    5 20    6 94    7  2    8 11    9 70   10 52   11 25   12 22   13  7   14 86   15  2   16 48   17 75   18 72   19 62   20 17 
   1  4    2 53    3 99    4 91    5 33    6 66    7 51    8 60    9 68   10 23   11 34   12 21   13 64   14 35   15 75   16  4   17 62   18 14   19 54   20  7 
   1 32    2  5    3 93    4 73    5 97    6 20    7 32    8 60    9 70   10 83   11 90   12 31   13 88   14 83   15 37   16 34   17 88   18 28   19  5   20 78 
   1 79    2  3    3 69    4 98    5 60    6 59    7 25    8 78    9 34   10 11   11 19   12 41   13 63   14 32   15 99   16 31   17 39   18 95   19 21   20 67 
   1 72    2 19    3 61    4 10    5 46    6 12    7 92    8 90    9 80   10 66   11 81   12 82   13 60   14 11   15 49   16 15   17 37   18  7   19 96   20 15 
   1  8    2 86    3  7    4 15    5 67    6 76    7  8    8 35    9 31   10 64   11 83   12 12   13 89   14 36   15 19   16  3   17 20   18 16   19 41   20 39 
   1 48    2 62    3 85    4 58    5 77    6  1    7  8    8 17    9 73   10 96   11 73   12 78   13 58   14 36   15 72   16 26   17 81   18 72   19 59   20 64 
   1 94    2 58    3 74    4 30    5 41    6 19    7 77    8 86    9 88   10 33   11 92   12 68   13  2   14 29   15 94   16 48   17 14   18 53   19 23   20 66 
   1 87    2 96    3 34    4 73    5  3    6 68    7 90    8 30    9 60   10 49   11  2   12 40   13 54   14 47   15 48   16 14   17 19   18 81   19 82   20 59 
   1 91    2 11    3 13    4  5    5 76    6 27    7 97    8 89    9 10   10 35   11  9   12  1   13 34   14 43   15 91   16  3   17 48   18  8   19 17   20 68 
   1 16    2 48    3 19    4 41    5 18    6 53    7 78    8  8    9 88   10 43   11 94   12 99   13 73   14 65   15 20   16 27   17 67   18 89   19 27   20 90 
   1  5    2 52    3  5    4 93    5 76    6 88    7 37    8 62    9 99   10 32   11 87   12 68   13 62   14 43   15 54   16 70   17 43   18 19   19 13   20 17 
   1 19    2 78    3 47    4 35    5 25    6 16    7  3    8 25    9 90   10 22   11 77   12 37   13 67   14 24   15 17   16 22   17 50   18 53   19 31   20 70 
   1 99    2 45    3 77    4 94    5 86    6 58    7 64    8 14    9 71   10 16   11 56   12 54   13 43   14 14   15 59   16 25   17 58   18 77   19 76   20 76 
   1 37    2 79    3 35    4 92    5 70    6 74    7 41    8 39    9 34   10 34   11 10   12 86   13 35   14  2   15 42   16  9   17  4   18 33   19 70   20 25 
   1 44    2 82    3 54    4 32    5 68    6 46    7  7    8 17    9 67   10 18   11 88   12 78   13 63   14 85   15 82   16 36   17 97   18 10   19 32   20 53 
   1  1    2  2    3  3    4 49    5 50    6 69    7 35    8 81    9 85   10 32   11 25   12  6   13 43   14 62   15 86   16 43   17 97   18 22   19 81   20 13 
   1 88    2 94    3 95    4 55    5 69    6 74    7 98    8 57    9 65   10 71   11 12   12 30   13 87   14 56   15 63   16  2   17  2   18 63   19 63   20 73 
   1 60    2 11    3 56    4 18    5 80    6 70    7 76    8 85    9 39   10 33   11 25   12 53   13 88   14  6   15 44   16 92   17 30   18 16   19 69   20 55 
   1 43    2 95    3 93    4 40    5 92    6 13    7 51    8 32    9 56   10 64   11 73   12 52   13 23   14  5   15 82   16 94   17 12   18 24   19  8   20 46 
   1  4    2 54    3 82    4  6    5 65    6 95    7 95    8 28    9  7   10 81   11 18   12 48   13 67   14 99   15 39   16 94   17 68   18 65   19 96   20 78 
   1  9    2 83    3 88    4 24    5 32    6 53    7 62    8 94    9 47   10 39   11 64   12 11   13 69   14 69   15 64   16 11   17 27   18 94   19 45   20 93 
   1 17    2 53    3 19    4 23    5  9    6 32    7  2    8 82    9 84   10  1   11 65   12 24   13  9   14 37   15 93   16 76   17 35   18  4   19 83   20 70 
   1 12    2 19    3 68    4 68    5 52    6 25    7 28    8 46    9 94   10 46   11 64   12 58   13 73   14 58   15 40   16  2   17 36   18 19   19 94   20 96 
   1 46    2 89    3 89    4  9    5 28    6 46    7 68    8 99    9 11   10 52   11 19   12 47   13 98   14 51   15 53   16 47   17 93   18  8   19  1   20 49 
   1  1    2 15    3  4    4 60    5 24    6 10    7 35    8 48    9 81   10 81   11 50   12 79   13 46   14 46   15  6   16 57   17 56   18 21   19 11   20 24 
   1 97    2 34    3 76    4  7    5 14    6 19    7 10    8 71    9  2   10 26   11 73   12 29   13 42   14 81   15 57   16 64   17 55   18 40   19 70   20 65 
   1 78    2 59    3 92    4 83    5 80    6 34    7 26    8 79    9  2   10 87   11 41   12 92   13 51   14  5   15  8   16 58   17 95   18 36   19 89   20 82 
   1 41    2 94    3 72    4 29    5 27    6 38    7 71    8 36    9 98   10 68   11 87   12 42   13 97   14 26   15 10   16  9   17 67   18 84   19 51   20  2 
   1 71    2 14    3 62    4  4    5 67    6  8    7 82    8 22    9 30   10 18   11 89   12 75   13 42   14 64   15 64   16 49   17 87   18 15   19 79   20 56 
   1 86    2 69    3 94    4 13    5 21    6 34    7 64    8 28    9 21   10 14   11 21   12 96   13 70   14 68   15 52   16 91   17 17   18 85   19 52   20 93 
   1 63    2 28    3 56    4 82    5 21    6 97    7 81    8 53    9 78   10 83   11 47   12 84   13 38   14 54   15 10   16  3   17 82   18 61   19 11   20 61 
   1 17    2 60    3 23    4 76    5 27    6 81    7 61    8  2    9 11   10 27   11 59   12 75   13 43   14 63   15 29   16 22   17 93   18 38   19 58   20 51 
   1 23    2 94    3 66    4 74    5 22    6 16    7  8    8 32    9 78   10 22   11 28   12 67   13 47   14 39   15 98   16 95   17 73   18 92   19 68   20 44 
   1 81    2 68    3 12    4  4    5 41    6 68    7 16    8 88    9 15   10  3   11  2   12 28   13 70   14 41   15 48   16 21   17 49   18 36   19 15   20 15 
   1 83    2 62    3 55    4 72    5 63    6 73    7  5    8 13    9 25   10 49   11 29   12 37   13 37   14 56   15 66   16 74   17 94   18 93   19 40   20 88 
   1 81    2 48    3  1    4 84    5 21    6 95    7 98    8  9    9  9   10 15   11 43   12 70   13 75   14 21   15 70   16 26   17 26   18 88   19 12   20 27 
   1 49    2 15    3 85    4 40    5 14    6 44    7 60    8  9    9 66   10 45   11 53   12 86   13 92   14 26   15 69   16 75   17  7   18 68   19 45   20  9 
   1 33    2 55    3  4    4 48    5 74    6 74    7 40    8 11    9 65   10 82   11 88   12 93   13 91   14 71   15 72   16 53   17 62   18 92   19  4   20 59 
   1 16    2  7    3 44    4  8    5 67    6 34    7 69    8 93    9 63   10 97   11 56   12 72   13 58   14 46   15 54   16 41   17 79   18 73   19 85   20 92 
   1 37    2 16    3 89    4 70    5 53    6 13    7 25    8 33    9 12   10 17   11 85   12 65   13 57   14 27   15 70   16  6   17 29   18 65   19 65   20 42 
   1 63    2 39    3 96    4 64    5 77    6 10    7 18    8 38    9 65   10 43   11 71   12 53   13 87   14 68   15 62   16 32   17 84   18 66   19 71   20 19 
   1  1    2  9    3  2    4 26    5 50    6 14    7 26    8 32    9 32   10  1   11 48   12 71   13 95   14 86   15 25   16 96   17 15   18 56   19 27   20 58 
   1 87    2 22    3 50    4 71    5 64    6 51    7 44    8 88    9 57   10 55   11 57   12 35   13 43   14 28   15 73   16 34   17 33   18 46   19 34   20  5 
   1 20    2 81    3 47    4 77    5  1    6 63    7 93    8 33    9  5   10 47   11 48   12 25   13 32   14 87   15 80   16 53   17 98   18 88   19 68   20 27 
   1 83    2 20    3 84    4 70    5 35    6 89    7 18    8 23    9 55   10 28   11 61   12 42   13 89   14 33   15 70   16 88   17 20   18 56   19 29   20 80 
   1 89    2 94    3 96    4 92    5 37    6 58    7 72    8 14    9 94   10 10   11 61   12 88   13 51   14 13   15 75   16 98   17 64   18 45   19 15   20 83 
   1 98    2 49    3 46    4 15    5 25    6 78    7 40    8 51    9 43   10 11   11 35   12 64   13 17   14 28   15  7   16 44   17 16   18  7   19 25   20 16 
   1 52    2 68    3 68    4 18    5 30    6 13    7 89    8 14    9 86   10 16   11 44   12 27   13 86   14 97   15 79   16 13   17 48   18 90   19 22   20 15 
   1 79    2 41    3 51    4 80    5 38    6 84    7 10    8  4    9 40   10 24   11 28   12 70   13 83   14 93   15 61   16 67   17 69   18 70   19  8   20 46 
   1 37    2  6    3 10    4  7    5 49    6 94    7  1    8  5    9 28   10 59   11 20   12  9   13 51   14 40   15 86   16 34   17  7   18 59   19 79   20 63 
   1 49    2 24    3 41    4 14    5  2    6 68    7 44    8 92    9 30   10  2   11 45   12 91   13 19   14 10   15 77   16 97   17  7   18 71   19 65   20 59 
   1  1    2 87    3 26    4 95    5 82    6 80    7 52    8 95    9 91   10 78   11 73   12 25   13 51   14 97   15 62   16  7   17  5   18 25   19 80   20 28 
   1  3    2 60    3 56    4 37    5  3    6 93    7 41    8 68    9 91   10 53   11 33   12 42   13 83   14 93   15 51   16 25   17 32   18 76   19 22   20 39 
   1 82    2 57    3 52    4  4    5 55    6 70    7 63    8  6    9 68   10 82   11 44   12 10   13 28   14 10   15 55   16 96   17 37   18 37   19 50   20 74 
   1 76    2 42    3 71    4 27    5 39    6  8    7 88    8 56    9  6   10 15   11 22   12 33   13 19   14  8   15 59   16  7   17 55   18 96   19 44   20 67 
   1 10    2 96    3 71    4 17    5  7    6 62    7 90    8 70    9 61   10 45   11  9   12 81   13 51   14 60   15 18   16 68   17 19   18 57   19 87   20 99 
   1 83    2  8    3  5    4 40    5 85    6 43    7  2    8 47    9 56   10 70   11 39   12 49   13 21   14 28   15 44   16  4   17 23   18 74   19 19   20  6 
   1 38    2 96    3 41    4 97    5 24    6 90    7 45    8 58    9 72   10 54   11 39   12 29   13 75   14 67   15 26   16 91   17  9   18 33   19 94   20 40 
   1 51    2 68    3 66    4 82    5 29    6  7    7 49    8 55    9 13   10 49   11 42   12 33   13 55   14 86   15 50   16 21   17 19   18 19   19 96   20 55 
   1 34    2 79    3 26    4 84    5 96    6 10    7 20    8  9    9 19   10 57   11 79   12 22   13 73   14  8   15 80   16 34   17 97   18 86   19 16   20 12 
   1 60    2 28    3 26    4 83    5 23    6 59    7 86    8 48    9 18   10 19   11 90   12 90   13 43   14 16   15 26   16 42   17 11   18  4   19 90   20 84 
   1 89    2 28    3 75    4 75    5 67    6 54    7 32    8 35    9 58   10  6   11 68   12  5   13 25   14 41   15 67   16 99   17 30   18  8   19 45   20 20 
   1 49    2 44    3  5    4 70    5 75    6 35    7 70    8 80    9 92   10 50   11 67   12 66   13 81   14 46   15 67   16 40   17 75   18 42   19  7   20 94 
   1 50    2 11    3 36    4 42    5 27    6 55    7 60    8 16    9  8   10 61   11 37   12 36   13 35   14 66   15 54   16 22   17 94   18 57   19  1   20 10 
   1 54    2 67    3 81    4 38    5 51    6 69    7 58    8 89    9  6   10 17   11 69   12 60   13 70   14 50   15 63   16 34   17 38   18 94   19 20   20 57 
   1 97    2  2    3 26    4  7    5 49    6 72    7 81    8 43    9 36   10 43   11 83   12 35   13 70   14 83   15 88   16 86   17 65   18 51   19 40   20 37 
   1 85    2 77    3 72    4 57    5 33    6 97    7 32    8 72    9 39   10 47   11 17   12 97   13 80   14 63   15 36   16 45   17 73   18 36   19 26   20  1 
   1 17    2 14    3 78    4 30    5 29    6 17    7 77    8 22    9 66   10 91   11 81   12 16   13 57   14 42   15 46   16 82   17 97   18 98   19 58   20  3 
   1 90    2 69    3  4    4 41    5 31    6 68    7 15    8 28    9  2   10 55   11 79   12 22   13 66   14 77   15 51   16 25   17 51   18 55   19 92   20 33 
   1 63    2 76    3  8    4 36    5 89    6 23    7 98    8 13    9 85   10 83   11 25   12 60   13 78   14 69   15 96   16  5   17 62   18  1   19  4   20 95 
   1 35    2 29    3 83    4  6    5 98    6 91    7 70    8 48    9 55   10  3   11 49   12 40   13 31   14  3   15 20   16 96   17  3   18 15   19 52   20 78 
   1 42    2 86    3 23    4 83    5 23    6 33    7 48    8  9    9 13   10 63   11 99   12 26   13 66   14 74   15 33   16 79   17 32   18 57   19 38   20 20 
   1 80    2 28    3 67    4 21    5 31    6 69    7 76    8  5    9 49   10 30   11 21   12 43   13 17   14 41   15 60   16 66   17 16   18 90   19 19   20 53 
   1 67    2 98    3 50    4 58    5 38    6  5    7 19    8 94    9 87   10 90   11 90   12 83   13 78   14 64   15 54   16 26   17 13   18  4   19  8   20 17 
   1 86    2 64    3 25    4 50    5 20    6 80    7  7    8 85    9 40   10 67   11 76   12 14   13 60   14 90   15 61   16 33   17 15   18 52   19 35   20 81 
   1 52    2 37    3 93    4 96    5 36    6 29    7 27    8 73    9 37   10 83   11 48   12 68   13 81   14 87   15 47   16 97   17 60   18 22   19 57   20 61 
   1 35    2 24    3 82    4  4    5 25    6 21    7 44    8 83    9 73   10 37   11 80   12 33   13 12   14 46   15 57   16 79   17 52   18 68   19 70   20 42 
   1 50    2 17    3 26    4 65    5 65    6 48    7 39    8 40    9 91   10  3   11 64   12  4   13 12   14 44   15 95   16 16   17 45   18 47   19  5   20 40 

