ta118
500 20
   1 38    2 89    3 98    4 31    5  6    6 96    7 10    8 62    9 54   10  9   11 98   12 56   13 90   14 17   15  3   16 90   17 94   18 87   19 67   20 83 
   1 14    2 44    3 19    4 23    5 99    6 86    7 97    8 58    9 10   10 63   11 44   12 74   13 76   14 39   15 82   16 29   17 33   18 97   19 18   20 49 
   1 60    2 88    3  1    4 50    5 98    6 29    7 68    8 32    9 27   10 63   11 53   12 83   13 91   14 67   15 99   16 13   17 54   18 12   19 70   20 55 
   1 83    2 63    3 13    4 37    5 80    6 31    7 46    8 33    9 88   10 26   11 23   12 51   13  2   14 17   15 52   16 67   17 25   18 42   19 97   20 12 
   1 89    2 44    3 53    4 28    5 42    6 47    7 72    8 64    9 10   10 67   11 18   12 39   13  8   14 29   15  2   16 96   17 90   18 84   19 32   20 87 
   1  7    2 26    3 23    4  5    5 69    6  7    7 25    8 13    9  5   10 29   11  5   12 65   13 97   14 26   15 66   16 73   17 26   18 35   19 76   20 15 
   1 95    2 23    3 36    4 70    5 42    6 37    7 39    8 14    9 41   10 32   11 75   12 33   13 84   14 72   15 75   16 41   17 52   18 26   19 58   20 78 
   1 78    2 47    3 85    4 41    5 56    6  1    7 13    8 45    9 29   10 63   11 69   12 63   13 50   14 59   15 33   16 41   17 62   18 19   19 64   20 51 
   1 80    2 45    3 59    4 72    5 27    6 95    7  5    8 95    9 80   10 18   11 93   12 60   13 19   14 43   15 55   16 46   17 59   18 57   19 99   20  4 
   1 35    2 61    3 19    4 73    5  4    6 92    7 22    8 74    9  6   10 21   11  7   12 94   13 85   14 51   15 48   16 22   17 48   18 23   19 49   20 12 
   1 93    2 40    3 24    4 54    5 96    6 63    7 64    8 43    9  1   10 33   11 13   12 16   13 89   14 90   15  7   16 55   17 43   18 38   19 67   20 45 
   1 96    2 58    3 93    4 81    5 44    6 62    7 29    8 55    9 31   10 49   11 75   12 85   13 90   14 15   15 96   16 79   17 54   18 59   19 10   20 19 
   1 29    2 12    3 19    4 91    5 82    6  1    7 89    8  1    9 66   10 22   11 13   12 48   13 37   14 90   15 25   16 57   17 57   18 41   19 65   20  8 
   1 78    2 14    3  2    4 14    5 65    6 40    7 10    8 31    9 94   10 94   11 51   12 65   13  3   14  4   15 47   16 16   17 82   18 66   19 55   20 82 
   1  1    2 70    3 48    4 77    5 49    6 76    7 59    8 81    9  7   10 16   11 18   12 73   13 46   14 13   15  1   16 46   17 59   18 33   19 82   20 75 
   1 78    2 98    3 14    4 20    5 95    6 59    7 47    8 93    9 69   10 54   11 43   12  6   13 11   14 23   15  3   16 92   17 85   18  9   19 12   20 62 
   1  4    2 99    3 29    4 31    5 11    6 56    7 68    8 71    9  5   10 20   11 82   12 25   13 33   14 78   15 11   16 60   17 40   18 27   19 18   20 78 
   1 95    2 66    3 47    4 58    5 70    6 78    7 20    8 56    9 40   10 72   11 45   12 30   13  3   14 19   15 33   16 91   17 88   18 71   19 91   20 53 
   1 33    2 92    3 60    4 66    5 37    6 89    7 70    8 90    9 41   10 60   11  9   12 96   13 29   14 21   15 47   16 71   17 64   18 76   19 15   20 64 
   1 31    2 65    3 94    4 56    5  6    6 34    7 56    8 53    9 14   10 41   11 62   12 89   13  8   14 97   15 68   16 48   17 20   18 16   19 42   20 27 
   1 76    2 88    3 56    4 59    5 84    6 98    7 72    8 96    9 43   10 28   11 48   12 94   13 28   14 77   15  1   16 40   17 35   18 94   19 67   20 67 
   1 95    2 78    3 99    4 84    5 68    6 96    7 71    8 73    9 50   10 38   11 99   12 83   13 79   14 47   15 77   16 26   17 37   18 12   19 89   20 99 
   1 37    2 15    3 32    4 74    5 12    6 27    7 19    8 35    9 61   10 79   11 52   12  1   13 66   14 69   15 64   16 38   17 71   18 77   19 61   20 30 
   1 63    2 73    3  4    4 82    5 18    6 61    7 99    8 21    9 67   10 69   11 39   12  2   13 55   14 20   15 21   16 89   17 38   18 11   19 96   20 80 
   1 74    2 73    3 77    4 96    5 26    6 66    7 44    8 96    9 48   10 33   11  5   12 70   13 61   14 74   15 89   16 32   17 88   18 87   19 75   20 59 
   1 74    2 38    3 58    4 29    5 11    6 65    7 43    8 91    9 48   10 57   11 36   12 18   13 72   14 96   15  3   16 16   17 57   18 68   19  2   20 80 
   1 47    2 15    3  5    4 54    5 12    6 44    7 40    8 77    9 22   10 76   11 88   12 32   13 91   14 68   15 10   16 99   17  3   18 73   19 23   20 27 
   1  5    2 21    3 38    4 73    5 40    6 15    7 85    8 32    9 85   10 90   11 45   12 33   13 77   14 30   15 36   16 10   17 62   18 80   19 98   20 91 
   1 68    2 57    3 67    4 37    5 95    6 86    7 13    8 47    9 32   10 59   11  6   12 35   13 14   14 18   15  5   16 65   17 39   18 28   19 96   20 74 
   1 65    2 53    3 94    4 73    5 52    6 54    7 10    8 97    9 11   10 56   11 89   12 55   13 99   14 70   15 81   16  4   17 34   18 47   19 42   20 68 
   1 49    2 95    3 73    4 82    5 25    6 37    7 78    8 77    9 31   10 81   11 10   12 81   13 92   14 89   15 64   16 65   17 37   18 70   19 84   20  6 
   1 97    2 59    3 28    4 91    5 27    6 48    7 40    8 68    9  7   10  8   11 25   12 57   13 95   14 90   15 59   16 25   17 44   18 17   19 45   20 91 
   1 76    2 51    3 10    4 69    5 70    6 94    7 29    8  6    9 41   10  5   11 95   12 65   13 26   14 74   15 13   16 88   17  2   18 10   19 95   20 25 
   1 89    2 87    3 37    4 75    5 41    6 17    7 81    8 12    9 83   10 76   11 28   12 21   13 67   14 88   15 62   16 32   17 27   18 82   19 78   20 82 
   1  4    2 34    3 41    4 19    5 25    6 68    7 51    8 33    9 62   10 45   11 49   12  9   13 56   14 41   15  2   16  1   17 23   18 45   19 81   20  9 
   1 57    2 91    3 73    4 37    5 77    6 82    7 95    8 77    9 32   10 41   11  1   12 81   13 56   14 83   15 15   16 53   17 78   18 92   19 19   20  9 
   1  7    2 77    3 28    4 20    5 13    6 22    7 25    8 41    9 66   10 89   11 28   12 54   13 93   14 55   15 26   16 14   17 93   18 54   19 12   20 22 
   1 64    2 31    3 66    4 36    5 46    6 33    7 73    8 16    9 41   10 18   11 15   12 23   13  6   14 87   15  1   16 33   17  1   18 97   19 26   20 79 
   1  3    2 80    3 30    4 31    5 13    6 41    7 69    8 59    9 80   10 84   11 74   12 23   13 29   14 33   15  7   16 29   17 76   18 38   19 73   20 56 
   1 66    2 53    3 38    4 99    5  8    6 40    7  2    8 38    9 57   10 85   11 46   12 10   13 55   14 52   15 83   16 41   17 71   18 88   19  8   20 74 
   1 35    2 71    3 34    4 44    5 63    6  8    7 24    8 68    9 84   10 73   11 79   12 49   13 23   14 33   15 53   16 32   17  6   18 12   19 82   20 16 
   1 57    2 63    3 77    4 47    5 39    6 15    7  8    8 55    9 43   10 59   11 87   12 35   13 48   14 11   15 48   16 20   17 34   18 84   19 98   20 27 
   1 82    2 81    3 64    4 10    5 50    6 32    7 98    8 41    9 37   10 63   11 33   12  8   13 37   14 36   15 33   16 67   17 72   18  6   19 89   20 86 
   1 98    2 20    3 36    4 94    5 74    6 72    7 77    8 59    9  3   10 29   11 82   12 72   13 59   14 56   15 60   16 38   17 81   18 35   19 60   20 95 
   1 74    2 50    3 95    4 48    5 19    6  7    7 61    8  6    9  5   10 34   11 35   12 38   13 32   14 85   15 79   16 57   17 27   18 64   19 23   20 57 
   1 10    2 23    3 71    4 66    5 56    6 85    7 17    8 83    9  2   10 12   11 52   12 12   13 58   14 17   15 55   16 18   17 14   18 12   19 38   20 55 
   1 55    2 26    3 30    4 72    5 66    6 29    7 20    8 51    9 89   10 20   11 10   12 41   13 64   14 73   15 91   16 96   17 62   18 21   19 76   20  9 
   1 43    2 20    3 44    4 15    5 34    6 99    7 92    8 78    9 74   10 54   11 66   12 42   13 29   14 86   15 82   16 20   17 18   18  6   19 35   20 40 
   1 69    2 45    3 35    4  1    5 38    6 75    7  8    8  5    9 77   10 53   11 92   12 81   13 30   14  5   15 70   16 42   17 95   18 78   19 36   20 30 
   1 94    2 52    3 75    4 49    5 56    6  8    7 43    8 31    9 88   10 61   11 43   12 57   13 74   14 51   15 37   16  4   17 90   18 83   19 30   20 93 
   1 16    2 46    3 98    4 35    5 80    6 55    7 85    8 30    9 99   10 41   11 50   12 26   13  9   14 79   15 19   16 84   17 85   18 77   19 61   20 28 
   1  8    2 26    3 58    4  1    5 71    6 80    7 12    8 84    9 21   10 29   11 19   12 36   13  9   14 96   15 58   16 66   17 12   18 84   19 96   20 65 
   1 89    2 13    3  9    4 89    5 18    6 46    7 66    8 95    9 42   10 33   11 79   12 13   13 87   14 32   15 13   16 70   17 83   18 12   19  6   20 49 
   1  7    2 13    3 47    4 82    5 58    6 19    7 57    8 29    9 99   10 75   11 97   12 12   13 14   14 35   15  2   16 48   17 90   18 92   19 21   20  1 
   1 63    2  4    3 51    4 73    5 87    6 19    7 32    8 16    9 48   10 48   11 35   12 55   13 46   14 54   15 16   16  3   17  6   18 48   19 18   20 56 
   1 31    2 11    3 10    4 57    5 67    6 81    7 43    8 27    9 48   10 50   11 87   12 63   13 90   14 88   15  8   16 42   17 68   18 79   19 10   20 48 
   1 96    2 50    3 28    4 92    5 81    6 61    7 46    8 86    9 50   10 33   11 45   12 41   13 31   14 87   15 88   16 18   17 15   18 40   19 19   20 60 
   1 86    2 47    3 16    4 29    5 37    6 47    7 98    8 67    9 44   10 99   11 76   12 60   13 67   14 27   15 73   16 68   17 74   18 17   19 33   20 10 
   1 65    2 38    3 31    4 96    5 17    6 98    7 78    8 36    9 46   10 86   11 56   12 60   13 80   14 15   15 56   16 44   17 34   18 74   19 83   20  4 
   1 86    2 86    3 86    4 93    5 23    6 31    7 19    8 84    9 96   10 68   11 87   12 22   13 73   14 23   15 24   16  7   17 53   18 65   19 69   20 56 
   1 96    2 29    3  3    4 40    5 15    6 87    7 69    8 93    9 58   10 71   11  9   12 73   13 91   14 57   15 83   16 10   17 11   18  5   19 70   20 70 
   1 22    2 97    3 22    4 49    5 42    6 15    7 91    8 76    9 95   10 28   11 25   12  6   13 85   14 95   15 66   16 13   17 76   18 15   19 44   20 23 
   1 98    2 84    3 81    4 44    5 94    6 32    7 41    8 45    9 96   10 97   11 21   12 71   13 86   14 33   15 73   16  6   17 20   18 89   19 88   20 85 
   1 38    2 69    3 84    4 77    5 70    6  2    7 27    8 28    9 95   10 31   11 29   12 49   13 94   14 11   15 41   16 35   17 85   18 68   19 38   20 29 
   1 69    2 83    3 13    4 28    5 46    6 95    7 18    8  7    9 86   10 37   11 55   12 13   13 48   14 64   15 20   16 41   17 64   18 70   19 55   20 25 
   1 30    2 94    3 49    4 23    5 41    6 44    7 57    8  1    9 43   10 72   11 94   12 17   13 72   14 78   15 56   16 91   17 89   18 27   19 62   20 37 
   1 86    2 72    3 36    4 52    5 91    6 23    7  8    8 64    9 28   10  8   11 17   12 68   13 40   14 18   15 98   16 57   17 93   18 14   19 83   20 17 
   1 81    2 32    3 66    4 28    5 87    6 58    7 30    8 97    9 42   10  8   11 68   12 37   13 25   14 72   15 65   16 16   17 34   18 95   19 73   20 51 
   1 86    2 17    3  7    4 82    5 98    6 23    7 66    8 33    9 44   10 99   11 72   12  6   13  5   14 30   15 35   16 69   17 56   18 92   19  3   20 57 
   1 30    2  2    3 82    4 19    5 68    6 81    7  3    8 54    9 91   10 86   11 68   12 22   13  7   14 29   15 98   16 50   17 78   18 90   19 66   20 11 
   1  8    2 95    3 46    4 44    5 33    6 71    7 60    8 47    9  1   10 65   11 25   12 58   13 55   14 96   15 87   16  5   17 81   18 67   19  4   20  2 
   1 15    2 88    3  7    4 86    5 37    6  9    7 40    8 28    9  5   10 43   11 72   12 90   13 12   14 99   15 73   16 71   17  5   18 71   19 51   20 66 
   1 74    2 43    3 90    4 32    5 23    6 74    7 88    8 42    9 58   10 76   11 14   12  9   13 36   14 19   15 58   16 79   17 60   18 59   19  9   20 15 
   1 97    2 87    3 15    4 11    5 85    6  7    7 72    8 96    9 53   10 81   11 63   12 21   13 96   14 78   15  7   16 57   17  7   18 93   19 76   20 70 
   1 47    2 33    3 71    4 93    5 77    6 78    7  8    8 89    9 68   10 60   11 23   12 51   13 41   14 33   15 66   16  2   17 82   18 85   19 52   20  3 
   1 47    2 33    3 60    4 72    5 46    6 74    7 71    8 15    9  9   10 23   11 21   12 13   13 43   14 91   15 72   16 10   17 42   18 47   19 30   20 35 
   1 43    2 16    3  2    4 14    5 68    6 75    7 55    8 78    9 12   10 35   11 77   12 90   13 26   14 70   15  1   16 95   17  7   18 71   19 10   20 13 
   1 79    2 76    3 25    4 54    5 65    6 10    7 56    8 27    9  5   10 36   11 93   12 31   13 99   14 40   15 85   16 13   17 99   18 10   19 32   20 98 
   1 66    2 61    3 96    4 80    5 83    6 62    7 71    8 83    9 15   10 76   11 70   12 94   13 42   14 64   15 79   16 99   17 32   18 91   19 63   20 25 
   1 80    2 87    3 97    4 89    5 32    6 95    7 63    8 84    9 71   10 16   11 22   12 86   13 84   14 22   15 54   16  8   17 30   18 15   19  6   20 97 
   1 89    2 47    3 80    4 68    5 42    6 43    7 32    8 46    9 74   10 32   11 44   12 79   13 77   14 20   15 89   16 46   17 69   18 59   19 68   20  6 
   1 61    2 56    3 91    4 98    5 99    6 55    7  5    8 33    9 61   10 87   11 44   12 54   13 97   14 62   15 52   16 90   17  6   18 94   19 86   20 69 
   1 12    2 85    3 81    4 88    5 57    6  3    7 30    8 26    9  7   10 36   11 11   12 89   13 11   14 63   15 75   16  3   17 66   18 29   19 92   20 95 
   1 59    2 23    3 54    4  7    5  4    6  4    7 54    8  1    9 30   10  8   11 40   12 36   13  5   14 38   15 50   16 26   17  8   18 35   19 14   20 48 
   1  2    2  5    3 57    4 19    5 63    6 17    7 31    8 40    9 60   10 20   11 51   12 97   13 24   14 38   15 17   16 99   17 62   18 11   19 58   20 34 
   1  8    2 54    3 36    4 91    5 29    6 99    7 30    8 67    9 94   10 75   11 72   12 37   13 70   14  4   15 93   16 51   17 14   18 90   19  8   20  5 
   1 31    2 91    3 19    4  4    5 21    6 16    7 78    8 82    9 67   10 51   11 77   12 75   13 97   14 58   15 62   16 67   17 32   18 90   19 39   20 75 
   1 57    2 10    3 99    4  1    5 47    6 24    7 70    8 85    9 63   10  6   11 66   12 31   13 12   14 53   15 64   16 73   17 84   18 73   19 63   20 56 
   1 87    2  3    3 19    4 56    5 18    6  5    7 45    8 79    9 43   10 14   11 17   12 84   13 21   14 87   15 88   16  6   17 52   18 79   19 57   20 74 
   1 80    2 71    3 49    4 61    5 16    6 75    7 48    8 78    9 29   10  8   11 98   12 32   13 11   14 28   15 93   16 19   17 69   18 62   19 59   20 43 
   1 87    2 84    3 38    4 71    5 83    6 53    7 87    8 72    9 30   10 14   11 11   12 19   13 83   14 75   15 95   16  1   17 87   18 17   19 71   20 67 
   1  1    2 47    3 85    4 39    5 66    6 88    7 13    8 93    9 79   10  6   11 52   12  8   13 82   14 24   15 48   16 89   17 69   18 63   19 16   20 22 
   1 13    2 50    3 63    4 87    5 40    6 33    7 70    8 63    9 69   10 31   11 15   12  5   13 37   14 90   15 18   16 61   17 70   18 20   19 68   20 91 
   1 23    2 18    3 15    4 49    5  8    6 25    7 38    8 16    9 90   10 24   11 48   12 82   13 69   14 93   15 58   16 87   17 42   18 67   19 67   20 37 
   1 59    2 56    3 25    4 21    5  7    6 59    7 53    8 28    9 37   10 61   11 70   12 95   13 92   14  1   15 84   16 63   17 83   18 97   19 39   20 44 
   1 95    2 66    3  6    4 55    5 57    6 87    7 64    8 11    9 49   10 21   11 85   12 27   13 87   14 86   15 67   16 55   17 86   18 48   19 54   20 34 
   1 93    2 69    3  4    4 16    5 86    6 18    7 81    8 53    9 77   10 87   11 43   12 19   13 24   14 26   15 15   16 50   17 55   18 22   19 41   20 84 
   1 12    2 14    3 80    4  8    5 66    6 54    7 77    8 72    9 32   10 51   11 60   12 41   13 21   14 83   15 77   16 38   17 70   18 49   19 11   20 69 
   1 27    2 46    3 47    4 91    5 19    6 90    7 13    8 56    9 80   10 31   11 16   12 44   13 36   14 19   15 97   16 65   17 65   18 78   19 78   20 24 
   1 49    2 14    3 58    4 50    5 94    6 56    7 98    8 56    9 74   10 35   11 13   12 15   13 90   14 66   15 92   16 15   17 84   18 52   19 64   20 58 
   1 71    2 89    3 16    4 44    5 66    6 21    7 89    8 76    9 73   10 88   11 62   12 79   13 96   14 64   15 73   16 88   17 53   18 85   19 12   20 52 
   1 82    2 99    3 34    4  1    5 40    6 38    7 66    8 40    9 57   10 16   11 23   12 55   13 12   14 59   15 20   16  1   17 42   18 53   19 36   20 47 
   1 35    2 27    3  2    4 45    5 85    6 15    7 22    8 61    9 45   10 44   11 37   12 81   13 28   14 44   15 91   16 31   17 42   18  9   19 73   20 16 
   1 99    2 92    3 84    4  4    5 74    6 45    7 95    8 91    9 69   10 92   11 18   12 37   13 72   14 92   15 72   16 41   17 54   18 22   19 56   20 78 
   1 71    2 12    3  1    4 35    5 57    6 59    7 72    8 35    9 45   10 31   11 86   12  6   13  9   14 93   15 58   16  4   17 59   18 85   19  6   20 48 
   1 77    2 93    3 30    4 81    5  8    6  6    7  2    8  3    9 82   10 65   11 30   12 39   13 27   14 52   15 47   16 68   17 85   18 41   19 29   20 26 
   1 27    2 33    3 84    4 64    5 51    6 22    7 77    8 61    9 37   10 16   11 21   12 39   13 55   14 41   15  7   16 60   17 34   18 83   19 94   20 62 
   1 97    2 48    3 42    4 34    5 69    6 75    7 19    8 42    9 25   10 72   11 42   12 32   13 75   14 49   15 46   16 79   17 30   18 52   19 77   20 60 
   1 95    2 57    3  7    4 10    5 58    6 42    7 91    8 90    9 32   10 50   11 48   12  4   13 69   14 14   15 86   16 90   17  3   18 17   19 58   20 75 
   1 93    2 75    3 13    4 22    5 95    6 67    7 33    8 98    9 49   10 36   11 65   12 49   13 38   14 16   15 91   16 26   17 38   18 64   19 28   20 81 
   1 81    2 94    3 68    4  9    5 23    6 28    7 97    8  9    9 70   10 74   11  8   12 29   13 48   14 90   15 74   16 10   17 73   18  9   19 42   20 80 
   1 45    2 10    3 39    4 35    5 98    6 75    7 27    8 48    9  5   10  8   11 37   12 47   13 26   14 80   15  1   16 72   17 22   18  2   19 75   20 31 
   1 39    2 25    3 18    4 17    5 24    6 28    7  8    8 45    9 17   10 81   11 45   12  8   13  7   14 40   15 91   16 43   17 78   18 96   19 89   20 59 
   1 41    2 67    3 44    4 56    5 46    6 47    7 50    8 44    9 34   10 93   11  4   12 90   13 53   14  5   15 73   16 13   17 86   18 24   19 92   20 61 
   1 67    2 19    3 60    4 99    5 95    6 22    7 10    8 89    9 90   10 86   11  1   12 94   13 35   14  4   15 96   16 14   17 63   18 34   19 67   20 73 
   1 59    2  4    3 98    4 54    5 69    6 24    7 53    8 13    9 30   10 27   11  4   12 32   13 63   14 94   15 12   16 26   17 56   18 66   19 51   20 31 
   1 60    2  9    3 50    4 71    5 85    6 40    7 99    8 20    9 61   10 94   11 79   12 15   13 10   14 50   15 33   16 56   17 84   18 40   19 87   20 86 
   1  8    2  1    3 97    4 37    5 26    6 80    7 35    8 66    9 90   10  7   11 59   12 15   13 39   14 68   15 71   16 67   17  8   18 57   19 17   20 91 
   1 31    2 92    3 29    4 77    5 32    6 24    7 60    8 91    9 63   10 99   11 41   12 26   13 65   14 35   15 38   16 88   17 98   18 97   19 77   20  1 
   1 39    2 94    3  3    4 16    5 19    6 54    7 10    8 73    9 82   10 57   11 20   12 40   13 23   14 45   15 83   16 44   17 27   18 19   19 17   20 26 
   1  3    2 36    3 74    4 13    5 30    6 27    7 65    8 21    9 66   10 30   11 43   12 48   13 33   14 50   15 97   16 26   17 31   18 68   19 10   20 29 
   1 97    2 62    3 14    4 65    5 50    6 39    7 12    8 86    9 76   10 16   11 48   12 71   13 44   14 85   15 44   16 80   17 39   18 44   19 33   20 80 
   1  5    2 60    3 31    4 87    5 97    6 28    7 64    8 63    9 74   10 96   11  7   12 54   13 70   14 35   15 18   16 62   17 99   18 58   19 80   20 49 
   1 61    2 85    3 40    4 99    5 87    6 32    7 43    8 55    9 37   10 69   11 18   12 31   13  6   14 79   15 72   16 76   17 94   18 89   19 54   20 33 
   1 58    2 18    3 74    4 88    5  3    6 28    7 94    8 15    9 84   10 67   11 25   12 65   13 57   14 89   15 59   16 89   17 51   18 17   19 88   20 40 
   1 65    2 57    3  9    4 70    5 70    6 81    7 68    8 58    9  4   10 86   11 15   12 38   13 94   14 84   15 78   16  9   17  3   18 22   19 79   20  6 
   1  7    2 65    3 27    4 48    5 82    6 17    7 22    8 34    9 50   10 30   11 70   12 94   13  3   14 83   15 38   16  9   17 76   18 35   19 24   20  9 
   1 24    2 95    3 91    4 99    5  6    6 21    7 47    8  4    9 47   10 56   11 74   12 26   13 80   14  1   15 69   16 64   17 43   18 59   19 63   20 34 
   1  5    2 84    3 14    4 45    5 29    6 71    7 11    8 18    9 21   10 79   11  9   12 36   13 36   14 85   15  4   16  3   17 36   18 39   19 82   20 74 
   1  2    2 94    3 78    4 50    5  4    6 55    7 25    8 58    9 45   10 23   11 38   12 36   13 19   14 25   15 51   16 31   17 63   18 71   19 54   20  3 
   1 73    2 89    3 94    4 32    5 22    6 61    7 35    8 74    9 12   10 38   11 24   12 81   13 90   14 55   15 60   16 41   17  2   18 41   19 44   20 34 
   1 40    2 64    3 49    4 77    5 44    6 93    7 11    8 13    9 65   10 11   11 96   12 59   13 22   14 96   15  4   16 35   17 56   18 63   19 19   20 65 
   1 87    2 30    3 45    4 27    5 66    6 25    7 86    8 66    9 92   10 38   11 30   12  6   13 85   14 90   15 59   16 71   17 72   18 17   19 33   20 45 
   1 97    2 25    3 49    4 83    5 66    6 68    7 73    8 23    9 98   10 22   11 70   12 49   13 69   14 76   15 46   16 32   17  2   18 45   19 46   20 22 
   1 76    2 55    3 14    4  6    5 35    6 99    7 88    8 18    9 37   10 83   11 56   12 58   13 28   14  6   15 63   16 74   17 90   18 24   19 19   20 18 
   1 28    2 64    3 93    4 19    5 91    6 98    7  1    8 59    9  9   10 73   11 53   12 29   13 43   14 51   15 75   16 66   17  1   18  2   19 67   20 11 
   1 64    2 65    3 71    4  8    5 82    6 26    7 31    8 27    9 98   10 29   11 37   12 95   13 55   14 63   15 21   16 59   17 29   18 81   19 94   20 72 
   1 99    2 83    3  5    4 33    5 52    6 54    7  2    8 22    9  5   10  7   11  5   12 21   13  5   14  2   15 76   16 73   17 58   18 98   19  1   20 89 
   1 27    2 86    3 54    4 18    5 71    6 49    7 82    8 18    9 23   10 89   11 88   12 24   13 82   14  5   15 28   16 70   17 83   18 82   19 10   20 75 
   1 88    2 62    3 84    4 85    5 60    6 39    7 58    8 35    9 61   10 96   11 21   12 63   13 56   14 12   15 42   16 95   17 26   18 69   19 74   20 16 
   1 80    2 69    3 59    4  5    5 92    6 69    7 95    8 99    9 13   10 83   11 14   12 95   13 81   14 20   15 16   16 80   17 56   18 65   19 75   20 85 
   1 90    2 83    3 77    4 55    5 76    6 82    7 47    8 89    9 50   10 22   11 29   12 76   13 84   14 60   15 30   16 21   17 27   18 83   19 59   20 12 
   1 28    2 71    3 91    4  8    5 91    6 88    7 61    8 59    9  4   10 67   11 45   12 27   13 18   14 32   15 43   16 63   17 68   18 48   19  1   20 29 
   1  2    2 72    3 55    4 85    5 62    6 99    7 45    8 84    9 54   10 76   11 24   12 73   13 92   14 12   15 81   16 38   17 92   18 75   19 60   20 91 
   1 29    2 30    3 74    4 12    5 30    6 55    7 88    8 35    9 41   10 35   11 30   12 18   13 62   14  7   15 41   16 92   17 69   18 73   19 74   20 20 
   1 89    2 30    3 15    4 98    5 71    6 40    7  2    8 37    9 69   10 62   11 66   12 46   13 91   14 14   15  7   16 44   17 12   18 20   19  8   20 47 
   1 31    2 31    3  1    4 36    5 47    6 96    7 50    8 32    9 42   10 76   11 55   12 86   13 76   14 80   15 62   16 95   17 59   18 96   19 86   20 55 
   1 85    2 33    3 21    4 26    5 69    6 11    7 82    8 12    9  1   10 62   11 56   12 96   13 71   14 75   15 13   16 24   17 11   18 10   19 18   20 57 
   1 33    2 47    3 36    4 77    5 20    6 96    7 64    8 13    9 58   10 94   11  6   12 61   13 14   14 39   15 66   16 31   17 19   18 74   19 71   20 50 
   1 85    2 38    3 54    4 31    5 91    6 20    7 19    8 43    9 74   10 10   11 99   12 73   13 64   14 16   15 23   16 35   17 26   18 96   19 85   20 16 
   1 96    2 17    3 37    4 72    5 12    6 83    7 14    8 54    9 81   10 59   11  2   12 57   13  5   14 74   15 59   16 90   17 67   18 62   19 76   20 32 
   1  5    2 94    3  4    4 53    5 68    6 38    7 53    8  3    9 28   10 63   11 47   12 59   13 77   14 58   15 44   16 35   17 37   18 48   19 64   20 99 
   1  9    2 85    3 20    4  6    5 65    6 63    7 64    8 88    9 70   10 43   11  3   12 90   13 16   14  5   15 12   16 17   17 51   18 16   19 61   20 91 
   1 93    2 67    3 22    4 67    5 94    6 75    7 99    8 73    9 42   10 18   11 37   12 37   13 91   14 63   15 62   16 90   17 84   18 48   19 44   20 61 
   1 46    2 34    3 98    4 76    5 80    6 81    7 26    8 51    9 42   10 19   11 77   12 99   13 64   14 68   15 52   16 80   17 37   18 19   19 43   20 43 
   1 50    2 16    3 11    4 53    5  3    6 48    7 97    8 55    9 34   10 89   11 73   12 26   13 43   14 81   15  5   16 12   17 39   18 80   19 89   20 22 
   1 80    2 97    3 75    4 10    5 82    6 39    7 23    8 46    9  5   10 83   11 21   12 85   13 20   14 51   15 56   16 94   17 36   18 70   19 73   20 67 
   1 17    2 80    3 53    4 88    5 91    6 83    7 28    8 87    9 60   10 38   11 56   12 73   13 92   14 83   15 16   16 45   17 45   18 54   19  8   20 95 
   1 58    2  5    3  3    4 48    5  7    6 15    7 27    8  4    9 75   10 92   11 13   12 41   13 93   14 57   15 63   16 61   17 98   18 76   19 64   20 86 
   1 33    2  2    3 97    4 52    5 55    6 84    7 81    8 50    9 99   10 68   11 16   12 22   13 46   14 16   15 12   16 30   17 16   18 18   19 90   20 48 
   1 66    2 62    3 71    4  6    5 70    6 19    7 61    8 42    9 79   10 60   11 34   12 99   13 63   14 44   15  9   16 49   17 69   18 48   19  1   20 78 
   1 65    2 79    3 92    4  6    5 98    6 76    7 53    8 44    9 29   10 34   11 40   12 95   13 93   14 76   15 42   16 84   17 76   18 70   19 68   20 53 
   1 39    2  4    3 78    4 91    5 71    6 68    7 32    8 76    9 20   10 70   11 49   12 50   13 76   14 47   15  4   16 37   17 38   18 77   19  8   20 85 
   1  2    2 76    3 87    4 34    5 24    6 95    7 56    8 38    9 38   10 65   11 99   12 21   13 88   14 79   15 63   16 59   17 12   18 11   19 35   20  4 
   1 82    2 59    3 84    4 91    5 58    6 32    7 39    8 54    9 59   10 39   11 29   12 28   13 29   14 49   15 77   16 32   17 34   18 95   19 19   20  8 
   1 17    2 20    3 62    4 32    5 42    6 81    7 88    8 48    9  3   10 83   11 17   12 11   13 96   14 53   15 22   16 62   17 78   18 75   19 66   20 10 
   1 71    2 88    3 69    4 35    5 33    6 22    7 78    8 94    9 88   10 99   11 79   12 88   13 28   14 33   15 81   16 99   17 83   18 98   19 85   20 23 
   1 52    2 91    3 96    4  9    5 41    6  5    7 76    8 87    9 86   10 33   11 10   12 33   13  6   14 84   15 93   16 67   17 55   18 37   19 33   20 80 
   1 58    2 53    3 48    4 99    5 47    6 26    7 61    8 68    9 80   10 13   11 22   12 34   13 72   14 44   15  5   16 91   17 60   18 29   19 36   20 36 
   1 28    2 48    3 38    4 14    5 97    6  5    7 19    8  3    9 31   10 64   11 74   12 84   13 54   14 38   15  4   16  1   17 40   18 22   19 77   20 93 
   1 12    2 98    3 83    4 20    5 96    6 40    7 67    8 40    9 27   10 55   11 50   12 53   13 50   14 53   15 78   16 94   17 35   18 68   19 71   20 58 
   1 49    2 48    3 26    4 59    5  8    6 71    7 58    8 22    9  2   10 86   11 42   12 11   13 46   14 60   15 52   16 88   17 54   18 43   19 32   20 96 
   1 85    2 23    3 97    4 83    5  1    6 88    7 81    8 75    9  5   10 74   11 81   12 20   13 15   14 28   15 49   16 51   17 72   18 93   19 23   20 41 
   1 60    2 25    3 18    4 65    5 37    6 30    7 41    8 93    9 53   10 95   11 51   12 19   13 51   14 53   15 31   16 19   17  4   18 24   19 48   20 72 
   1 96    2 56    3 60    4 88    5 79    6 75    7 21    8 28    9 76   10 67   11 96   12 38   13 12   14 79   15 46   16 86   17 96   18 45   19 20   20 56 
   1 79    2 98    3 70    4 82    5 60    6  3    7 38    8 69    9 34   10 31   11 86   12 58   13 76   14 51   15 98   16 78   17  8   18 77   19 48   20 47 
   1  6    2 96    3 74    4 17    5 63    6  5    7 47    8 83    9  5   10 63   11 57   12  3   13  9   14 75   15 81   16  8   17 25   18  7   19 51   20 92 
   1 88    2  9    3 99    4 82    5 12    6 55    7 72    8 66    9  6   10 82   11 78   12 61   13 65   14 62   15 48   16  4   17 69   18 60   19 47   20 28 
   1 91    2 14    3 39    4 17    5 90    6 70    7 62    8 97    9 45   10 52   11 74   12 77   13 69   14 78   15 21   16 91   17 12   18 49   19 12   20 74 
   1 25    2 75    3 63    4 80    5 34    6 10    7 40    8 10    9 98   10  1   11 87   12 68   13 26   14 56   15 88   16 61   17 15   18 80   19 32   20 24 
   1 40    2 30    3 17    4 95    5 55    6 83    7 78    8 15    9 99   10 67   11 11   12 14   13 60   14 52   15 93   16 88   17 47   18 54   19 48   20  4 
   1 77    2 90    3 73    4 58    5 76    6 50    7 38    8 83    9 22   10 92   11 90   12 91   13 75   14 94   15  8   16 72   17 66   18 70   19 43   20 92 
   1 92    2 68    3  9    4 68    5 34    6 58    7 53    8 48    9 32   10 11   11 45   12 88   13 34   14 79   15 48   16  5   17 84   18  1   19 47   20 45 
   1 36    2 68    3 83    4 21    5 40    6  5    7 61    8 88    9 47   10 51   11 23   12 39   13 48   14 12   15  9   16 79   17 93   18 14   19 80   20 68 
   1  3    2 73    3 27    4 11    5 84    6 51    7 30    8 97    9 22   10 83   11 57   12 67   13 68   14 76   15 20   16 40   17 42   18 16   19  8   20 14 
   1 68    2 63    3 52    4 39    5 31    6 92    7 11    8 10    9 43   10 32   11 34   12 94   13 57   14 42   15 70   16 45   17 36   18 56   19 17   20 37 
   1 62    2 88    3 93    4 59    5 51    6 29    7 63    8 55    9 22   10 90   11 12   12 45   13 88   14 55   15 56   16 86   17 47   18 54   19  8   20 30 
   1 28    2 92    3 87    4 33    5 73    6 41    7 83    8 56    9 54   10 36   11 75   12 35   13 20   14 66   15 13   16 61   17 10   18 41   19 14   20 64 
   1  1    2 92    3 31    4  8    5 61    6 41    7 32    8 25    9  9   10 62   11 20   12 39   13 10   14 63   15  5   16  7   17 82   18 37   19 41   20 97 
   1 22    2 99    3 82    4  7    5 50    6 76    7 68    8 37    9 96   10 84   11 65   12 24   13 59   14 53   15 35   16 12   17 24   18 65   19 40   20 81 
   1  5    2  9    3 20    4 68    5 67    6  5    7 11    8 91    9 52   10 37   11 85   12 71   13 26   14 12   15 80   16 89   17 33   18 50   19 13   20 24 
   1 29    2 25    3 69    4 42    5 47    6 75    7 37    8 72    9 29   10 36   11  4   12 70   13 59   14  8   15 95   16 44   17 33   18 95   19 12   20 70 
   1 39    2 13    3  3    4 85    5 75    6 31    7 45    8 82    9 91   10 11   11 70   12 14   13 32   14 29   15 33   16 39   17 76   18 79   19 83   20 63 
   1 74    2 33    3 50    4  9    5 38    6 12    7 30    8 64    9  9   10 46   11 32   12 41   13 85   14 33   15 25   16 22   17 83   18 46   19 73   20 10 
   1 52    2  8    3 79    4 60    5 41    6 50    7 36    8 93    9 59   10 27   11 52   12 52   13 13   14 83   15 57   16 55   17 24   18 70   19 20   20 47 
   1 14    2 23    3 71    4 69    5 53    6 86    7 93    8 68    9 10   10 45   11 28   12 60   13 95   14 29   15 19   16 30   17 31   18 95   19 84   20  5 
   1 85    2 37    3 57    4 34    5 46    6 81    7 45    8 31    9 52   10 65   11 16   12 39   13 20   14 35   15 46   16 54   17 79   18 55   19 97   20  2 
   1 36    2 16    3 41    4 23    5 49    6 39    7 50    8  8    9 97   10 47   11 53   12 69   13 96   14 20   15 67   16 16   17  5   18 84   19 87   20 66 
   1 33    2 64    3 75    4  2    5 41    6  8    7  1    8 91    9  2   10  1   11 31   12 75   13 51   14 68   15 91   16 97   17 81   18 11   19  5   20 51 
   1 57    2 93    3 64    4 99    5 64    6 17    7 61    8 10    9 62   10 46   11 69   12 55   13 60   14 24   15 76   16  3   17 13   18 45   19 48   20 90 
   1 50    2  4    3 70    4 72    5 13    6  8    7 66    8 56    9 10   10 12   11 83   12 34   13 70   14 32   15 67   16 68   17 93   18  2   19 82   20 66 
   1 57    2 94    3 26    4 19    5  6    6 90    7 52    8 78    9 62   10  4   11 71   12 98   13 70   14 37   15 26   16 79   17 65   18 62   19 65   20 98 
   1 75    2  8    3  9    4 86    5 89    6 21    7 57    8 27    9 43   10 38   11 26   12 95   13 46   14 84   15 99   16 31   17  9   18  7   19 20   20 89 
   1 74    2  7    3 49    4 64    5  6    6 85    7 50    8 35    9 31   10 59   11 52   12 30   13  4   14 20   15 77   16 66   17 91   18 77   19 38   20 63 
   1 34    2 73    3 49    4 53    5  7    6 48    7 48    8 68    9 48   10 36   11 33   12 75   13 69   14 16   15 43   16 44   17 17   18 50   19 65   20 62 
   1 66    2 35    3 22    4 24    5 20    6 71    7 75    8 64    9 61   10 71   11 54   12 26   13 58   14 16   15 31   16 94   17 47   18  3   19  4   20 53 
   1 30    2 59    3 37    4 33    5 74    6 46    7  9    8 66    9 92   10 22   11 33   12 48   13 30   14 65   15 89   16 68   17 22   18 23   19 54   20 88 
   1 33    2 90    3 28    4 85    5 86    6 61    7 73    8  8    9  9   10 58   11 23   12 71   13 28   14 16   15 48   16 13   17 84   18 69   19 85   20 66 
   1 79    2 43    3 15    4 94    5 81    6 29    7 62    8 38    9 79   10 68   11 81   12 31   13 22   14 25   15 75   16 77   17  5   18 27   19  9   20 95 
   1 42    2 80    3 38    4  8    5  8    6  1    7 44    8 68    9 88   10 80   11 66   12 87   13 95   14 34   15 90   16 84   17 24   18 38   19 23   20 63 
   1 60    2 88    3 77    4 36    5 76    6 97    7 60    8 93    9 73   10 95   11 50   12 62   13 63   14 89   15 24   16 31   17  2   18 43   19 88   20 55 
   1 19    2 90    3 15    4 50    5 51    6 42    7 72    8 41    9 90   10 87   11  1   12 28   13 96   14 22   15 53   16 71   17 82   18 74   19 31   20 63 
   1 36    2 38    3 95    4 88    5 32    6 32    7 54    8 24    9 10   10 55   11 77   12 94   13  7   14 53   15 47   16 49   17 41   18 33   19 98   20 31 
   1 55    2 83    3 36    4 82    5 93    6 96    7 49    8  2    9 49   10 38   11 87   12 65   13 18   14 98   15  6   16 31   17 44   18  3   19 39   20 11 
   1 58    2 88    3 13    4 22    5  8    6 50    7 74    8 32    9 47   10 98   11 42   12 58   13 87   14 13   15 36   16 26   17 74   18 38   19 51   20 50 
   1 93    2 70    3 46    4 11    5 66    6  2    7 85    8 89    9  6   10 79   11 67   12 41   13 90   14 28   15 93   16 75   17 88   18 71   19 15   20 73 
   1 90    2 78    3 64    4 98    5 77    6 71    7 14    8 85    9 81   10 92   11 67   12 60   13 41   14 80   15 16   16 77   17 13   18 69   19 18   20 50 
   1 60    2 30    3 63    4  5    5 44    6 45    7 80    8 37    9 27   10 64   11 83   12 32   13 96   14 11   15 22   16  6   17 49   18  5   19 79   20 12 
   1 89    2  9    3 56    4 39    5 58    6 76    7 85    8 96    9 90   10 69   11 10   12 43   13 11   14 47   15 47   16 11   17  2   18 80   19 19   20 10 
   1 26    2 12    3 11    4 63    5 86    6 37    7 19    8 12    9 53   10 88   11 56   12  9   13 11   14 72   15 98   16 19   17 42   18 79   19 63   20  2 
   1 10    2 98    3  9    4 62    5 11    6 73    7 67    8 96    9 32   10 73   11 23   12 26   13 46   14 75   15  8   16 54   17 24   18 28   19 46   20 49 
   1 77    2 83    3  7    4 10    5  5    6 67    7 30    8 12    9 37   10 79   11 43   12 52   13 26   14 87   15 69   16  7   17 92   18 62   19 55   20 78 
   1 37    2  4    3 91    4 63    5 72    6 62    7 93    8 34    9 37   10 78   11 69   12 48   13 22   14 52   15 71   16 43   17 68   18 47   19 50   20 17 
   1 55    2 78    3 26    4  1    5 25    6 42    7 94    8 92    9 66   10 85   11 27   12 45   13 44   14 51   15 43   16 21   17 97   18 38   19 68   20 34 
   1 62    2 44    3  2    4 12    5 64    6 63    7 17    8 25    9 72   10 28   11  7   12 99   13 10   14  1   15 66   16 75   17 80   18 47   19 91   20 24 
   1 46    2 68    3 20    4  3    5 20    6 69    7 66    8 41    9 26   10 56   11 73   12 48   13 42   14 20   15 25   16 74   17 52   18 39   19 17   20 22 
   1 17    2 19    3 85    4 12    5 74    6 59    7 78    8 30    9 63   10 18   11 43   12 70   13 44   14 35   15 88   16  5   17 66   18 70   19 18   20 58 
   1 51    2 97    3  8    4 61    5 18    6 27    7 18    8 18    9 78   10 19   11 32   12 40   13 58   14 43   15 54   16 63   17 12   18 44   19 75   20 52 
   1 73    2 64    3 23    4 88    5 39    6 54    7 95    8 12    9 15   10 25   11 66   12 94   13 13   14 79   15 65   16 47   17 74   18 17   19  9   20  8 
   1 38    2 15    3 31    4 27    5 26    6 91    7 41    8 46    9 62   10  5   11 80   12 27   13  4   14 59   15  7   16 19   17 34   18 93   19 57   20 70 
   1 76    2 16    3 17    4 64    5 46    6 47    7 19    8 78    9 93   10 16   11 25   12 36   13 76   14  9   15 88   16 50   17 75   18 65   19 33   20 55 
   1 81    2 45    3 30    4 15    5 68    6 16    7 23    8 63    9 76   10 16   11 96   12  2   13 92   14 62   15 72   16 40   17 92   18 72   19 17   20 71 
   1  6    2 71    3 96    4  7    5 42    6  2    7 72    8 59    9 37   10 79   11 29   12 54   13 66   14 37   15 57   16 25   17 20   18 34   19  2   20 57 
   1 14    2 71    3 70    4 44    5 33    6 77    7 55    8 16    9 92   10 59   11 67   12 61   13 93   14 25   15 48   16 61   17 54   18 29   19 88   20 34 
   1 17    2 48    3 90    4 74    5 16    6 62    7 74    8 99    9  2   10  7   11 91   12 77   13 40   14 20   15 37   16 66   17 95   18 66   19 82   20  6 
   1 82    2 94    3 58    4 68    5 39    6 16    7 96    8 87    9 79   10 78   11 84   12 83   13 44   14 25   15 65   16  2   17 72   18 62   19 11   20 39 
   1 93    2 24    3 28    4 24    5  8    6  6    7 32    8 83    9 21   10  6   11  9   12 84   13 98   14 99   15 18   16 67   17 88   18 96   19 88   20 73 
   1 87    2 54    3 32    4 42    5  1    6  7    7 59    8 49    9 80   10 70   11 24   12 49   13 31   14 97   15 35   16 75   17 22   18 45   19  5   20 85 
   1 63    2 59    3 54    4 45    5 58    6 32    7 74    8 74    9 12   10 87   11 97   12 98   13 73   14 50   15 66   16 69   17  4   18 72   19 17   20 16 
   1 22    2 25    3 21    4 53    5 42    6 44    7 23    8 74    9 69   10 36   11 57   12 92   13  4   14 29   15 10   16 85   17 76   18 42   19 54   20 53 
   1 33    2 14    3 73    4 10    5 63    6 54    7 62    8 40    9 39   10 31   11 45   12 89   13 53   14 20   15 64   16 59   17 35   18 37   19 53   20 56 
   1 51    2 75    3 23    4 24    5 76    6 42    7 51    8 64    9 89   10  1   11 41   12 49   13  2   14 14   15 35   16 35   17 33   18 85   19 25   20 42 
   1 65    2  1    3 86    4 35    5 40    6 19    7  6    8 19    9 65   10 46   11 48   12 87   13 50   14 88   15 21   16 66   17 38   18 59   19 65   20 52 
   1 26    2 20    3 11    4 87    5 58    6 53    7 54    8 62    9 26   10 40   11 91   12 70   13 29   14 71   15 56   16 81   17 87   18 34   19 32   20 10 
   1 74    2 62    3 92    4 85    5 11    6 79    7 13    8  9    9 67   10 63   11 99   12 63   13 63   14 43   15 14   16 85   17 72   18 35   19 82   20 38 
   1 80    2 58    3 52    4 99    5  1    6 62    7 60    8 33    9 62   10 32   11 30   12  7   13  7   14 90   15 50   16  4   17 74   18 49   19 60   20 79 
   1 52    2  9    3 45    4 32    5  4    6 97    7 69    8 20    9 78   10 87   11 15   12 36   13 34   14 63   15 26   16 92   17  7   18 30   19 95   20 34 
   1 27    2 87    3  1    4 96    5 33    6 24    7 21    8 32    9 53   10 59   11  2   12 65   13 74   14 53   15 19   16 65   17 47   18 25   19 27   20 23 
   1 46    2 14    3 93    4 23    5 84    6 69    7 95    8 15    9 38   10 82   11 86   12  2   13 19   14 57   15 78   16 89   17  3   18 48   19 50   20 87 
   1 82    2 77    3 21    4 66    5 19    6 55    7 56    8 80    9 29   10 82   11 71   12 54   13 33   14  8   15 65   16 40   17 57   18 87   19 10   20 27 
   1 81    2 97    3  5    4 62    5 94    6 89    7 75    8 81    9 29   10 60   11 48   12 52   13 28   14 29   15 68   16 60   17 46   18 91   19 51   20 54 
   1  6    2 63    3 53    4 94    5 25    6 71    7 71    8 91    9 29   10 89   11  6   12  5   13 43   14 81   15 87   16 10   17 34   18  9   19 26   20 41 
   1 16    2 22    3 30    4 41    5 91    6 34    7 20    8 86    9 72   10 85   11 91   12 30   13 41   14 17   15  2   16 45   17 11   18 56   19 92   20 24 
   1 24    2 65    3 74    4 57    5 46    6 23    7 68    8 89    9 21   10 51   11 36   12 41   13 42   14 68   15  2   16 24   17 39   18 55   19 97   20 24 
   1 34    2 96    3 40    4 56    5 63    6 50    7 28    8 91    9 69   10  5   11 73   12 16   13 43   14 76   15 93   16 64   17 33   18 39   19 44   20 33 
   1 22    2 53    3 98    4 55    5 76    6 57    7 23    8 45    9 71   10 99   11 26   12 31   13  9   14 93   15  8   16 36   17 52   18 82   19 22   20 70 
   1  3    2 32    3 82    4 41    5 47    6 12    7 99    8 20    9 32   10 98   11 12   12  2   13 35   14 50   15 82   16  2   17 44   18 61   19 54   20 97 
   1 25    2 53    3 69    4 41    5 68    6 39    7 62    8  4    9  3   10 76   11  7   12 92   13 34   14 84   15 60   16 97   17 79   18 87   19 41   20 62 
   1 34    2 70    3 61    4 49    5 44    6  2    7 23    8 21    9  2   10 93   11 90   12 97   13 54   14 49   15 67   16 71   17 67   18 98   19 36   20 80 
   1 62    2 88    3 99    4 55    5 91    6 75    7 13    8 11    9 20   10 96   11 21   12  6   13  1   14 63   15 79   16 18   17 19   18 50   19 82   20 90 
   1 64    2  2    3 43    4 21    5 78    6 48    7 71    8 28    9  8   10 85   11 45   12 26   13 89   14 70   15 88   16  1   17 92   18 38   19 92   20 18 
   1 80    2 82    3 49    4 93    5 14    6 23    7 80    8 80    9 47   10 61   11 41   12 23   13 67   14 47   15 73   16 69   17 58   18 13   19 38   20 27 
   1 48    2 96    3 59    4 44    5 59    6 28    7 25    8 34    9 71   10  2   11 27   12 16   13 69   14 12   15  3   16 48   17 15   18 75   19 16   20 84 
   1 69    2 36    3 21    4 22    5 29    6  7    7 26    8 76    9 38   10 90   11 42   12  2   13 72   14 63   15 59   16 55   17 74   18 71   19 26   20 61 
   1 15    2 62    3 46    4 77    5 95    6 49    7 16    8 96    9 29   10 65   11 60   12 49   13 86   14  4   15 99   16  6   17 20   18 95   19 61   20  9 
   1 90    2 96    3 28    4  7    5 13    6 99    7 70    8 67    9 77   10 72   11 61   12 54   13  7   14 38   15 66   16 74   17 35   18 14   19 51   20 98 
   1 88    2 71    3 23    4 55    5 52    6 76    7 33    8 21    9 21   10 84   11 87   12 62   13 96   14 84   15 52   16 41   17 79   18 22   19 38   20 66 
   1 79    2  8    3 26    4 20    5  7    6 92    7 36    8 53    9 18   10 15   11 54   12 17   13 69   14 52   15 23   16 87   17 46   18 57   19  3   20  2 
   1 80    2 24    3 53    4 74    5 89    6 33    7 50    8 25    9 50   10 65   11 35   12 10   13 64   14 13   15  1   16 82   17 58   18 26   19 96   20 74 
   1 14    2 97    3 19    4 22    5 57    6 96    7 19    8 46    9 73   10 74   11 47   12 66   13 31   14 31   15 67   16  6   17 74   18 32   19 18   20  4 
   1 88    2 26    3 95    4 86    5 61    6 26    7 62    8 51    9 33   10 58   11 63   12  4   13 88   14 41   15 73   16 22   17 94   18 89   19 55   20 47 
   1 44    2 55    3 24    4 48    5 34    6 23    7 28    8 48    9 59   10 84   11 46   12 85   13 11   14 74   15 25   16 96   17 29   18 27   19 48   20 21 
   1 56    2 22    3 76    4 28    5 11    6  5    7 74    8 12    9 93   10 17   11 73   12 79   13 25   14  4   15 60   16 89   17 59   18 25   19 63   20 29 
   1 57    2 54    3 29    4 17    5 80    6 59    7 94    8 77    9 40   10 85   11 68   12 22   13 99   14  2   15 12   16 26   17 82   18 57   19 24   20 84 
   1 84    2 23    3  4    4 58    5 71    6 61    7 62    8  2    9 68   10 55   11 73   12  3   13 41   14 82   15 24   16 73   17 73   18 32   19 96   20 36 
   1 17    2 87    3 98    4 40    5 87    6  7    7 21    8  5    9 55   10 83   11  9   12 53   13 65   14 92   15 20   16 25   17 83   18 41   19 67   20 92 
   1 41    2 22    3 59    4 31    5 68    6 41    7 21    8 31    9 96   10 21   11 42   12 43   13 75   14 40   15 85   16 86   17 35   18  5   19 71   20 83 
   1 21    2 40    3 57    4  8    5 73    6 69    7 95    8 75    9 41   10 37   11 52   12 66   13 64   14 77   15 13   16 99   17 15   18 46   19 63   20  7 
   1 85    2 17    3 67    4 36    5  4    6 73    7 37    8 23    9 51   10 32   11 89   12 95   13 11   14 58   15 55   16 76   17 71   18 98   19 93   20 91 
   1 51    2 32    3 73    4 87    5 43    6 96    7 78    8 49    9 75   10 80   11 81   12 71   13 89   14  1   15 69   16 31   17 90   18 12   19 76   20 73 
   1 36    2 67    3 33    4 52    5 44    6 29    7 93    8 61    9  5   10 68   11 77   12 42   13 16   14 64   15 20   16 48   17 28   18 29   19 29   20 50 
   1 63    2 62    3 33    4 22    5 38    6 54    7 41    8 94    9 22   10 25   11 52   12 33   13 71   14 20   15 57   16 71   17 88   18 32   19 14   20 88 
   1 20    2 42    3  6    4 79    5 84    6 59    7 48    8 13    9 41   10 47   11 74   12 23   13 50   14 27   15 57   16 42   17 70   18 86   19  1   20 44 
   1 51    2 17    3 98    4 21    5 61    6 45    7 71    8 84    9 88   10 86   11 49   12 53   13 20   14 18   15 86   16 34   17 90   18 56   19 86   20 82 
   1  9    2 59    3 15    4 75    5 29    6  5    7 63    8 45    9 16   10 98   11 42   12 94   13  3   14 30   15 62   16 92   17 12   18  4   19 72   20 31 
   1 82    2 29    3 33    4 20    5 50    6 39    7 22    8 91    9 81   10 93   11 36   12 17   13 79   14 19   15  6   16 18   17 61   18  5   19 47   20 15 
   1 41    2 41    3 78    4  4    5 47    6 13    7 87    8 44    9  1   10 74   11 35   12 15   13 36   14 96   15 85   16 92   17 55   18 94   19 30   20 65 
   1 65    2 11    3 23    4 11    5 91    6 66    7 19    8  1    9 35   10 97   11 45   12  1   13 55   14 92   15  3   16 95   17 98   18 63   19 95   20 70 
   1 95    2 15    3 38    4 98    5  3    6 84    7 94    8 12    9 33   10 92   11 27   12 40   13 93   14 89   15 66   16 72   17 26   18 97   19 93   20 21 
   1 91    2 58    3 25    4 93    5 14    6 89    7 77    8 43    9  4   10 18   11 12   12  1   13 25   14 41   15 68   16 41   17 46   18 75   19  8   20 73 
   1 47    2 71    3 28    4 55    5  1    6 44    7 91    8 47    9 61   10 50   11  8   12 87   13 13   14 79   15 98   16  5   17 21   18 30   19 91   20 35 
   1 53    2 67    3 31    4  3    5  8    6 40    7 73    8 57    9 37   10 34   11 61   12 64   13 17   14 61   15 50   16  8   17 75   18 18   19 78   20 96 
   1 62    2 34    3 89    4 62    5 32    6  2    7 42    8 46    9 73   10 32   11 31   12 87   13 70   14 61   15 59   16 31   17 84   18 38   19 22   20 37 
   1 65    2 16    3 54    4 84    5 79    6 82    7 62    8 22    9 41   10 99   11 91   12 27   13 66   14 55   15 73   16 17   17 89   18 55   19 29   20 97 
   1 66    2 51    3 70    4 63    5 34    6 93    7 96    8 51    9 96   10 76   11  6   12 79   13 55   14 69   15 47   16 10   17 57   18 19   19 91   20 40 
   1 27    2 52    3 36    4 30    5 56    6 80    7 45    8 53    9 70   10  7   11 65   12 84   13 50   14 74   15 89   16 44   17 30   18  3   19 94   20 60 
   1 45    2 43    3 89    4 73    5 52    6 63    7 86    8 44    9 84   10 70   11 67   12 23   13 63   14 80   15 85   16 92   17 84   18 78   19 29   20 78 
   1 81    2 37    3 51    4 55    5 12    6 31    7 63    8 87    9 93   10 38   11 71   12 94   13 51   14 79   15 10   16  4   17 81   18 99   19 72   20 90 
   1 98    2 70    3 16    4 45    5 80    6  8    7 35    8 17    9 82   10 31   11 12   12 89   13 22   14 74   15 22   16 78   17 73   18 39   19 97   20 84 
   1 22    2 84    3 18    4 20    5 56    6 51    7 43    8 86    9 32   10 11   11 44   12 62   13 49   14 36   15 62   16 18   17 98   18 96   19 90   20 77 
   1 70    2 41    3 46    4 24    5 49    6 12    7 86    8 37    9 73   10 71   11 56   12 62   13 66   14 62   15 19   16 63   17 80   18 38   19 97   20 25 
   1 77    2 40    3 62    4 49    5 28    6 26    7 24    8 49    9 57   10 99   11 10   12 82   13 15   14 78   15 81   16 19   17 17   18 95   19 63   20 10 
   1 25    2 99    3  1    4 81    5 45    6 59    7 58    8 13    9  2   10 19   11 28   12 25   13 57   14 69   15 16   16  4   17 60   18 47   19  2   20 80 
   1  6    2 88    3  4    4 61    5 12    6 17    7 35    8 53    9 17   10 41   11 67   12 55   13 23   14 70   15 27   16 73   17 39   18 34   19 40   20 41 
   1 63    2 39    3 59    4 79    5 19    6 34    7 62    8 54    9 80   10 66   11 71   12 82   13 15   14 46   15 14   16 43   17 35   18 66   19 90   20 63 
   1 24    2 23    3 24    4  6    5 69    6 55    7  4    8 44    9 42   10 85   11 46   12 57   13 98   14 67   15 56   16 37   17 42   18 58   19 78   20 81 
   1 51    2 47    3 28    4 61    5 15    6 84    7 75    8 60    9 40   10 86   11 20   12 38   13 84   14 77   15 93   16 80   17 91   18 51   19 51   20  1 
   1 40    2 18    3 49    4 30    5 83    6 19    7 53    8 74    9 96   10 64   11 82   12 41   13 29   14 65   15 45   16 85   17 55   18 64   19 40   20 75 
   1 41    2 87    3 92    4 47    5 21    6 49    7 38    8 40    9 82   10  9   11 48   12 39   13 79   14  7   15  5   16 64   17 16   18 93   19 22   20 74 
   1 43    2 17    3 90    4 45    5 74    6 54    7 55    8 75    9 47   10 52   11 98   12 49   13 79   14 27   15 84   16 21   17 92   18  8   19 57   20 99 
   1 80    2 21    3 71    4 62    5 65    6 22    7 85    8 71    9  8   10 31   11  7   12 85   13 12   14  4   15 68   16 13   17 80   18 86   19 24   20 16 
   1 36    2 45    3 69    4 33    5 30    6 74    7 66    8 68    9 26   10 18   11 76   12 36   13 39   14 21   15 49   16  8   17 39   18 20   19 46   20 64 
   1 76    2 92    3 96    4 55    5 25    6 55    7 10    8 23    9 62   10  1   11  5   12 20   13 33   14 43   15 28   16 27   17 81   18 14   19  9   20 51 
   1 19    2 23    3 75    4 92    5 58    6 52    7 90    8 46    9  2   10 11   11 91   12 55   13 54   14 90   15 46   16 55   17 17   18 63   19 79   20 21 
   1 17    2 77    3 96    4 21    5 87    6 48    7 14    8 64    9 51   10 76   11 73   12 48   13 89   14 72   15 24   16 39   17 32   18 43   19 29   20 66 
   1 42    2 82    3 12    4 59    5 97    6 10    7 52    8 88    9 80   10  2   11 84   12 57   13 37   14 93   15 36   16 11   17 32   18 18   19 29   20 27 
   1  9    2 76    3 81    4  4    5 75    6 28    7 42    8 81    9 61   10 52   11 69   12  9   13 12   14 61   15 15   16 47   17 68   18 84   19 50   20 63 
   1 91    2 79    3 67    4 99    5 85    6 85    7 48    8 66    9 69   10 32   11 87   12 90   13 16   14 46   15 99   16 82   17 13   18 47   19  8   20 32 
   1 78    2 29    3 50    4 47    5 68    6 33    7 13    8 84    9 27   10 40   11 40   12 69   13 12   14 99   15 35   16 87   17 25   18 40   19 78   20 87 
   1 90    2 72    3  3    4  7    5 92    6 96    7 31    8 62    9 14   10 44   11 32   12 59   13 15   14 18   15 52   16 56   17 81   18 21   19 45   20 27 
   1 19    2 52    3 91    4 78    5 46    6  9    7 27    8 32    9 55   10 35   11 73   12 76   13 77   14 28   15 47   16 34   17 29   18 35   19 12   20 10 
   1 24    2 34    3  8    4 18    5 95    6 76    7 12    8 43    9 12   10 78   11 36   12  7   13 43   14 72   15 85   16  5   17 40   18 59   19 73   20 68 
   1 55    2 20    3 89    4 62    5 11    6 67    7 17    8 50    9 85   10 54   11 89   12 27   13 87   14 50   15 60   16 85   17 29   18 84   19 25   20  4 
   1 98    2 96    3 94    4 90    5 10    6 53    7  6    8 55    9 27   10 65   11 12   12 61   13 16   14 45   15 43   16 57   17  5   18 27   19  9   20  5 
   1 36    2 60    3 71    4 88    5 68    6 67    7 89    8  6    9 67   10 54   11  4   12 32   13 61   14 95   15 22   16 90   17 35   18 65   19 17   20 95 
   1 87    2 65    3 63    4 39    5 69    6 41    7 86    8 92    9 10   10 21   11 45   12 37   13 41   14 75   15 24   16 82   17 84   18 47   19  3   20 98 
   1 14    2 85    3 50    4 94    5 52    6 70    7 70    8 92    9 70   10  8   11 93   12 57   13  5   14 50   15 53   16 42   17 60   18 44   19 94   20 32 
   1 95    2 53    3 32    4 12    5 55    6 71    7 34    8 58    9 11   10 79   11 21   12 65   13 78   14  8   15 98   16 13   17 86   18 28   19 30   20 71 
   1 49    2 38    3 30    4 69    5 64    6 15    7 84    8 69    9 87   10 84   11 29   12 91   13 72   14 63   15 11   16 96   17 36   18 48   19 26   20 84 
   1 51    2 71    3 55    4 49    5 39    6 28    7 72    8 59    9 46   10 23   11 17   12 55   13 89   14 93   15 61   16 76   17 25   18 47   19  5   20 16 
   1 78    2 78    3 21    4 52    5 21    6  3    7 92    8 99    9 48   10 93   11 84   12 37   13 44   14 16   15 91   16 55   17 66   18 85   19 26   20 40 
   1 22    2 81    3 62    4 56    5 36    6 23    7 66    8 37    9 32   10 62   11 63   12 43   13 87   14 54   15 28   16 43   17 16   18 62   19 47   20 41 
   1 93    2 27    3 56    4 32    5 13    6 44    7 10    8 19    9 70   10 72   11 62   12 62   13 41   14 76   15 27   16 96   17 70   18 58   19 66   20 92 
   1  3    2  7    3 11    4 29    5 90    6 48    7 51    8 66    9 88   10 20   11 40   12 97   13 65   14  9   15 13   16 84   17  6   18 66   19 10   20 67 
   1 76    2 22    3 36    4 88    5 11    6 93    7 79    8 38    9  1   10  5   11 52   12 58   13 29   14 18   15 40   16 75   17 96   18 87   19 91   20 36 
   1 57    2 47    3 30    4 20    5 16    6 61    7 19    8 80    9 54   10 15   11  1   12 48   13 82   14 12   15 76   16 22   17 99   18 55   19 53   20 43 
   1  5    2 52    3 82    4 41    5 16    6 82    7 38    8  6    9 38   10 14   11 46   12  4   13 40   14 36   15 68   16 14   17 73   18 76   19 51   20 45 
   1 54    2  5    3 95    4 50    5 22    6 65    7 28    8 32    9 91   10 85   11 33   12 41   13  2   14 85   15 79   16 16   17 68   18 94   19 11   20 63 
   1 31    2 86    3  4    4 21    5 58    6 72    7 96    8 22    9 47   10 59   11 61   12 69   13 53   14 30   15 13   16 24   17 50   18  7   19 66   20 41 
   1 25    2 63    3 73    4 15    5 10    6 36    7 81    8 80    9 55   10 79   11 64   12 46   13 42   14 47   15  7   16 95   17 86   18 47   19 11   20 48 
   1  3    2 89    3 22    4 95    5 28    6  7    7 43    8 86    9 33   10 70   11 38   12 46   13 54   14 19   15 68   16 26   17 37   18 56   19 68   20 68 
   1 29    2  4    3 70    4 88    5 48    6 38    7 82    8 20    9 66   10 67   11 41   12 64   13 13   14 73   15 93   16 42   17 93   18 87   19 70   20 31 
   1 61    2 69    3 83    4  6    5 14    6 41    7 55    8 11    9 79   10 14   11 15   12 23   13 71   14 95   15 85   16 68   17 85   18 43   19 35   20 54 
   1 31    2 51    3 89    4 27    5 65    6 50    7  6    8 25    9 16   10 82   11  6   12 28   13 72   14 10   15 46   16 85   17  4   18 28   19 27   20 34 
   1 27    2 50    3 75    4 49    5 43    6 12    7 15    8 10    9 76   10 91   11 80   12  6   13 41   14 37   15 47   16 79   17 52   18 45   19  5   20 60 
   1 38    2 20    3 36    4 99    5 33    6 22    7 89    8 33    9 94   10 28   11  4   12 36   13 64   14 87   15 65   16 40   17 26   18  6   19 27   20 18 
   1 13    2 73    3 22    4 47    5 69    6 20    7 93    8 26    9 28   10 81   11  7   12 69   13 73   14 15   15 36   16 71   17 68   18 96   19 97   20 70 
   1 45    2 27    3 92    4 51    5 58    6 95    7 82    8 72    9 74   10  2   11 67   12 34   13 72   14 54   15 57   16 91   17 36   18 93   19 94   20 85 
   1 99    2 54    3 13    4 69    5 50    6 18    7 71    8 70    9 48   10 24   11 96   12 48   13 27   14 55   15 93   16 15   17 67   18 81   19 93   20 18 
   1 17    2 71    3 15    4 44    5 28    6 34    7  3    8 95    9 89   10 74   11 43   12 76   13 91   14  6   15 15   16 22   17  8   18 17   19 54   20 73 
   1  2    2 33    3 20    4  3    5 73    6 72    7 74    8 83    9 16   10 49   11 33   12 40   13 38   14 21   15 19   16 50   17 79   18 53   19 55   20 19 
   1 99    2 22    3 57    4 29    5 50    6 52    7 49    8 36    9 87   10 60   11 69   12 59   13 80   14 16   15 36   16 20   17  2   18 54   19 45   20  2 
   1 86    2  9    3 24    4 33    5 98    6 39    7 83    8 82    9 83   10 73   11 82   12 70   13 27   14 16   15 19   16 16   17 53   18 50   19 56   20 54 
   1 28    2 39    3 85    4 98    5 82    6 46    7  8    8  9    9 57   10 98   11 88   12 94   13 39   14 47   15 71   16 24   17 18   18 15   19 38   20 58 
   1 21    2 16    3  2    4 78    5 58    6 25    7 35    8 23    9 60   10 80   11 79   12 15   13 64   14 62   15 95   16 54   17  9   18 42   19 67   20 95 
   1 78    2 82    3 70    4 93    5 75    6 72    7 21    8  8    9 20   10 13   11 16   12 70   13  7   14  7   15  1   16 54   17 60   18 25   19 14   20  6 
   1 79    2 87    3 73    4 71    5  8    6 19    7 33    8 10    9 24   10 54   11 58   12 87   13 85   14 40   15 49   16 57   17 68   18 95   19 64   20 77 
   1 93    2  2    3 34    4 42    5  5    6 49    7 59    8 29    9 65   10 94   11 86   12 48   13  1   14 38   15 75   16 48   17 10   18 56   19 15   20 53 
   1 30    2 27    3 92    4 42    5 28    6 26    7 51    8 72    9 17   10 63   11 41   12 43   13 43   14 56   15 76   16 30   17 40   18 84   19 17   20 27 
   1 50    2 87    3 19    4  5    5 90    6 16    7 49    8 57    9 15   10 95   11 50   12 73   13 91   14 25   15 62   16 40   17 73   18 77   19 93   20 93 
   1 84    2 41    3 84    4 67    5 70    6 76    7 13    8 41    9 64   10  1   11 28   12 73   13 95   14 75   15 37   16  4   17 41   18 45   19  4   20 79 
   1 48    2 79    3 85    4 40    5 29    6 36    7 64    8 58    9 75   10 67   11  1   12 48   13 48   14 66   15 41   16 89   17 29   18 40   19 53   20 32 
   1 37    2 71    3 33    4 75    5 39    6 81    7 26    8  3    9 96   10 37   11 56   12  5   13 31   14 32   15 63   16 20   17 86   18 11   19 96   20 13 
   1 48    2 31    3 28    4 50    5 95    6 22    7 78    8 27    9 73   10 81   11 90   12 39   13 60   14 83   15  7   16  6   17 99   18 12   19 75   20  4 
   1 71    2 37    3 98    4 91    5 52    6 55    7 99    8 63    9 92   10 17   11 79   12 99   13 27   14 21   15 26   16 33   17 42   18 59   19 33   20  2 
   1 72    2 78    3 36    4 68    5 28    6 31    7 57    8 60    9 40   10 37   11 55   12 11   13 10   14 98   15  8   16 54   17 44   18 16   19 38   20 39 
   1  3    2 52    3 57    4 51    5 35    6 99    7 15    8 23    9 44   10 15   11 99   12 78   13 76   14 72   15 61   16 76   17 40   18 45   19 35   20 25 
   1 92    2 81    3 36    4 47    5 18    6 76    7  9    8 97    9 61   10 14   11 68   12 99   13 53   14 73   15 79   16 46   17 81   18 37   19 70   20 37 
   1 57    2 84    3 83    4 31    5 61    6 46    7 76    8 51    9 69   10 25   11 77   12 14   13 14   14 13   15 36   16 71   17 42   18 92   19 20   20 42 
   1 43    2 49    3 74    4 55    5 73    6 94    7 15    8 55    9 64   10 45   11  3   12 72   13 48   14 80   15 77   16 26   17 77   18 71   19 19   20 73 
   1 60    2 17    3 39    4 17    5 54    6 81    7 24    8 31    9 13   10 75   11 61   12 74   13 97   14 55   15 60   16 51   17 59   18 63   19  3   20 71 
   1 26    2 16    3 34    4  7    5 51    6  3    7 44    8 21    9 14   10 53   11 80   12 85   13 58   14 22   15 80   16 18   17 79   18 42   19 43   20 55 
   1 52    2 59    3 80    4 93    5 12    6 91    7 49    8 55    9 42   10 59   11 10   12 64   13 73   14 67   15 32   16  7   17  5   18 80   19 63   20 96 
   1 50    2 12    3 22    4 51    5 19    6 71    7 92    8 56    9 55   10  9   11 43   12 80   13 77   14 16   15 62   16 13   17 11   18 61   19 43   20 28 
   1 33    2 57    3 77    4 25    5 89    6 62    7 98    8  4    9 73   10 44   11 28   12 19   13 45   14 65   15 89   16 18   17  4   18 80   19 46   20 92 
   1 77    2 44    3 21    4 31    5 80    6 36    7 74    8 83    9 95   10 45   11 55   12 76   13 41   14  9   15 57   16 89   17 22   18 70   19 13   20 47 
   1  7    2 38    3 20    4  7    5 44    6 15    7 83    8 95    9 31   10 16   11 51   12 68   13 86   14 52   15 47   16 64   17 70   18 16   19 84   20  1 
   1 64    2 55    3  9    4 78    5 51    6 11    7 82    8  6    9 66   10 10   11 67   12 21   13 80   14 43   15 55   16 56   17 64   18 92   19 68   20 65 
   1 10    2  1    3 53    4 63    5 81    6 64    7 95    8 31    9 40   10 98   11 13   12 60   13 43   14 70   15 80   16 64   17 86   18 44   19 24   20  1 
   1 89    2 96    3 57    4 14    5 63    6 40    7  4    8 25    9  4   10 81   11 81   12  4   13 75   14 87   15  3   16 41   17 23   18 16   19 73   20 42 
   1 64    2 39    3 48    4 76    5 60    6 46    7 80    8 58    9 55   10 35   11 39   12 24   13 46   14 72   15  6   16 16   17 18   18 41   19 83   20 64 
   1 25    2 66    3 15    4 11    5 78    6 53    7  2    8  8    9 65   10 38   11 39   12 26   13 87   14 56   15 37   16 12   17 16   18 20   19 52   20 58 
   1 67    2 86    3 98    4 91    5  7    6 29    7 80    8 67    9 16   10 44   11 80   12 45   13 34   14 59   15 95   16 20   17 89   18 80   19 83   20 75 
   1 43    2 53    3 85    4 24    5 89    6 19    7 36    8 41    9  5   10 47   11 99   12 75   13 79   14 21   15 35   16 11   17 89   18 37   19 57   20 59 
   1 27    2 26    3 41    4 77    5 14    6 17    7 54    8 75    9 96   10  2   11 16   12 14   13 34   14 52   15 11   16 73   17  2   18 19   19 95   20 15 
   1 73    2 37    3 97    4 17    5 12    6 30    7 79    8 93    9 85   10 53   11  5   12  5   13 53   14 93   15 10   16 65   17 71   18 82   19 99   20 51 
   1 92    2 29    3 92    4 35    5  8    6 67    7 27    8 79    9 85   10 83   11 89   12 36   13 17   14 26   15 55   16 97   17 77   18  2   19 91   20  9 
   1 59    2 93    3 44    4 18    5 67    6 51    7 94    8 67    9 31   10 69   11 11   12 59   13 38   14 44   15 78   16 29   17 74   18 69   19 81   20 86 
   1 16    2 75    3 11    4 66    5 82    6 82    7 25    8 92    9 54   10 49   11 22   12 15   13 18   14 66   15 90   16 54   17  1   18 98   19 41   20 84 
   1 78    2 99    3 82    4 10    5 66    6 51    7 41    8 85    9  9   10 76   11 64   12 30   13 49   14 20   15 61   16 87   17 20   18 49   19 15   20 35 
   1 24    2  6    3 50    4  9    5 87    6 46    7 26    8 82    9 12   10 60   11 80   12 14   13 95   14 40   15 82   16 43   17 76   18 96   19 57   20  2 
   1 25    2 72    3  7    4 10    5  7    6 37    7 10    8 69    9 99   10 45   11 47   12 24   13 22   14 90   15 79   16 62   17 54   18  9   19 58   20 53 
   1 85    2 95    3  7    4 15    5  3    6 30    7 73    8 50    9 94   10 81   11 22   12 69   13 92   14 52   15 48   16 74   17 49   18 83   19 60   20  3 
   1 85    2 82    3 53    4 73    5 67    6  4    7 86    8 72    9 22   10  5   11 96   12 91   13 50   14 46   15 11   16 96   17 73   18 27   19 96   20  6 
   1 93    2 17    3 96    4 20    5 76    6 67    7 47    8 41    9 45   10 32   11 78   12 66   13 83   14 85   15 18   16 13   17  7   18 77   19 76   20 93 
   1 66    2  3    3 73    4 89    5 37    6 77    7 57    8 66    9 83   10 67   11 82   12 74   13 84   14  8   15 50   16 44   17 65   18  4   19 98   20 75 
   1 16    2 59    3 53    4 51    5 46    6 52    7 30    8 15    9 59   10 68   11 42   12 25   13 24   14 19   15 43   16 68   17 10   18 77   19 53   20 48 
   1 84    2 25    3 88    4 61    5 92    6 63    7 50    8 88    9 19   10 81   11 58   12 76   13 31   14 93   15 46   16 38   17 25   18 56   19 68   20 56 
   1 21    2 75    3 17    4 62    5 71    6 66    7 81    8  2    9 42   10 48   11 40   12 31   13 96   14 74   15 44   16 36   17  5   18 54   19 36   20 60 
   1 72    2 95    3 17    4 47    5 38    6 78    7 53    8 45    9 26   10 47   11 21   12 63   13 76   14 24   15 10   16 90   17 28   18 21   19 68   20 20 
   1  2    2 21    3 25    4 88    5  6    6 32    7  4    8 20    9 42   10 72   11 76   12 87   13 92   14 47   15 95   16 55   17 13   18 66   19 64   20 83 
   1 57    2 80    3 31    4 28    5 91    6 60    7 86    8  4    9  9   10  6   11 44   12  9   13 98   14 31   15 30   16  7   17 29   18 85   19 22   20 12 
   1  8    2 51    3 34    4 48    5 63    6 44    7 43    8 28    9 63   10  9   11 21   12 21   13 87   14  2   15 89   16 46   17 61   18 59   19 61   20 55 
   1 52    2 34    3 23    4 93    5 38    6 71    7 95    8 82    9 90   10  6   11 66   12 66   13 55   14 56   15 34   16 58   17 57   18 39   19  2   20 75 
   1 34    2 28    3 88    4 83    5 30    6 23    7 72    8 99    9 58   10 26   11 35   12 77   13 37   14 94   15 95   16 31   17 39   18 97   19 77   20 64 
   1 88    2 10    3 35    4 18    5 91    6 74    7 57    8 18    9 79   10 37   11 47   12 69   13 68   14 36   15 95   16  5   17 24   18 91   19 85   20  7 
   1 76    2 63    3 56    4 54    5 92    6 99    7 56    8 60    9 59   10 35   11 21   12 30   13 60   14 44   15 98   16 80   17 93   18 15   19 10   20 15 
   1 93    2 59    3 16    4 27    5 37    6 71    7 10    8 22    9 11   10 33   11 56   12 95   13 62   14 90   15 74   16 62   17 50   18 18   19 30   20 89 
   1 69    2 55    3 10    4 21    5  5    6 13    7 72    8  9    9 86   10 80   11 44   12 45   13 22   14 33   15 48   16 16   17 35   18 18   19 81   20 35 
   1 48    2 52    3 44    4 84    5 32    6 89    7 97    8 45    9 85   10 16   11 71   12 30   13 77   14 50   15 13   16 46   17 72   18 12   19 74   20 81 
   1  5    2 77    3  9    4 57    5 16    6 84    7 99    8 58    9 17   10 73   11 33   12  5   13 78   14 42   15 55   16 70   17 93   18 76   19 47   20 40 
   1 80    2 73    3 84    4 83    5 45    6 13    7 41    8 61    9 73   10 86   11 50   12 52   13  1   14  7   15 68   16  6   17 12   18 12   19 49   20 68 
   1  6    2 58    3 77    4 82    5 81    6 86    7 54    8 97    9 30   10 71   11 64   12 27   13 17   14 21   15  6   16 64   17 55   18 88   19 89   20 66 
   1 71    2 56    3 49    4 40    5  8    6 61    7 87    8 13    9 15   10  1   11 19   12 52   13 54   14 17   15 73   16 97   17 54   18 92   19 82   20 66 
   1 16    2 88    3 83    4 26    5 77    6 77    7  5    8 12    9 53   10 56   11 27   12 89   13 40   14 71   15 14   16 76   17 69   18 64   19 25   20 75 
   1 55    2 24    3 78    4 22    5 31    6 12    7  6    8 95    9 43   10 68   11 71   12 80   13 47   14 78   15 12   16 16   17  6   18 15   19 13   20 81 
   1 26    2 64    3 14    4 64    5 43    6 54    7 30    8 94    9 97   10 74   11 74   12  3   13 78   14 37   15 80   16 50   17 77   18 37   19 38   20  2 
   1 46    2 22    3 25    4 42    5 10    6 57    7 96    8 86    9 85   10 68   11 61   12 34   13 29   14 39   15 63   16 12   17 17   18 54   19 22   20 62 
   1 57    2 22    3 77    4 81    5 85    6 49    7 91    8 16    9 45   10 92   11 66   12 70   13 83   14 11   15 19   16 52   17 34   18 57   19  4   20 20 
   1 18    2 47    3 32    4 31    5 34    6 30    7 17    8 86    9 11   10 42   11 26   12  7   13 44   14  3   15 22   16 33   17 39   18  7   19 84   20 35 
   1  7    2  8    3 69    4 22    5 70    6 37    7 74    8 59    9 68   10 59   11 57   12 39   13 82   14 22   15  8   16 59   17 83   18 61   19  6   20 17 
   1 85    2 71    3 65    4 15    5  5    6 99    7 10    8 82    9  6   10 21   11 22   12 99   13 65   14 28   15 89   16 43   17 38   18 83   19 40   20 60 
   1 87    2 23    3  2    4 42    5 17    6 94    7 23    8 47    9 28   10 49   11 26   12 74   13  2   14 63   15 62   16 72   17 91   18 64   19 27   20 62 
   1 38    2 58    3 32    4 99    5 46    6 25    7 19    8 24    9 36   10  8   11 75   12 10   13 37   14 72   15 94   16 26   17 33   18 74   19 53   20 55 
   1 75    2 68    3 93    4 72    5 71    6 40    7 27    8 67    9 56   10 51   11 69   12  9   13 36   14 52   15 26   16 60   17  7   18 29   19 74   20 21 
   1 70    2 22    3 17    4 82    5 42    6 34    7 55    8 41    9 59   10 53   11 59   12 10   13 50   14 36   15 20   16 36   17  1   18 13   19 86   20 46 
   1 98    2 68    3  6    4 45    5 18    6 18    7 44    8 95    9 64   10 91   11 60   12 86   13 40   14 14   15 73   16 22   17 65   18 29   19 93   20 71 
   1  1    2 95    3 19    4 54    5 36    6 26    7 13    8 89    9  3   10 67   11 85   12 56   13 27   14 11   15 76   16 75   17 29   18 93   19  3   20 74 
   1 47    2  2    3 18    4  5    5 17    6 86    7 85    8 48    9 37   10  2   11 34   12 22   13 61   14 57   15 33   16 15   17 10   18 75   19 78   20  8 
   1 47    2 94    3 93    4 23    5 71    6  8    7 55    8  4    9 65   10 58   11 11   12 18   13 79   14 68   15 33   16 16   17 58   18 20   19 27   20 11 
   1 36    2 30    3 36    4 41    5 23    6 24    7 97    8 56    9 20   10 76   11 95   12  3   13 60   14 74   15 30   16 17   17 64   18 84   19 90   20 99 
   1 16    2 10    3 62    4 10    5 29    6 12    7 93    8 16    9 39   10 41   11 36   12 59   13  2   14 16   15 68   16 32   17 60   18 91   19 38   20 37 
   1 48    2 56    3 44    4 96    5 67    6 65    7 75    8 36    9 71   10 77   11 66   12 20   13 74   14  4   15 92   16 34   17 22   18 30   19 89   20 13 
   1 60    2 87    3 33    4 36    5 64    6 70    7  1    8 21    9 48   10 48   11 77   12 58   13  7   14 73   15 63   16 98   17 91   18 53   19 10   20 48 
   1 92    2 77    3  8    4 19    5 94    6 92    7 58    8 41    9 64   10 82   11 32   12 14   13 57   14  4   15 97   16 60   17 13   18  7   19 81   20 84 
   1 58    2 49    3 44    4 51    5 77    6 23    7 54    8 75    9 57   10 58   11 78   12 27   13 84   14 53   15 72   16 50   17 75   18 77   19 35   20 92 
   1 15    2 21    3 34    4 35    5 89    6  7    7 26    8 35    9  6   10 27   11 30   12 27   13 42   14 30   15 31   16 91   17 40   18 41   19  8   20 78 
   1 82    2 30    3 23    4 26    5 58    6 42    7 35    8  9    9 99   10 30   11  6   12 97   13 62   14 43   15 39   16 95   17 36   18 34   19 79   20  5 
   1 75    2 48    3  2    4 73    5 10    6 82    7 41    8 15    9 91   10 68   11 20   12 13   13 78   14 10   15 45   16 87   17 25   18 32   19 70   20  7 
   1 82    2 17    3 56    4 82    5 60    6 69    7 85    8  3    9 48   10 80   11 32   12 45   13 96   14 84   15  1   16 59   17 37   18 90   19 41   20 44 
   1 20    2 32    3 65    4 67    5  7    6 63    7 42    8 66    9 36   10 66   11 34   12 57   13 45   14 86   15  6   16 84   17 49   18 74   19 29   20 83 
   1 43    2 19    3  2    4 45    5 96    6 14    7 33    8  4    9 71   10 98   11 11   12 21   13 29   14 89   15 26   16 85   17 74   18 51   19 11   20 21 
   1 78    2 38    3  1    4 83    5 79    6 89    7 90    8 17    9 49   10 59   11 73   12 66   13 46   14 47   15 68   16 91   17 93   18 58   19 68   20 36 
   1 58    2 95    3 25    4 66    5 36    6 53    7 88    8 10    9 90   10 57   11 24   12 75   13 66   14 93   15 40   16 89   17 28   18 92   19 66   20 54 
   1 65    2 39    3 59    4  5    5 72    6 34    7 86    8 22    9 21   10 93   11 82   12 33   13 47   14 54   15 71   16  5   17 52   18 64   19 36   20 38 
   1 63    2 49    3 93    4 70    5 84    6 70    7 30    8 83    9 33   10 12   11 27   12 66   13 42   14 95   15  3   16  9   17 65   18 13   19  4   20 63 
   1 13    2 14    3 93    4 26    5 15    6  6    7  1    8 55    9  6   10 67   11 51   12 55   13 92   14 25   15 58   16 76   17 43   18 72   19 35   20 43 
   1 20    2 94    3 13    4 58    5 75    6 64    7  3    8 21    9 76   10 17   11 57   12 31   13 78   14 55   15 85   16  4   17 49   18 49   19 58   20 26 
   1 26    2 40    3 71    4 74    5 76    6 37    7 74    8 40    9 86   10 69   11  3   12 42   13 85   14 42   15  4   16 84   17  7   18 69   19 50   20 26 
   1 45    2 67    3  4    4 44    5 46    6 93    7 79    8 71    9 14   10 83   11 14   12 19   13 97   14  5   15 93   16 18   17 32   18  8   19 73   20 92 
   1 44    2 83    3 55    4  4    5 63    6 53    7  7    8 74    9 40   10  1   11 97   12 77   13 72   14 26   15 52   16 37   17 51   18  6   19 56   20 99 
   1 13    2 67    3 82    4 98    5 72    6 71    7 87    8 53    9 73   10 20   11 28   12 48   13 77   14 14   15 49   16 75   17  2   18 29   19 65   20 92 
   1 28    2  4    3 69    4  3    5 41    6 28    7 14    8  7    9  8   10 84   11  1   12 90   13 67   14 60   15 20   16 83   17 77   18 45   19 31   20 34 
   1 29    2 20    3 89    4 69    5 74    6 98    7 45    8 32    9 32   10  1   11 48   12 12   13 96   14 65   15 82   16  2   17 54   18  2   19 59   20 73 
   1 67    2 85    3 26    4 72    5 61    6 91    7 66    8 32    9 31   10 99   11 99   12  2   13  8   14 20   15 50   16 96   17 65   18 98   19 76   20 50 
   1 95    2 15    3  4    4 49    5 23    6 47    7 66    8 80    9 28   10  7   11 13   12 50   13 58   14 62   15 73   16 53   17  5   18 36   19 47   20 20 
   1  7    2 23    3 59    4 35    5  3    6 24    7 84    8 56    9 19   10 26   11 79   12 43   13 82   14 88   15 38   16 57   17 98   18 47   19 96   20 52 
   1  2    2  2    3 80    4 90    5 11    6 81    7 31    8 71    9 54   10 60   11 78   12 81   13 62   14 56   15  6   16 78   17 19   18 73   19  9   20 72 
   1 78    2 56    3 64    4 98    5 70    6 74    7 84    8 76    9 63   10 57   11 44   12 40   13 23   14 88   15 34   16 24   17 47   18  1   19 64   20 31 
   1 72    2 49    3 39    4 14    5 91    6 82    7 21    8 58    9 40   10 10   11 93   12  5   13  9   14 12   15 54   16 15   17 20   18 58   19 89   20 97 
   1 62    2 23    3 25    4  1    5 73    6 20    7 48    8 73    9 25   10 14   11 15   12  9   13 48   14 90   15 96   16 27   17 92   18 47   19 89   20 80 
   1 25    2 34    3 36    4 13    5 66    6 24    7 45    8 81    9 67   10 25   11 15   12  2   13 63   14 95   15 21   16 36   17 56   18 24   19 82   20 60 
   1 21    2 65    3 17    4 99    5 38    6  5    7 49    8 66    9 61   10 85   11 20   12 77   13 97   14 97   15 22   16  3   17 31   18 32   19 92   20 59 
   1 72    2 82    3 33    4 85    5 18    6 84    7 15    8 17    9  3   10 15   11 70   12 81   13 35   14 74   15 29   16 82   17  1   18 30   19 23   20 64 
   1  3    2 42    3 87    4 56    5 80    6 56    7 78    8 64    9 84   10 78   11  7   12 37   13 34   14 14   15 10   16 20   17 39   18 23   19  4   20 49 
   1 93    2 14    3 41    4 13    5  5    6 47    7 51    8 94    9 35   10 71   11 74   12 33   13 89   14 63   15 29   16 21   17 76   18  8   19 25   20 71 
   1 70    2 36    3 46    4 42    5 19    6 33    7 56    8 14    9 51   10 69   11 60   12 64   13 87   14 31   15 78   16 98   17 31   18 40   19 92   20 97 
   1 24    2 86    3 31    4  4    5 96    6 84    7 27    8 11    9 95   10 32   11 39   12 60   13 40   14 41   15 19   16 26   17 47   18 42   19 83   20 24 
   1  1    2 53    3  5    4 94    5 95    6 72    7 44    8 99    9 72   10 84   11 77   12 99   13 31   14 48   15 25   16 87   17 83   18 16   19 41   20 97 
   1 57    2 26    3 80    4 18    5 49    6 90    7 80    8 28    9 11   10  1   11 51   12 29   13 88   14  6   15 57   16 40   17 32   18 29   19  9   20 49 
   1 46    2 85    3 98    4 71    5 47    6  9    7 57    8 19    9 93   10 27   11 46   12  1   13 70   14 52   15 27   16 37   17 42   18 88   19 76   20 47 
   1 46    2 48    3 29    4 13    5 62    6 71    7 84    8 47    9 54   10 50   11 10   12 70   13 98   14 65   15 34   16 70   17 89   18 37   19 93   20 83 
   1 52    2 41    3 88    4 66    5 79    6 77    7 19    8 34    9 94   10 78   11 32   12 95   13 74   14 52   15 20   16 98   17  5   18 20   19 90   20 20 
   1 71    2 29    3 96    4 36    5  5    6 21    7 53    8 33    9 29   10 61   11 67   12 51   13 77   14 57   15 59   16 48   17 45   18 32   19 20   20 25 
   1 58    2 11    3 56    4 37    5 20    6 16    7 39    8 51    9 64   10 73   11 37   12 70   13 58   14 54   15 22   16 64   17 25   18 92   19 98   20 13 
   1 41    2 76    3 11    4 79    5 45    6 44    7 99    8 26    9 90   10 82   11 39   12 45   13 65   14  7   15 83   16 43   17 90   18 91   19 60   20 72 
   1 34    2 23    3 20    4 81    5 97    6 55    7 83    8 47    9 71   10 26   11 58   12 76   13 86   14  3   15 44   16 82   17 86   18 52   19 72   20 38 
   1 79    2  3    3 14    4 26    5 29    6 16    7  8    8 12    9 67   10 27   11 30   12  2   13  2   14 46   15 36   16 34   17 58   18 60   19 36   20  9 
   1 17    2 62    3 36    4 56    5 97    6 59    7 12    8 29    9 70   10 46   11 97   12 26   13 41   14 21   15 60   16 71   17 84   18 51   19 46   20 67 
   1 73    2 65    3 95    4 30    5 55    6 13    7 15    8 61    9 48   10 70   11 93   12 78   13 81   14 52   15 70   16 54   17 16   18 95   19 93   20 78 
   1 25    2 84    3 57    4 88    5 41    6 33    7 68    8 54    9 81   10 19   11 39   12 71   13 41   14 63   15 75   16 87   17 27   18 61   19 98   20 86 
   1 27    2 54    3 35    4 83    5 39    6  6    7 78    8 80    9 81   10 94   11 69   12 37   13 29   14 99   15 91   16 27   17  3   18 28   19 17   20 18 
   1 42    2 62    3 64    4 83    5 62    6 51    7 24    8 41    9 86   10 76   11 67   12 27   13 93   14 32   15 19   16 11   17 95   18 54   19 17   20 74 
   1 89    2 34    3 25    4 58    5 54    6 64    7 22    8 15    9 54   10 89   11 81   12  7   13 24   14 44   15 47   16 71   17 61   18 23   19 69   20 92 
   1 19    2 84    3 52    4  6    5 37    6 19    7 26    8  1    9 25   10  1   11 25   12 92   13 24   14 80   15 46   16 59   17 93   18 89   19 98   20 97 
   1 78    2 35    3 46    4 47    5 99    6 60    7 34    8 48    9 32   10 94   11 50   12 78   13  9   14 53   15 95   16 67   17 48   18 11   19  7   20  9 
   1 86    2 73    3 82    4 58    5 83    6  4    7  4    8 90    9 71   10 23   11 36   12 43   13 83   14 15   15 62   16 73   17 59   18 28   19 92   20 97 
   1 63    2 12    3 67    4 57    5 33    6 34    7 21    8 62    9 14   10 17   11 42   12 87   13 60   14 27   15 37   16 16   17 71   18 20   19 58   20 49 
   1 92    2 26    3 62    4 73    5 57    6 22    7 81    8 64    9  9   10 96   11 32   12  2   13 73   14  1   15  7   16 69   17 12   18 60   19 35   20 15 
   1 25    2 56    3 76    4 70    5 68    6 24    7 71    8 77    9 52   10 37   11 31   12 94   13 76   14 14   15 97   16 32   17 10   18 59   19 12   20 88 
   1 11    2 12    3 71    4  1    5 90    6 28    7 35    8 48    9 24   10 54   11 31   12 21   13 54   14 32   15 14   16 24   17  3   18  5   19 77   20 71 
   1 44    2 77    3 44    4 92    5 59    6 96    7 59    8 24    9 10   10 24   11 91   12 74   13 58   14 61   15 10   16 12   17 33   18 72   19 63   20 30 
   1 14    2 51    3 52    4 14    5 58    6 82    7 45    8 95    9 21   10 58   11 91   12 18   13 40   14 27   15 25   16  2   17 79   18 22   19 74   20 85 
   1 65    2  2    3 31    4  8    5 20    6 44    7 55    8 18    9 22   10 82   11 38   12 35   13 15   14 97   15 20   16 43   17 63   18 59   19 99   20 79 
   1 23    2 46    3 38    4 40    5 77    6 16    7 44    8 91    9 32   10 33   11 32   12  1   13 17   14 40   15 81   16 91   17 47   18 26   19 13   20 80 
   1 47    2 27    3 65    4 78    5 95    6 85    7 64    8 30    9 46   10 69   11 13   12 20   13 89   14 36   15 28   16  4   17 27   18 20   19 78   20 36 
   1 59    2 87    3 95    4 22    5 86    6 39    7 93    8 95    9 63   10 36   11 99   12 87   13 29   14 79   15 77   16 36   17 52   18 24   19 85   20 53 
   1 30    2 56    3 86    4 89    5 77    6 27    7 92    8  9    9 22   10 93   11  6   12 58   13 26   14 75   15 59   16 50   17 87   18 12   19 37   20 73 
   1 74    2 41    3 27    4 85    5 45    6  1    7 80    8 49    9 67   10 42   11 56   12 13   13 42   14 72   15 67   16 46   17 83   18 64   19  1   20 53 
   1 86    2 47    3 55    4 34    5 68    6 79    7 69    8 48    9  4   10 81   11 38   12 51   13 65   14 19   15 96   16 33   17 63   18 87   19 26   20 55 

