ta120
500 20
   1 69    2 80    3 76    4 46    5  7    6 64    7 20    8 17    9  8   10 29   11 48   12 55   13 12   14 31   15 17   16 69   17 78   18 58   19 57   20 86 
   1 51    2 90    3 24    4 91    5 42    6 53    7 33    8 50    9 24   10 85   11 75   12 15   13 71   14 83   15 65   16  3   17 63   18 47   19 91   20 20 
   1  9    2 49    3 78    4 74    5 32    6 24    7 70    8 45    9 58   10 71   11 49   12 34   13 86   14  3   15 50   16 76   17 40   18 39   19 19   20 49 
   1 16    2 59    3 17    4 19    5 47    6 73    7 62    8 11    9 27   10 16   11 92   12 99   13 38   14 75   15 33   16 77   17 40   18 65   19 97   20 49 
   1 14    2 24    3 10    4 34    5 87    6 22    7 19    8 12    9 97   10 84   11 66   12 19   13 34   14 46   15 86   16 33   17 96   18 99   19 11   20 24 
   1 53    2 25    3 59    4 51    5 73    6 14    7 89    8 54    9 46   10 84   11 91   12 82   13 53   14 64   15 97   16 17   17  7   18 14   19 60   20 46 
   1 22    2 17    3 77    4 13    5 13    6 84    7 83    8 59    9 50   10 26   11 43   12 98   13 55   14 67   15 22   16 74   17 83   18 57   19 83   20 18 
   1 81    2 63    3 34    4 54    5 36    6 82    7 91    8 69    9 83   10  6   11 97   12 33   13 92   14 20   15  7   16 56   17 36   18 72   19 49   20 74 
   1 50    2 10    3 70    4 23    5 14    6  7    7 71    8 15    9 15   10 40   11 67   12  2   13 98   14 11   15 76   16 58   17 32   18  4   19 24   20  6 
   1 46    2 13    3 34    4 49    5 69    6 72    7 62    8 11    9 96   10 58   11 61   12 78   13 91   14 18   15 85   16 20   17 53   18 70   19 84   20 49 
   1 54    2 70    3 37    4  9    5 94    6 90    7 17    8 54    9  3   10 23   11 53   12 49   13 46   14 44   15 92   16 97   17 93   18 12   19  8   20 62 
   1  7    2 43    3 39    4  8    5 80    6 79    7 18    8  6    9 43   10 68   11 21   12  9   13 83   14 14   15 35   16 51   17 76   18 29   19 97   20 43 
   1 30    2 46    3 94    4  6    5 89    6  8    7 18    8 60    9 18   10 33   11  7   12 85   13 32   14 10   15 83   16 72   17 33   18 54   19 73   20 78 
   1 55    2 65    3 98    4 39    5 13    6 50    7  3    8 35    9 70   10 46   11 73   12 66   13 26   14  5   15 97   16 41   17 31   18  3   19 58   20 72 
   1 83    2 60    3 56    4 93    5 38    6 58    7 54    8 35    9 82   10 14   11 69   12 71   13 47   14  6   15 10   16 21   17 10   18 57   19 38   20  9 
   1 29    2  3    3 11    4 45    5 16    6 27    7 21    8 94    9 89   10 79   11 77   12 15   13 24   14 58   15 18   16 75   17 37   18 10   19 88   20 33 
   1 51    2 29    3 98    4 66    5 39    6  2    7 47    8 52    9 16   10 43   11 36   12 35   13 73   14  5   15 80   16 83   17 21   18 15   19 57   20 94 
   1 84    2 31    3 30    4 75    5 43    6 74    7 62    8 36    9  1   10 61   11 95   12  6   13 80   14 25   15  8   16 91   17 39   18 15   19 37   20 25 
   1 24    2 61    3  6    4 49    5 76    6 35    7 11    8 63    9 75   10 77   11 49   12 76   13 87   14 63   15 45   16 49   17 11   18 24   19  7   20 44 
   1 43    2 85    3 48    4  8    5  2    6 11    7 47    8 93    9 71   10 78   11 78   12 88   13 91   14 48   15 55   16 35   17 24   18 77   19 85   20  2 
   1 68    2 94    3  2    4 75    5 76    6 53    7 48    8 52    9 34   10 63   11 34   12 46   13 38   14 46   15 89   16 92   17 36   18  6   19 47   20 64 
   1 96    2 67    3 21    4 16    5 65    6 96    7 35    8 36    9 20   10 25   11 72   12 40   13 79   14 29   15 25   16 68   17 66   18 30   19 88   20 39 
   1 86    2 55    3 74    4 59    5 89    6 64    7 72    8 12    9 82   10 46   11 75   12 41   13 99   14 84   15 78   16 53   17 15   18 20   19 19   20 32 
   1 92    2 28    3 31    4 71    5 15    6 31    7 19    8  2    9 51   10 55   11 77   12 58   13 21   14 57   15 71   16 86   17  8   18 23   19 77   20  5 
   1 70    2 65    3 45    4  1    5 15    6  7    7 20    8 38    9 23   10 15   11 14   12 20   13 26   14 60   15 41   16  2   17  2   18 46   19 69   20 14 
   1 52    2 93    3 95    4 37    5 34    6 82    7 67    8 77    9 82   10 66   11 32   12 82   13 63   14 18   15 12   16 10   17  7   18 11   19 78   20  5 
   1 45    2 41    3 92    4 78    5  6    6 95    7 24    8 93    9 58   10 52   11 11   12 46   13 65   14 85   15 74   16 51   17 39   18 68   19 56   20 85 
   1  6    2 16    3 65    4 86    5 91    6 23    7 12    8 94    9 52   10 93   11 36   12 49   13 24   14 38   15 94   16 62   17 27   18 77   19 51   20 75 
   1 84    2 81    3 30    4 12    5 60    6 22    7 37    8 70    9 81   10 75   11  9   12 69   13  8   14 53   15 22   16 88   17 75   18  3   19 57   20 64 
   1 76    2 42    3 39    4  6    5 92    6 95    7 93    8 92    9 18   10 90   11 68   12 99   13 44   14 30   15 51   16 37   17 51   18 13   19 68   20 56 
   1 26    2 59    3 16    4 91    5 79    6 47    7 52    8  4    9 33   10 85   11 63   12 25   13 81   14 91   15 95   16 80   17 21   18 16   19  9   20 97 
   1 35    2 71    3 60    4 68    5 23    6 92    7 60    8 54    9  9   10 14   11 55   12 73   13  7   14  2   15  9   16 42   17 96   18 14   19 70   20 12 
   1 50    2 87    3 60    4 50    5 34    6 34    7 86    8 69    9 99   10 79   11 52   12  2   13 87   14 95   15  2   16 70   17  5   18  3   19 56   20 63 
   1 87    2 69    3  5    4 61    5 27    6 21    7  5    8 81    9 23   10 13   11 30   12 93   13 20   14 33   15 70   16 78   17 90   18 36   19 64   20 38 
   1 55    2 80    3 25    4 10    5 97    6 12    7 41    8 61    9 84   10 84   11 90   12 52   13 51   14 55   15 77   16  9   17 71   18  1   19 84   20 62 
   1 55    2 10    3 95    4 94    5 90    6 49    7 70    8 75    9  5   10 39   11 10   12 57   13 59   14 78   15 41   16 91   17  6   18 55   19 36   20 89 
   1 87    2 80    3 18    4  1    5 17    6 37    7  8    8 71    9 26   10 91   11 80   12 70   13 79   14 58   15 49   16 60   17 95   18 17   19 28   20 32 
   1 72    2 15    3 16    4 35    5 17    6 24    7 56    8 51    9  5   10 62   11 96   12 22   13  6   14 10   15 47   16 13   17 93   18 21   19 48   20 66 
   1 63    2 57    3 66    4  3    5 43    6 58    7 99    8 58    9 15   10 33   11 79   12 76   13 51   14 62   15 18   16 55   17 56   18 82   19 32   20 62 
   1 43    2  9    3 97    4  1    5 71    6 97    7 14    8 63    9 59   10 28   11 18   12 91   13 72   14 88   15 10   16 84   17 58   18  6   19 55   20 54 
   1 37    2 86    3 22    4 65    5 11    6 75    7 47    8 37    9 81   10 26   11 21   12  3   13  7   14 86   15 70   16  4   17 80   18 80   19 49   20 76 
   1 77    2 22    3 69    4 17    5 47    6 18    7 29    8 93    9 63   10 58   11 52   12 77   13 56   14 83   15 10   16 83   17 83   18 51   19 47   20 84 
   1  5    2 70    3 25    4 73    5 32    6 32    7 61    8 12    9 67   10 61   11  1   12 48   13 99   14 91   15 81   16 63   17 42   18 34   19  1   20  5 
   1 26    2 15    3 11    4 12    5 54    6 70    7 57    8 48    9 37   10 38   11 23   12 98   13 64   14 49   15 40   16 65   17 41   18 11   19 11   20 59 
   1 68    2 32    3 24    4 80    5  1    6 41    7 83    8 50    9 53   10 22   11 75   12  3   13 86   14  8   15 46   16 86   17 66   18 61   19 15   20 27 
   1 58    2  7    3 84    4 56    5 50    6 20    7 27    8 91    9 87   10 10   11 59   12 20   13 76   14 18   15  9   16 64   17 52   18 61   19  5   20 62 
   1 69    2 30    3 23    4 15    5 20    6 29    7 21    8 53    9 51   10 11   11 11   12 77   13 89   14 25   15 26   16 51   17 26   18 66   19  7   20 74 
   1 79    2 92    3 11    4 60    5 43    6 79    7 74    8 38    9 70   10 83   11 55   12 18   13 31   14 30   15 14   16 95   17 36   18 15   19 63   20 20 
   1 49    2 77    3  5    4 88    5  1    6 97    7 27    8 23    9 52   10 95   11 93   12 50   13 70   14 40   15 51   16 75   17  8   18 73   19 47   20 70 
   1 40    2  1    3 21    4  6    5 23    6 66    7 76    8 62    9 82   10 51   11 83   12 18   13 22   14 53   15  1   16 95   17 39   18  9   19 15   20 81 
   1  9    2 26    3 95    4 13    5 13    6 36    7 82    8 54    9 61   10 41   11 99   12 40   13 66   14 24   15 29   16 44   17 46   18 91   19  7   20 27 
   1 30    2 39    3 64    4 83    5 43    6 52    7 99    8 83    9  5   10 13   11 61   12 55   13 73   14 88   15 61   16 73   17 41   18 13   19 95   20 72 
   1 86    2 80    3 46    4 79    5 95    6 60    7 94    8 73    9 90   10 70   11 43   12 58   13 28   14  6   15 52   16 53   17 56   18 57   19 12   20 42 
   1  9    2 58    3 48    4 45    5  7    6 41    7 29    8 23    9 48   10 32   11 23   12 51   13 28   14 95   15 27   16  5   17 86   18 99   19 71   20 58 
   1 41    2 88    3 15    4 67    5 76    6  6    7 25    8 31    9 72   10  3   11 48   12 62   13 70   14 33   15 73   16  2   17 61   18 92   19 26   20 15 
   1 12    2 19    3 44    4 80    5  9    6 70    7 97    8 50    9 80   10 51   11 86   12 99   13 16   14 64   15 40   16 56   17 76   18 56   19 19   20 53 
   1 59    2 71    3 52    4 96    5  2    6 75    7 48    8 34    9 22   10 90   11 97   12 18   13 60   14 28   15 97   16 75   17 61   18 16   19 74   20 85 
   1 75    2 29    3 40    4 10    5 79    6 92    7 26    8 68    9 58   10 35   11 29   12 34   13 61   14 92   15 32   16 63   17 95   18  1   19 78   20 84 
   1 32    2 42    3 94    4 66    5 16    6 24    7 80    8 94    9 35   10 18   11 87   12 58   13 41   14 48   15 15   16 43   17  8   18 53   19 93   20 89 
   1 33    2 96    3 34    4 50    5 25    6 78    7 33    8 43    9 58   10 81   11  3   12 53   13 73   14 60   15 84   16 55   17 71   18 11   19 67   20 60 
   1 77    2 17    3  5    4 30    5 68    6 40    7 10    8 41    9 66   10 22   11 85   12 59   13 52   14  4   15 65   16 97   17 97   18 66   19 50   20 29 
   1 45    2 84    3  6    4 97    5 27    6 89    7 85    8 34    9 59   10 60   11  5   12 13   13  8   14 52   15 26   16 15   17 90   18 36   19  1   20 41 
   1 99    2  6    3 30    4 81    5 60    6 22    7 26    8 61    9 36   10 58   11 19   12 50   13 47   14 70   15 86   16 87   17 93   18 58   19 14   20 66 
   1 61    2 48    3 73    4 85    5 97    6 81    7 89    8 45    9 82   10 53   11 15   12 68   13  4   14 32   15 75   16 19   17 76   18 93   19 45   20 35 
   1 42    2 18    3 69    4 42    5  9    6 94    7 34    8 87    9 99   10 75   11 14   12 28   13 36   14 42   15 36   16 46   17 74   18 96   19 69   20 57 
   1 69    2 46    3 93    4 38    5 26    6 64    7  9    8 63    9 25   10 47   11 65   12 93   13 53   14 11   15 84   16 93   17  1   18  6   19 57   20 46 
   1 27    2 72    3 61    4 65    5 71    6 28    7 30    8 56    9 57   10 42   11 20   12 24   13 69   14 64   15 72   16 91   17 49   18 75   19 75   20 66 
   1 19    2 54    3 49    4 12    5 68    6 51    7 99    8 48    9 23   10 98   11 27   12 70   13 87   14  8   15 21   16 98   17  8   18  3   19 24   20 24 
   1 22    2 81    3 68    4 34    5 99    6 27    7 19    8 13    9 37   10 24   11 53   12 57   13 76   14 23   15 43   16 15   17 81   18 59   19 71   20  9 
   1  3    2 97    3 83    4 48    5 55    6 51    7 25    8 58    9 21   10 58   11 87   12 32   13  7   14 42   15 31   16 86   17  4   18 42   19 60   20 14 
   1 61    2 36    3 40    4 28    5 19    6 73    7 55    8 50    9 44   10 77   11 46   12  6   13 81   14 24   15 76   16 31   17 76   18 28   19 46   20 12 
   1 35    2 24    3 32    4 69    5 32    6 10    7 73    8 38    9 10   10 62   11 86   12 91   13 52   14 56   15 50   16 43   17 60   18 67   19 18   20 40 
   1 76    2 55    3 21    4 44    5 92    6 28    7 56    8 51    9 68   10 38   11  1   12  9   13 93   14 64   15 17   16 24   17 82   18 53   19 26   20 32 
   1 61    2 70    3 49    4 60    5 56    6 95    7 32    8 88    9 21   10 32   11 30   12 58   13 26   14 77   15 53   16 20   17 53   18 40   19 15   20 85 
   1 41    2 28    3 87    4 95    5 61    6 50    7 75    8 30    9 91   10 15   11  3   12 34   13 45   14 47   15 87   16 75   17 74   18 20   19 95   20 14 
   1 49    2 47    3 21    4 60    5 68    6 66    7 63    8 83    9 38   10 67   11 83   12  4   13 92   14 78   15 91   16 66   17 34   18 58   19 70   20 11 
   1 37    2 86    3 78    4 16    5 28    6 86    7 42    8 95    9  9   10 71   11 84   12 37   13 41   14 35   15 30   16 88   17 88   18 44   19 34   20 69 
   1 95    2 11    3 81    4 24    5 93    6 62    7 52    8 62    9 11   10 58   11 36   12 46   13 86   14 88   15  1   16 74   17 11   18  9   19 55   20 67 
   1 15    2 14    3 92    4  8    5 43    6 43    7 23    8 82    9 73   10 40   11 12   12 58   13 54   14 17   15 92   16 70   17 13   18 95   19 71   20 44 
   1 29    2 87    3 96    4 54    5 53    6 32    7 35    8 33    9 66   10 11   11 57   12 87   13 63   14 49   15  7   16 68   17 48   18 70   19 54   20 27 
   1 59    2 27    3 81    4 66    5 34    6 55    7 77    8 15    9 86   10 42   11 63   12  5   13 16   14 79   15  5   16  7   17 33   18 49   19 10   20 86 
   1 64    2 51    3 27    4 87    5 16    6 93    7 94    8 91    9 31   10 65   11 78   12 49   13 36   14 67   15 28   16 32   17 82   18 80   19 25   20 13 
   1 47    2 64    3 30    4 88    5 55    6 69    7 89    8 30    9 21   10 77   11 70   12  9   13 12   14 63   15 88   16 91   17 15   18 83   19 45   20 74 
   1  5    2 41    3 36    4 20    5 85    6 44    7 15    8 68    9 22   10 11   11 97   12 49   13 12   14 73   15 25   16 52   17  1   18 29   19 63   20 32 
   1 20    2 33    3 40    4 14    5  2    6 94    7  9    8  3    9 60   10 21   11 41   12 12   13 96   14 78   15 52   16 57   17 38   18 71   19 17   20 50 
   1 53    2 45    3 39    4 47    5 75    6 30    7 38    8 79    9 48   10 33   11 35   12 20   13 57   14 31   15 76   16 56   17  1   18 39   19 31   20 17 
   1 59    2 54    3 71    4 63    5 18    6 88    7 86    8 38    9 22   10 48   11 64   12 31   13 34   14 91   15 66   16 36   17 33   18 69   19 43   20 22 
   1 32    2 64    3  8    4 91    5 81    6 53    7 23    8 96    9 31   10 22   11 97   12 27   13 11   14 75   15 26   16 73   17 29   18 11   19 73   20 76 
   1 77    2 18    3 89    4 37    5 23    6 77    7 57    8 99    9 32   10 27   11 86   12 47   13 47   14 23   15 51   16 80   17 56   18 32   19 45   20 64 
   1 87    2 58    3 61    4 66    5 34    6 76    7 36    8  8    9 90   10 83   11 42   12 84   13 49   14 51   15 54   16 24   17 56   18 98   19  5   20 86 
   1 49    2 41    3  7    4 41    5 26    6 59    7 63    8  4    9 93   10 63   11 93   12 29   13 79   14  6   15  7   16 71   17 24   18 83   19  4   20 84 
   1 27    2 53    3 61    4 27    5 78    6 55    7 67    8 88    9 60   10 45   11 24   12 27   13 75   14 25   15 28   16 20   17 38   18  1   19 71   20 61 
   1 57    2  7    3 55    4 60    5 99    6 82    7 98    8 35    9 53   10 91   11 99   12 82   13 65   14 13   15 25   16 89   17 37   18 92   19 19   20 23 
   1 90    2 88    3 15    4 23    5 50    6 52    7 75    8 72    9 87   10 20   11 57   12 32   13 62   14 21   15 10   16  6   17 21   18 78   19 50   20 23 
   1 14    2 42    3 86    4 57    5 64    6 38    7 29    8  4    9 93   10 24   11 73   12 50   13 92   14 73   15 82   16 93   17 69   18 30   19 54   20  4 
   1 30    2 24    3 42    4 17    5 77    6 15    7 62    8 56    9 73   10 73   11 50   12 63   13 34   14 63   15 95   16  3   17 44   18 87   19 27   20 86 
   1 93    2 79    3 93    4 85    5 84    6 77    7 62    8  8    9 22   10 91   11 79   12 44   13 21   14 19   15 54   16 92   17 77   18 90   19 35   20 65 
   1 63    2 94    3 56    4 13    5 23    6 44    7 77    8 60    9 68   10 33   11 73   12 40   13 43   14 64   15 65   16 95   17 15   18 29   19 70   20 77 
   1 81    2 50    3 65    4 37    5 71    6 95    7 30    8 62    9 28   10  2   11 61   12 81   13 77   14 82   15 44   16 65   17 75   18 37   19  3   20 43 
   1 82    2 87    3 94    4 58    5 68    6 18    7 32    8 18    9 43   10 28   11 30   12 76   13 92   14  5   15 39   16 24   17 21   18 26   19 41   20 81 
   1 78    2 58    3 91    4 17    5 69    6 73    7 71    8 69    9 58   10  4   11 48   12 76   13 82   14 94   15 41   16 45   17 41   18 75   19  5   20 61 
   1 95    2 90    3 27    4  5    5 14    6 62    7 87    8 40    9 90   10 67   11 57   12 93   13 40   14  6   15 86   16 79   17 61   18 47   19 39   20  3 
   1 68    2 68    3 19    4 59    5 83    6 89    7 17    8 59    9 90   10 18   11 67   12 29   13 49   14 69   15 60   16 12   17 20   18  6   19 90   20  1 
   1 88    2 15    3  6    4 56    5 94    6 67    7 83    8  4    9 31   10 81   11 68   12 47   13 20   14 40   15 69   16 55   17 69   18 84   19 30   20 19 
   1 88    2 80    3 64    4 88    5 54    6 27    7 92    8 82    9 96   10 69   11 34   12 93   13 78   14 15   15 70   16 94   17 33   18 10   19 18   20 16 
   1 39    2 96    3 19    4 37    5  6    6  6    7 18    8 18    9 68   10 22   11 97   12 74   13 47   14  1   15 29   16 64   17 53   18 97   19 75   20  4 
   1 93    2  1    3 19    4 26    5 31    6 17    7 44    8  1    9 19   10 58   11 29   12 94   13 58   14 35   15 51   16 59   17 98   18 18   19  5   20 28 
   1 47    2 15    3 71    4 16    5 65    6 21    7 68    8 78    9 60   10 45   11 83   12 58   13 68   14  7   15 68   16 76   17 99   18 41   19 95   20 61 
   1 65    2  6    3 90    4 93    5 13    6 63    7  6    8 38    9 10   10 36   11 44   12 14   13 54   14 28   15  6   16 96   17 50   18 11   19 75   20 47 
   1 94    2 84    3 61    4 79    5 80    6 84    7 54    8 69    9 81   10 94   11 89   12 99   13 32   14 47   15 14   16 46   17 23   18 21   19 77   20 27 
   1  1    2 42    3 35    4 23    5  8    6 74    7 63    8 48    9  1   10 46   11 19   12 23   13 77   14 12   15 27   16 39   17  1   18 74   19 60   20 48 
   1 40    2 21    3 69    4 90    5 63    6 14    7 14    8 13    9 39   10  3   11 99   12 26   13 67   14 41   15 48   16 43   17 38   18 50   19 11   20 54 
   1 28    2 81    3 18    4 87    5 70    6 34    7 32    8 60    9 32   10 97   11  1   12 25   13 62   14 68   15 57   16 92   17 35   18  4   19 51   20 40 
   1  5    2 56    3 30    4  2    5 70    6 56    7 90    8  2    9 88   10 38   11 52   12 79   13 63   14 33   15 27   16 93   17 58   18 27   19 21   20 89 
   1 24    2  5    3 10    4 37    5 69    6 71    7  6    8 91    9  4   10  8   11 78   12 11   13 64   14 15   15 81   16  7   17 18   18 68   19 76   20 46 
   1 71    2 27    3 92    4 37    5 39    6 20    7 94    8 20    9 40   10 68   11 72   12 13   13  8   14 30   15 16   16 19   17 86   18 51   19 10   20 25 
   1 93    2 80    3 98    4 67    5 36    6 94    7 17    8 74    9 36   10 76   11 69   12 50   13 18   14 23   15 60   16 38   17 72   18 40   19 48   20 73 
   1 90    2 33    3 94    4 42    5 73    6 88    7 40    8 25    9 54   10 30   11 45   12 58   13 50   14 58   15 61   16 98   17 62   18  1   19 12   20 65 
   1 13    2 90    3 89    4 31    5 69    6 29    7 53    8 97    9 61   10 66   11 33   12 37   13 29   14 78   15 48   16 10   17 31   18 73   19 31   20 87 
   1  8    2 13    3 25    4 38    5 72    6 27    7  6    8 68    9 78   10 66   11 96   12 28   13 98   14 36   15 46   16 30   17 92   18  1   19 32   20 65 
   1  8    2 61    3 93    4 52    5 49    6 21    7 80    8 10    9 36   10 85   11 28   12 74   13 59   14 60   15 24   16 54   17  7   18 88   19 48   20 15 
   1 90    2 87    3 27    4 45    5  1    6 69    7 59    8 97    9 13   10 19   11 83   12 39   13 56   14 89   15 45   16 85   17  2   18 21   19 37   20 37 
   1 97    2 27    3 12    4 22    5 96    6 38    7 13    8 50    9 92   10 57   11 45   12 90   13 90   14 82   15 73   16 58   17 20   18 81   19  9   20 49 
   1 94    2 80    3 91    4 34    5 65    6 13    7 84    8  7    9 14   10 40   11 88   12 61   13 80   14 52   15 48   16  5   17 18   18 32   19 70   20 82 
   1 95    2 53    3 16    4 43    5 20    6  1    7 77    8 49    9 27   10 50   11 43   12 83   13 77   14 85   15 48   16 98   17 51   18 30   19 69   20 32 
   1 59    2 96    3 85    4 49    5 28    6 72    7 96    8 22    9 65   10 80   11  4   12 66   13 56   14 21   15 31   16 18   17 28   18  3   19 77   20 75 
   1 36    2  9    3 70    4 70    5 18    6  2    7 29    8 44    9 37   10 43   11 59   12  5   13 28   14 89   15  7   16 60   17 61   18 37   19 91   20 57 
   1 74    2 78    3  1    4 46    5 33    6 46    7 31    8 52    9 65   10  8   11 86   12 37   13 48   14 75   15 95   16 63   17 92   18 94   19 43   20 35 
   1 63    2  1    3 19    4 69    5  6    6 93    7 81    8 52    9 54   10 37   11 44   12 15   13  7   14 62   15 48   16  3   17 48   18 44   19 98   20 12 
   1  6    2 29    3 71    4 59    5 10    6 69    7 46    8  8    9 84   10 88   11 39   12  8   13 52   14  2   15 73   16 83   17 58   18 58   19 89   20 66 
   1 42    2 60    3 61    4 14    5 39    6 18    7 15    8  1    9 18   10 38   11 84   12 94   13 97   14 48   15 41   16 43   17 74   18 93   19 62   20 80 
   1 96    2 61    3 25    4 20    5 95    6 42    7 90    8 20    9 42   10 91   11 83   12 58   13 75   14 69   15 98   16 40   17 34   18 68   19 55   20  4 
   1 47    2 79    3 95    4 56    5 33    6 23    7 87    8 97    9 98   10 87   11  5   12 70   13 50   14 65   15 76   16 69   17 75   18 25   19  6   20  6 
   1 15    2 18    3 47    4  1    5 45    6 54    7 24    8 84    9 99   10 83   11 46   12 62   13 28   14 59   15 36   16 23   17 36   18 14   19 65   20 70 
   1 12    2 48    3 11    4 81    5 98    6 78    7 86    8 23    9 74   10  3   11 15   12 30   13 90   14 63   15 58   16 24   17 25   18 67   19 41   20 62 
   1 36    2 29    3 39    4 95    5 92    6 21    7 44    8 67    9 22   10 17   11 29   12 14   13  6   14 98   15 74   16 34   17 49   18 83   19 87   20 36 
   1 12    2 22    3  3    4 90    5 89    6  7    7  8    8 52    9 28   10  6   11  1   12 73   13 80   14 89   15 69   16  7   17 67   18  4   19 84   20 51 
   1 12    2 29    3 89    4 20    5 19    6 99    7 31    8 28    9 82   10 70   11 19   12 89   13 66   14 60   15 94   16 53   17 85   18 43   19 44   20  9 
   1 77    2 28    3 45    4 98    5 73    6 63    7 26    8 45    9 29   10 17   11 79   12 54   13 33   14 44   15 79   16 94   17 10   18  7   19 91   20 86 
   1 28    2 26    3 72    4 75    5 89    6 75    7 45    8 19    9 61   10 91   11 78   12 14   13 86   14 28   15 38   16  9   17 34   18 62   19 86   20 18 
   1 58    2 19    3 72    4 75    5 68    6 78    7  9    8 94    9 79   10 76   11  6   12 68   13 74   14 38   15 22   16 31   17 87   18 98   19  1   20 70 
   1 11    2 95    3 16    4 26    5 66    6 83    7  7    8  1    9 54   10 75   11 91   12 68   13 58   14 62   15 82   16  5   17 55   18 39   19 59   20 60 
   1 30    2 69    3 72    4 30    5 63    6 42    7 76    8 49    9 16   10 30   11 87   12 12   13 28   14  5   15 94   16 86   17 33   18 77   19 77   20 73 
   1 60    2 87    3 22    4 31    5 47    6 12    7 39    8 93    9 93   10 88   11 54   12 85   13 79   14 90   15 18   16 86   17  7   18 87   19  4   20 35 
   1 38    2 91    3 57    4  5    5 88    6 73    7 79    8 33    9 51   10  6   11 89   12  9   13 23   14 34   15 99   16  1   17 55   18 50   19 65   20 30 
   1 37    2  4    3 31    4 33    5 14    6  3    7 61    8 94    9  4   10 40   11 51   12 54   13  4   14 53   15 69   16 15   17 41   18 32   19  1   20 39 
   1 72    2 34    3 14    4 78    5 32    6 70    7 97    8 84    9 75   10 96   11 59   12 24   13 74   14 41   15 45   16 10   17 69   18 96   19 20   20 93 
   1 77    2 47    3 42    4 91    5 53    6 19    7 46    8  4    9 23   10 36   11 30   12 59   13 43   14  2   15 26   16 79   17 69   18 65   19 88   20 57 
   1  3    2 91    3 20    4 28    5 23    6 75    7 34    8 31    9 99   10  6   11 30   12 92   13 67   14 28   15 71   16 61   17 36   18 19   19 36   20 13 
   1 20    2 25    3 56    4  2    5 63    6  1    7 72    8 45    9 65   10 16   11 33   12 34   13 22   14  8   15 27   16 95   17 83   18 89   19 15   20 79 
   1 53    2 82    3 50    4  3    5 49    6 80    7 40    8  5    9 69   10 82   11 57   12 58   13 42   14 95   15 73   16  9   17 39   18 96   19 51   20 27 
   1 27    2 23    3 14    4 39    5 70    6 17    7 40    8 60    9 49   10  2   11  9   12 15   13  7   14  9   15 92   16 45   17 53   18 37   19  1   20 68 
   1 77    2 72    3 45    4 59    5 20    6 39    7 71    8 35    9 84   10 79   11 27   12 49   13  4   14 66   15 54   16 46   17 20   18 87   19 76   20 64 
   1 72    2 60    3 25    4 79    5 82    6 40    7 87    8 69    9 89   10 41   11 30   12 98   13 16   14  5   15 49   16 79   17 41   18 20   19 91   20 74 
   1 56    2  9    3  9    4 62    5 42    6 85    7 81    8 47    9 27   10 36   11  5   12 99   13 63   14 93   15 56   16 68   17 73   18  8   19  2   20 52 
   1 60    2 85    3 96    4 38    5 97    6 70    7 58    8 70    9 26   10 76   11 26   12 76   13 39   14  4   15 82   16 41   17 69   18 69   19  5   20 34 
   1  6    2 92    3 14    4 77    5 14    6 97    7 40    8 52    9 51   10 82   11 17   12 45   13 79   14 99   15 44   16 70   17 50   18 59   19 12   20 71 
   1 65    2 73    3 38    4 15    5 34    6 25    7 29    8  6    9 59   10 11   11 58   12 19   13 56   14 10   15 59   16 42   17 26   18 34   19 40   20  7 
   1 11    2 98    3 97    4 60    5 16    6 62    7  5    8 75    9 97   10 47   11 65   12  1   13 43   14 36   15 77   16 49   17 72   18 27   19 52   20 62 
   1  8    2 42    3 88    4 36    5  9    6 61    7 59    8 55    9 43   10 25   11 89   12  8   13 32   14 22   15 16   16 64   17 85   18  4   19 34   20 43 
   1 93    2 77    3 81    4 95    5 28    6 55    7 39    8 68    9 69   10 82   11 39   12 27   13 70   14 76   15 68   16 42   17 63   18 71   19 12   20 55 
   1  9    2 97    3 16    4 55    5 66    6 79    7 94    8 48    9 95   10 71   11 11   12 24   13  2   14 99   15 74   16 81   17 97   18 95   19 46   20 75 
   1 78    2 87    3 98    4 66    5 70    6 81    7 78    8 78    9 30   10 53   11 35   12 88   13 13   14 71   15 90   16 73   17  9   18 35   19 49   20 41 
   1 82    2 74    3 72    4 83    5  4    6 32    7  5    8 80    9 89   10 13   11 28   12 46   13 16   14 15   15 88   16 98   17 45   18 45   19 45   20 40 
   1 70    2 23    3 13    4 57    5 47    6 90    7 20    8 89    9 93   10 93   11 91   12 26   13 37   14  6   15 64   16 21   17 73   18 26   19 91   20 80 
   1 76    2 68    3 45    4 43    5 16    6 23    7 95    8 27    9 62   10 97   11  7   12 98   13 35   14 50   15 74   16 72   17 28   18 32   19 14   20 96 
   1 99    2 40    3 21    4 66    5 14    6 20    7 21    8 10    9 80   10 28   11 61   12  6   13 96   14 26   15 73   16 35   17 64   18 37   19 37   20  6 
   1 51    2 32    3 71    4 71    5 39    6 40    7 52    8 93    9 18   10 12   11 29   12 34   13 36   14 92   15 48   16 83   17 24   18 22   19  7   20 89 
   1 77    2 50    3 57    4 69    5 30    6 22    7 29    8 49    9 22   10 14   11 65   12 55   13 23   14 89   15 20   16 53   17 81   18 49   19  1   20 98 
   1 48    2  5    3 69    4  8    5 32    6 60    7  1    8 69    9 57   10 68   11  6   12 94   13 34   14 89   15 87   16 32   17 62   18 95   19 86   20 39 
   1 93    2 29    3 25    4 84    5 43    6 43    7  4    8 61    9 28   10  3   11 12   12 43   13 88   14  5   15 38   16 34   17 94   18 32   19 17   20 70 
   1 55    2 23    3 62    4 67    5 18    6 26    7  6    8 73    9 83   10 46   11 55   12 95   13 72   14 26   15 80   16 43   17 37   18 79   19 52   20 69 
   1 89    2 19    3 31    4 97    5 88    6 29    7  1    8 64    9 62   10 23   11 12   12 75   13 70   14 99   15 95   16 25   17 82   18 67   19 57   20 53 
   1 92    2 15    3 43    4 59    5 43    6 61    7 50    8 40    9 69   10  8   11 86   12 89   13 82   14 20   15 88   16 86   17 76   18 80   19 83   20 35 
   1 54    2 51    3 65    4 49    5 40    6 65    7 83    8 33    9 85   10 59   11 80   12 90   13  5   14 81   15 75   16 28   17 62   18 76   19 10   20  2 
   1 76    2 83    3 49    4 14    5 24    6  5    7 17    8 51    9 62   10 47   11 94   12 62   13 45   14 81   15 77   16 89   17 24   18 28   19 35   20 23 
   1 19    2 57    3 56    4 74    5 12    6 94    7 56    8 49    9 63   10 18   11 34   12 74   13 61   14 56   15  9   16 86   17 22   18 83   19 71   20 77 
   1 74    2 15    3 77    4 51    5 27    6 44    7 49    8 22    9 94   10 93   11 67   12 12   13 84   14 55   15 65   16 56   17 54   18 26   19 72   20 48 
   1 80    2 70    3 26    4 98    5 32    6 54    7 83    8 71    9 88   10 64   11 13   12 36   13  6   14 73   15 11   16 13   17 93   18 89   19 39   20 59 
   1 91    2 88    3 59    4 45    5 14    6 12    7 15    8  9    9 15   10 98   11 57   12 91   13 84   14 11   15 53   16 25   17 16   18 68   19 15   20 21 
   1 39    2 36    3 86    4 60    5  3    6 97    7 54    8  5    9 70   10  7   11 14   12 20   13 74   14 26   15 91   16 88   17 66   18 87   19 67   20 44 
   1 26    2 28    3 83    4 53    5 90    6  1    7 59    8 39    9 39   10 31   11  8   12 29   13 54   14 77   15  8   16 13   17 37   18 24   19 28   20 68 
   1 11    2 25    3 47    4 31    5 96    6  5    7 20    8 53    9 28   10  8   11 71   12 66   13 11   14 31   15 54   16 48   17 88   18 28   19 56   20 80 
   1 61    2 12    3  3    4 81    5 31    6 26    7 79    8 38    9 74   10 43   11 26   12 27   13 19   14 82   15 35   16 21   17 15   18 32   19 16   20 56 
   1 85    2 64    3 62    4 21    5 86    6 83    7 73    8 64    9 70   10 81   11 33   12 77   13 47   14 39   15 70   16 90   17 79   18 72   19 19   20 99 
   1 52    2 33    3 34    4 46    5 65    6 26    7 53    8 42    9 57   10 39   11 45   12 61   13 53   14 61   15 91   16 22   17 11   18 24   19 21   20 50 
   1 20    2 20    3 53    4 54    5 57    6 32    7  5    8 33    9 28   10 93   11 14   12 37   13 97   14 90   15 55   16 13   17 26   18 14   19  4   20  3 
   1 65    2 13    3 89    4 16    5 47    6 19    7 50    8 96    9 26   10 49   11 67   12 15   13 86   14 87   15 37   16 18   17 66   18 51   19 97   20 15 
   1 28    2 18    3 86    4 30    5 80    6 76    7 50    8 95    9 84   10 11   11 51   12 52   13  7   14 48   15 71   16 69   17 43   18  5   19 53   20 46 
   1 55    2 66    3 38    4 69    5 29    6 93    7 10    8 89    9  3   10 49   11 70   12 54   13 32   14 89   15 26   16 84   17 13   18 34   19 54   20 46 
   1 12    2 51    3 71    4 45    5 54    6 25    7 28    8 98    9 47   10 37   11  3   12 37   13 97   14 41   15 49   16 64   17 22   18 96   19  7   20  9 
   1 54    2 83    3 16    4 97    5 97    6 59    7  8    8 62    9 86   10 69   11 64   12  1   13  6   14 91   15 64   16 29   17 20   18 17   19 36   20 46 
   1 50    2 78    3  3    4  7    5  4    6 20    7 49    8 63    9 82   10 62   11 49   12 73   13 15   14 45   15 78   16 66   17 29   18 64   19 89   20 70 
   1 92    2 48    3 83    4 37    5 74    6  9    7 89    8 31    9 20   10 87   11 97   12 22   13 15   14 19   15 73   16 38   17 42   18 13   19 39   20 50 
   1 38    2 56    3 37    4 30    5 92    6 62    7 90    8 18    9 26   10 23   11 42   12 89   13 80   14 62   15 80   16 33   17 99   18 69   19 92   20 79 
   1 35    2  2    3 81    4 39    5 80    6 70    7 18    8 37    9 62   10 33   11 32   12 55   13 80   14 11   15 86   16 91   17 29   18 27   19 79   20 82 
   1 29    2 92    3 93    4 83    5 31    6  7    7 91    8 27    9 40   10 27   11 75   12 31   13 51   14  4   15 29   16 33   17 74   18 99   19 35   20  5 
   1 40    2 46    3 81    4 66    5 54    6 83    7 53    8 72    9 80   10 66   11 16   12 88   13 59   14 40   15 16   16 50   17  4   18 89   19 80   20 71 
   1 62    2  1    3 26    4 55    5 14    6 18    7 24    8 74    9  2   10  6   11 91   12 20   13 58   14 81   15 52   16 83   17 96   18 99   19 68   20 46 
   1 15    2 14    3 84    4 99    5 61    6 22    7 23    8 39    9 16   10 70   11  5   12 36   13  7   14 53   15 21   16 28   17 48   18 26   19 94   20 44 
   1 21    2  4    3 77    4 46    5 33    6 92    7 34    8 94    9  4   10 25   11 89   12 85   13 18   14 51   15 87   16 30   17 52   18 18   19 34   20 68 
   1 88    2 56    3 50    4 85    5 43    6 87    7 72    8 33    9 38   10 76   11 13   12 27   13 14   14 20   15 85   16 28   17 10   18 13   19 70   20 34 
   1 69    2 63    3 11    4 80    5 68    6 69    7  4    8 68    9 80   10 47   11 67   12 98   13 50   14 59   15  8   16 96   17  4   18  7   19 53   20 89 
   1 17    2 26    3 72    4 28    5 17    6 89    7 26    8 43    9 99   10 71   11 24   12 56   13 38   14 99   15 16   16 88   17 52   18 23   19 65   20 76 
   1 33    2 85    3  9    4 67    5 94    6 75    7 23    8 38    9 55   10 20   11 74   12 20   13 99   14 75   15 77   16 66   17  4   18 52   19 50   20 81 
   1 22    2 69    3 28    4 66    5 38    6 87    7 76    8 89    9 97   10 34   11 73   12 75   13 53   14 36   15 48   16 11   17 78   18 41   19  1   20 44 
   1 17    2 96    3 69    4 91    5 28    6 84    7 34    8 68    9 36   10 34   11 28   12 18   13 67   14 64   15 96   16 37   17 18   18 34   19 22   20 77 
   1 80    2 72    3 50    4 21    5 11    6 95    7 86    8 18    9 96   10 54   11 64   12 38   13 31   14 36   15 94   16 37   17 48   18  4   19 10   20 51 
   1 93    2 84    3 69    4 84    5 74    6 56    7 32    8 89    9 30   10 71   11 44   12 14   13 95   14 67   15 91   16  1   17  6   18 56   19  6   20 32 
   1 44    2  3    3 79    4 84    5 23    6 10    7 60    8 49    9  4   10 61   11 29   12  7   13 43   14 86   15 44   16 40   17 35   18 89   19 42   20 14 
   1 17    2 46    3  7    4 96    5 82    6 10    7 95    8  2    9 53   10 22   11  6   12 86   13  2   14 27   15 50   16 13   17 56   18  8   19 98   20 75 
   1 64    2 69    3 20    4 26    5 73    6 28    7 19    8 64    9 45   10 68   11 97   12 47   13 42   14 30   15  1   16 67   17  3   18 87   19 14   20 47 
   1 11    2 81    3 80    4 58    5 49    6 48    7 32    8 13    9 50   10  7   11 73   12 66   13 27   14 59   15 17   16 46   17 17   18 63   19 37   20 89 
   1  8    2 70    3 18    4 81    5 74    6 24    7 37    8 42    9  5   10 70   11 79   12 36   13 11   14 82   15 16   16 69   17 45   18 96   19  6   20  7 
   1 23    2 16    3 59    4 26    5 71    6  7    7 98    8 39    9  7   10 73   11 33   12 23   13 80   14 46   15 88   16  1   17 18   18 44   19 71   20 85 
   1 94    2 96    3 34    4 99    5  9    6 89    7 72    8 78    9 23   10 55   11 66   12 69   13 32   14 25   15 80   16 87   17 51   18 63   19 51   20 28 
   1 78    2 11    3 34    4 14    5 47    6 89    7 77    8  8    9 51   10 10   11 86   12 71   13  7   14 75   15 25   16 84   17 88   18 68   19 53   20 90 
   1 93    2 56    3 77    4 82    5 49    6 65    7 14    8 75    9 46   10 94   11 17   12 92   13  7   14 17   15 36   16  9   17  8   18 29   19 54   20 72 
   1 50    2  1    3 12    4 91    5  9    6 26    7 39    8 21    9 78   10 33   11 54   12 48   13  8   14 81   15 97   16 83   17 67   18 91   19 21   20 51 
   1 74    2 34    3 44    4 44    5 56    6 25    7 19    8 74    9 85   10 72   11 18   12 65   13 19   14 92   15 63   16 33   17 43   18 64   19 13   20 29 
   1 86    2 14    3 57    4 84    5  3    6 47    7 47    8 15    9 52   10 12   11 44   12 58   13 35   14 78   15 39   16 78   17 85   18 53   19 97   20  5 
   1 85    2 65    3 37    4 27    5 40    6 99    7 50    8 57    9 38   10 67   11 25   12 48   13 99   14 72   15 48   16 53   17 12   18 46   19 47   20 73 
   1 74    2 16    3 70    4 54    5 80    6 75    7 40    8 67    9 42   10 16   11 96   12 51   13 92   14 76   15 51   16  8   17 30   18 50   19 89   20 77 
   1 28    2 24    3 64    4 85    5  3    6 31    7 95    8 30    9 59   10 93   11 95   12 18   13 19   14 12   15 18   16  6   17 76   18 71   19 55   20 44 
   1  4    2  8    3 39    4  3    5 49    6 83    7  3    8 64    9 43   10 63   11 28   12 37   13 41   14 22   15 54   16 31   17 42   18  1   19 92   20 41 
   1 10    2 30    3  8    4 52    5 13    6 34    7 14    8 12    9 36   10 64   11 96   12 62   13 97   14 16   15 81   16 32   17 44   18 12   19  3   20 73 
   1 37    2 92    3 18    4 74    5 85    6 68    7 14    8 58    9 92   10  7   11 26   12 56   13 26   14 34   15 75   16 15   17 71   18 51   19 75   20 50 
   1 95    2 31    3 80    4 32    5 65    6 19    7 63    8  7    9 64   10 39   11 14   12 56   13 80   14 79   15 69   16 80   17 10   18  1   19 15   20 83 
   1 57    2 92    3 69    4 46    5 90    6 74    7 60    8 75    9 63   10 56   11 73   12 53   13  9   14 79   15 38   16 42   17  9   18 24   19  5   20 25 
   1 14    2 54    3  8    4 53    5 22    6 60    7 19    8 31    9 53   10 10   11 66   12 35   13 21   14 11   15 73   16 20   17 93   18 95   19 92   20 52 
   1 80    2 90    3 22    4 41    5 35    6 91    7 67    8 53    9 35   10 98   11 60   12 25   13 89   14  1   15 64   16  7   17 80   18 46   19 66   20 47 
   1 84    2 34    3 81    4 32    5 72    6 84    7 73    8 99    9  4   10 59   11 72   12 54   13 99   14 45   15 22   16 65   17 70   18 68   19 62   20 45 
   1 45    2 44    3 71    4 53    5  3    6 95    7  9    8 76    9 70   10 14   11 79   12 68   13 88   14 97   15 20   16 77   17 19   18 41   19 51   20 72 
   1 73    2 60    3 43    4 52    5 69    6 56    7 56    8 77    9 85   10 76   11 88   12 67   13 35   14 53   15 66   16 37   17 25   18 73   19 98   20 22 
   1 97    2  3    3 14    4 69    5 98    6 30    7 27    8 26    9 86   10 23   11 96   12 58   13 88   14 81   15 42   16 68   17 40   18 96   19 73   20 52 
   1 68    2 75    3 63    4 28    5 32    6 11    7 70    8 93    9 66   10 86   11 37   12 99   13 15   14 40   15 75   16 28   17 94   18 25   19 55   20 85 
   1 68    2 33    3 83    4 36    5 81    6 27    7  5    8 76    9 74   10 88   11 41   12 72   13 91   14 86   15  9   16 53   17 42   18 30   19 81   20 74 
   1 81    2 34    3 86    4 57    5 28    6 99    7  5    8 58    9 94   10 97   11 84   12 38   13 28   14  3   15 29   16 27   17 55   18 72   19 13   20 92 
   1 73    2  2    3 79    4 22    5 14    6 99    7 40    8 59    9 16   10 92   11 37   12 10   13 68   14 76   15 36   16 12   17 64   18  2   19  1   20 16 
   1 16    2 84    3 94    4 10    5 76    6 65    7 29    8 95    9 21   10 34   11 19   12 96   13 16   14  9   15 27   16 76   17 11   18 45   19 67   20 14 
   1  8    2 20    3  3    4 48    5 54    6 93    7 94    8  7    9 92   10 53   11 19   12 12   13 11   14 36   15 64   16  4   17 60   18 20   19  4   20 16 
   1 29    2 52    3 63    4 67    5 59    6 30    7 22    8 14    9 52   10 53   11 39   12 18   13 97   14 19   15 94   16 69   17  6   18 91   19 84   20 32 
   1 72    2 70    3 30    4 68    5 55    6 73    7 41    8 52    9 38   10  9   11 48   12 45   13 82   14 63   15 65   16 91   17 97   18 99   19 35   20 63 
   1 34    2 74    3 15    4  5    5 37    6 15    7 91    8  4    9 64   10 26   11 90   12 67   13 92   14 22   15 64   16 68   17 33   18 53   19 17   20 82 
   1 14    2  9    3  8    4 65    5 44    6 34    7 21    8 13    9 15   10 60   11 89   12 54   13 29   14 70   15  4   16  1   17 74   18  9   19 79   20 56 
   1 44    2  8    3 57    4 34    5 23    6 83    7 99    8  6    9 11   10 18   11 92   12 80   13 25   14 78   15 70   16 31   17 27   18 72   19  5   20 41 
   1 81    2 13    3 93    4 47    5  5    6 57    7 63    8 36    9 50   10 23   11 18   12 22   13 26   14 87   15 48   16 86   17 80   18  5   19 82   20 86 
   1 26    2 19    3 37    4 57    5 57    6 43    7 69    8 19    9 84   10 44   11 35   12 30   13 56   14 87   15 27   16 64   17 91   18 64   19  3   20  5 
   1 38    2 31    3 26    4 44    5 96    6 36    7  7    8 12    9 84   10 54   11 88   12 23   13 96   14 33   15 54   16 99   17 18   18 12   19 53   20 61 
   1 34    2 24    3 92    4 73    5 88    6  3    7 56    8  3    9 48   10 82   11 35   12  1   13  1   14 24   15 31   16 56   17 78   18 40   19 49   20 72 
   1 34    2 49    3 39    4 84    5 47    6 38    7 28    8 35    9 63   10 67   11 63   12 18   13  8   14 44   15 77   16 73   17 39   18 91   19 64   20 42 
   1 86    2 34    3 52    4 46    5  1    6 52    7 82    8 25    9  9   10 91   11 54   12 45   13 24   14 67   15 67   16 34   17 20   18 62   19 51   20 78 
   1 37    2 60    3 49    4 97    5 90    6 31    7 50    8 11    9 81   10 76   11 80   12 81   13 44   14 41   15 31   16 39   17 25   18 98   19 53   20 28 
   1 93    2 15    3 18    4 14    5 62    6 96    7 60    8 53    9 72   10 14   11 92   12 53   13 68   14 51   15 83   16 15   17 83   18 64   19 55   20 49 
   1 81    2 28    3 62    4 41    5 54    6 77    7 73    8 49    9  5   10 52   11 19   12 87   13 43   14  2   15 20   16  3   17 23   18 78   19 63   20 19 
   1 47    2 33    3 27    4 10    5 81    6 39    7  4    8 58    9 53   10 63   11 80   12 36   13 56   14 36   15 71   16 13   17 66   18 19   19 10   20 95 
   1 74    2  9    3 10    4 14    5 49    6 66    7 24    8 63    9 66   10 19   11 52   12 88   13 47   14 70   15 21   16 17   17 40   18 40   19 73   20  8 
   1 18    2 90    3 99    4 35    5 66    6  2    7 59    8 61    9  7   10 31   11 58   12 88   13 60   14 93   15 15   16 80   17 22   18 27   19 75   20 68 
   1  9    2 31    3 67    4 86    5 15    6 26    7 50    8 78    9 13   10 68   11 89   12 66   13 24   14 79   15 93   16  3   17 37   18 50   19  3   20 39 
   1 57    2 99    3 85    4 98    5 80    6 44    7 61    8 69    9 63   10 18   11 43   12  5   13  4   14 41   15 64   16 56   17 56   18 78   19 43   20  5 
   1 50    2 69    3 75    4  4    5 39    6 70    7 31    8 42    9 10   10 18   11 34   12 26   13 19   14 87   15  3   16 43   17 50   18 91   19 96   20 11 
   1 46    2 51    3  1    4  2    5 12    6 33    7 39    8 53    9 63   10 68   11 66   12 70   13 69   14 24   15 12   16 22   17 32   18 95   19 59   20 31 
   1 16    2 83    3 13    4 43    5 66    6 37    7 91    8 86    9 82   10  7   11 98   12 14   13 43   14  7   15 11   16 16   17  9   18 17   19 47   20 92 
   1 69    2 70    3  2    4 73    5 51    6 92    7 50    8 57    9 36   10 35   11 40   12 33   13 45   14 38   15 30   16 64   17 76   18 64   19 15   20 54 
   1 73    2 67    3 92    4 61    5 80    6 15    7 90    8 86    9 29   10 51   11 10   12 65   13 60   14 52   15 77   16 70   17 44   18 13   19 57   20 19 
   1  4    2  6    3 31    4 87    5 25    6 33    7 85    8 51    9 42   10  4   11 35   12 50   13 42   14 49   15 24   16 18   17 55   18 21   19 84   20 24 
   1 88    2 79    3 31    4 46    5 84    6 84    7 97    8 54    9 69   10 48   11 63   12 97   13 14   14 90   15  7   16 46   17 12   18 42   19 96   20 53 
   1 65    2 56    3 33    4 11    5 66    6 96    7 47    8 29    9 85   10  3   11 41   12 97   13  5   14 12   15 30   16 55   17 80   18 18   19 61   20 38 
   1 35    2  3    3 85    4 53    5 76    6 74    7 46    8 99    9 85   10 69   11 27   12 13   13 97   14 36   15 29   16 15   17 91   18 69   19 49   20 67 
   1 70    2 16    3 10    4 19    5 38    6  2    7 43    8 75    9 54   10 87   11 76   12 47   13 96   14 39   15 97   16 76   17 25   18 81   19 19   20 48 
   1 60    2 62    3 87    4 72    5 30    6  7    7 67    8  9    9 69   10 66   11 83   12 25   13 53   14  4   15 90   16 58   17 11   18 35   19 97   20 83 
   1 45    2 63    3 61    4 31    5  2    6  9    7 41    8 58    9 55   10 36   11 28   12  6   13 28   14 33   15 30   16  8   17  2   18 80   19 40   20 75 
   1  1    2 17    3 83    4 53    5 33    6 51    7 93    8 93    9  1   10 28   11 49   12 86   13 33   14 98   15 80   16 62   17 91   18 23   19 20   20 33 
   1 13    2 38    3 39    4 37    5 59    6 64    7 30    8 99    9 96   10 23   11  2   12 10   13 17   14 16   15 42   16 68   17 91   18 11   19 60   20 69 
   1 98    2 15    3 74    4  3    5 89    6 39    7 74    8 29    9 41   10 53   11 97   12 94   13 34   14 53   15 15   16 79   17 88   18 34   19  9   20 19 
   1 38    2 30    3 72    4 51    5 11    6 33    7 36    8 20    9 35   10 93   11 24   12 55   13 74   14 48   15 34   16 50   17 98   18 38   19 44   20 39 
   1 55    2 18    3 10    4 62    5  7    6 75    7 40    8 91    9 17   10 34   11  2   12 54   13  2   14 34   15 70   16 49   17 58   18 83   19 76   20 47 
   1 83    2 23    3 45    4 36    5 18    6 54    7 78    8 17    9 15   10 99   11 46   12  1   13 51   14 72   15 16   16 59   17 93   18 52   19 59   20 95 
   1 20    2 24    3 91    4 99    5 34    6 26    7 40    8 53    9 98   10 88   11 91   12 79   13 46   14  2   15 88   16 35   17 26   18 88   19 83   20 40 
   1 97    2 41    3 85    4 55    5 62    6 23    7 55    8 77    9 57   10 20   11 25   12 41   13 16   14 76   15 28   16 12   17 50   18 55   19 30   20 31 
   1 44    2 79    3 88    4 85    5 93    6 60    7 56    8 24    9 52   10 72   11 75   12 38   13 24   14 91   15 63   16 47   17 35   18 34   19 94   20 35 
   1 86    2 59    3 47    4 65    5 28    6 78    7 15    8  9    9 28   10 14   11 64   12  7   13 82   14 39   15 59   16 39   17 22   18 49   19 84   20 59 
   1  8    2 43    3 23    4  2    5 91    6 39    7 19    8 59    9 52   10 18   11 92   12 21   13 10   14 92   15 73   16 56   17 19   18 50   19 95   20 66 
   1 98    2 49    3 27    4 28    5 64    6 13    7 46    8 25    9  3   10 27   11 47   12  7   13  1   14 95   15 38   16 83   17 79   18 67   19 91   20  7 
   1 85    2 55    3 53    4 43    5 78    6 19    7 84    8 25    9 40   10 52   11 68   12 16   13 54   14 43   15 18   16 64   17 75   18 67   19 37   20 94 
   1 16    2 22    3 41    4 79    5 99    6 77    7 71    8 65    9 74   10 14   11 22   12  4   13 65   14 61   15 48   16 44   17 96   18 94   19 41   20 89 
   1 16    2 29    3 38    4 54    5 11    6 31    7 10    8 65    9 91   10 96   11 80   12 61   13 68   14 59   15 31   16 35   17  9   18 13   19 40   20  8 
   1 11    2 33    3 70    4 29    5 79    6 91    7 19    8  7    9 75   10 74   11 48   12 13   13 28   14 72   15 95   16 20   17 74   18 85   19 65   20 73 
   1 84    2 91    3 93    4 57    5 30    6 53    7 21    8 70    9 49   10 89   11 82   12 14   13 75   14 11   15 19   16 19   17 50   18 16   19 23   20 81 
   1 84    2 86    3 86    4 35    5 45    6 92    7 55    8  2    9 39   10 48   11 16   12 45   13 32   14 76   15 71   16 27   17 78   18 29   19 72   20 94 
   1 18    2 81    3 85    4 10    5 64    6 79    7 63    8 88    9  9   10 11   11 71   12 54   13 44   14 17   15  2   16 41   17 11   18 62   19 19   20 20 
   1 58    2  2    3 17    4 66    5 29    6 71    7 69    8  2    9 24   10  9   11 39   12  4   13 33   14 75   15 92   16 29   17  1   18 42   19 53   20 58 
   1 33    2 76    3 60    4 70    5  8    6 16    7 73    8 62    9 53   10 46   11 43   12 22   13 69   14 70   15 64   16 61   17 20   18  2   19 25   20 37 
   1 19    2 40    3 29    4 82    5 50    6 47    7 55    8 71    9 93   10 97   11 15   12 21   13 74   14 92   15 19   16 41   17 11   18 90   19 65   20  8 
   1 77    2 35    3  3    4 14    5 70    6 49    7 84    8 98    9 45   10 98   11 51   12 90   13 75   14 83   15 62   16 94   17 30   18 31   19 68   20  4 
   1 53    2 95    3 23    4  5    5 72    6 40    7 97    8 40    9 19   10 38   11 47   12  5   13 77   14 30   15 11   16 99   17 39   18 36   19 52   20 62 
   1 33    2 42    3 35    4 42    5 69    6  3    7 34    8 60    9 64   10 11   11 81   12 42   13 66   14 92   15 31   16 13   17 26   18  3   19 93   20  9 
   1 63    2 90    3 27    4 59    5  3    6 84    7 72    8 73    9 66   10 33   11 68   12 94   13 47   14 37   15 80   16 90   17 43   18 75   19 55   20 72 
   1 40    2 48    3 52    4 69    5 84    6 75    7 25    8 10    9 73   10 46   11 98   12 86   13 84   14 94   15 60   16 22   17 79   18 81   19 62   20 86 
   1 84    2 78    3 49    4 36    5 44    6 55    7 48    8  5    9 66   10 46   11 43   12 78   13  4   14 12   15 43   16 68   17 85   18 80   19 70   20 86 
   1 76    2 20    3 39    4 78    5 72    6  4    7 19    8 77    9 21   10 61   11 88   12 63   13 86   14 10   15  5   16 20   17 50   18 67   19 28   20 13 
   1 66    2 46    3 22    4  6    5 97    6 79    7 63    8 41    9 39   10  3   11 37   12 55   13 55   14 52   15 88   16 23   17 68   18 95   19 55   20 66 
   1 22    2 75    3  8    4 71    5 92    6 59    7 75    8 87    9 23   10 55   11 74   12 45   13 37   14 37   15 32   16 65   17 83   18 93   19 29   20 12 
   1 83    2 28    3 25    4 27    5 13    6 32    7 86    8 66    9 95   10 79   11 45   12 13   13  8   14 64   15 46   16 37   17 73   18 75   19 69   20 41 
   1 53    2 40    3 83    4 65    5 23    6 98    7 48    8 71    9  1   10 11   11 28   12 93   13 99   14 47   15 50   16 63   17 28   18  3   19 62   20 49 
   1  6    2 77    3 12    4 30    5  2    6 46    7 13    8 91    9 99   10 74   11 57   12  9   13 70   14 30   15 69   16 54   17 57   18 37   19 70   20 57 
   1 45    2 73    3  5    4 33    5 74    6 94    7 98    8 29    9 88   10 14   11  7   12 61   13  1   14 94   15 99   16 95   17 91   18 54   19  9   20 87 
   1 38    2 63    3 73    4 92    5 44    6 61    7 54    8 70    9 61   10 45   11 91   12 56   13 82   14 21   15 14   16 18   17 61   18 15   19 43   20 10 
   1 13    2 13    3  5    4 63    5 63    6 77    7 56    8 60    9 31   10 29   11 50   12 11   13 22   14 12   15 26   16 77   17 99   18  2   19 13   20 17 
   1 92    2 26    3 98    4 40    5 81    6 98    7  6    8 75    9  3   10 48   11 11   12 61   13 79   14 37   15 20   16 34   17 94   18 25   19 29   20 36 
   1 44    2 90    3 44    4 12    5 86    6 12    7 19    8 49    9 69   10  1   11 65   12 63   13 63   14 40   15 69   16 65   17 47   18 71   19 54   20 21 
   1 17    2  4    3 92    4 37    5 70    6 59    7 90    8  6    9 21   10 97   11 67   12  8   13 47   14 69   15 19   16 15   17 33   18 33   19 58   20 72 
   1 22    2  5    3 33    4 57    5 83    6 60    7 61    8 71    9 50   10 58   11 65   12 54   13 34   14 21   15 15   16 20   17 89   18 57   19 58   20 58 
   1 55    2 29    3 24    4 13    5  4    6 98    7 89    8 81    9 21   10 72   11 69   12 93   13 71   14 79   15 68   16 71   17 43   18  8   19 91   20 51 
   1  5    2 26    3 95    4 11    5 62    6 92    7 31    8 56    9 36   10 15   11 51   12 80   13 40   14 76   15 92   16  2   17 37   18 46   19 58   20 88 
   1 55    2 35    3 51    4 24    5 20    6 36    7  9    8 57    9 47   10  5   11 99   12 97   13 32   14 26   15 50   16 42   17 77   18 14   19  8   20 26 
   1 34    2 26    3 80    4 31    5 96    6 27    7 47    8 49    9 17   10 48   11 97   12 37   13 19   14 80   15 64   16 39   17 57   18 17   19 93   20 22 
   1 66    2 58    3 59    4  1    5 21    6 50    7 70    8 98    9 91   10 82   11 56   12 59   13 43   14 97   15 46   16 55   17 76   18 57   19 52   20 24 
   1 71    2 11    3 30    4 66    5 79    6 91    7 93    8 74    9 94   10 60   11 99   12 13   13 36   14 43   15 91   16 59   17 72   18 40   19 25   20 71 
   1 74    2 58    3 87    4 40    5 16    6 40    7  4    8 63    9 96   10 35   11 23   12 71   13 56   14 75   15 15   16 93   17 72   18  1   19 24   20 62 
   1 11    2 55    3 58    4  2    5 91    6 62    7 14    8 19    9  9   10 51   11 66   12  5   13 86   14 13   15 90   16 92   17 76   18 34   19 50   20 37 
   1 67    2 13    3 83    4 25    5 92    6 68    7 27    8  2    9 36   10 97   11 58   12  8   13 43   14 29   15 70   16 22   17 17   18 46   19 57   20 84 
   1 93    2 45    3 26    4 11    5 41    6 65    7 23    8 49    9 11   10 34   11 34   12 90   13 70   14 26   15 14   16 61   17 46   18 35   19 86   20 60 
   1 80    2 36    3 94    4 15    5 28    6 98    7 94    8 68    9 10   10 58   11 20   12 92   13 75   14 60   15 53   16  8   17 58   18 26   19 70   20 78 
   1  3    2 47    3 97    4 56    5 97    6 56    7 93    8 69    9 56   10  8   11 31   12 13   13 45   14 76   15 28   16 19   17 47   18 66   19 75   20 93 
   1  3    2 17    3 65    4 22    5 90    6 57    7 14    8 15    9 84   10 32   11 25   12 66   13 22   14 97   15 95   16 50   17 18   18 92   19 59   20 47 
   1  2    2 81    3 75    4 88    5 82    6 63    7 22    8 10    9 30   10 17   11 51   12 56   13 28   14 50   15 71   16 14   17 45   18 16   19 94   20 45 
   1 40    2 81    3 28    4 35    5 19    6 21    7 20    8 82    9 99   10 32   11 80   12 81   13 83   14 19   15 99   16 24   17 36   18 62   19 46   20 58 
   1 33    2 65    3 23    4 82    5 93    6 77    7 77    8 99    9 11   10 13   11 16   12  3   13 63   14 14   15 15   16 45   17 88   18 45   19 97   20 78 
   1 58    2 36    3 83    4 63    5 75    6 73    7 34    8 12    9 61   10 50   11 82   12 84   13 35   14 11   15  3   16 22   17  2   18 15   19 49   20 97 
   1 53    2 82    3 91    4 58    5 27    6 72    7 41    8 79    9 42   10 10   11 93   12 42   13 84   14 57   15 25   16 96   17 64   18  7   19 46   20 67 
   1 10    2 84    3 33    4 37    5 66    6 73    7  6    8 65    9 91   10 83   11 12   12 98   13 10   14 34   15 11   16  6   17 82   18 30   19 94   20 76 
   1 31    2 93    3 23    4 52    5  6    6 49    7 54    8  9    9  2   10 76   11 19   12 87   13 71   14 87   15 60   16 98   17 80   18 45   19  5   20 97 
   1 58    2  5    3 74    4 60    5 33    6 56    7 83    8 94    9 98   10 40   11 86   12 98   13 16   14 23   15 73   16 93   17 40   18 16   19 80   20  1 
   1 50    2 58    3 22    4 77    5 53    6 17    7 46    8 73    9 92   10 50   11 37   12 56   13 41   14 47   15 46   16 89   17 81   18 67   19 84   20 10 
   1 68    2 41    3 72    4 84    5 79    6 39    7 37    8 85    9 62   10 25   11 74   12  4   13 89   14 29   15 31   16 15   17 71   18 52   19 77   20 18 
   1 88    2  6    3 48    4 38    5 64    6 54    7 75    8 78    9 91   10 84   11 64   12 63   13 13   14 91   15 20   16 92   17 87   18 39   19 15   20 47 
   1 81    2 75    3 44    4 10    5 13    6 62    7 12    8 37    9 88   10 67   11 39   12 11   13 41   14 79   15 16   16 21   17 36   18  2   19 36   20 36 
   1 18    2 32    3 12    4 34    5 10    6 12    7 34    8 69    9  9   10  5   11 40   12 19   13 97   14 31   15 92   16 27   17 49   18 91   19 71   20 82 
   1 96    2 25    3 93    4 56    5 10    6  8    7 86    8 34    9 31   10 80   11 15   12 96   13 56   14 80   15 91   16 97   17 75   18 50   19 77   20 54 
   1 41    2 48    3 28    4 77    5 53    6 79    7  8    8 52    9 46   10 55   11 67   12 59   13 38   14 84   15 55   16 76   17 69   18 73   19 21   20 82 
   1 65    2 51    3 74    4 43    5 40    6  1    7 42    8  8    9 69   10 45   11 15   12 56   13 27   14 87   15  5   16 44   17 79   18  7   19 80   20  4 
   1 42    2 58    3 80    4 71    5 73    6 88    7 93    8 62    9 83   10 43   11 52   12 72   13 62   14 31   15 19   16 37   17 67   18 83   19 94   20 41 
   1 42    2 55    3 50    4 89    5 54    6 32    7 51    8 19    9  3   10 99   11 51   12 93   13 30   14 88   15 33   16 97   17 23   18 28   19 53   20 43 
   1 39    2 10    3 95    4 31    5 37    6 76    7 97    8 84    9 14   10 18   11 63   12 87   13 61   14  8   15 74   16 97   17 26   18 76   19 19   20 29 
   1 21    2 13    3  8    4 21    5 46    6 29    7 29    8 93    9 15   10 69   11 31   12 69   13 85   14 28   15 63   16 52   17 90   18 29   19 36   20 12 
   1 77    2 58    3 86    4 35    5 43    6 84    7 46    8 34    9 31   10 15   11 56   12 74   13 12   14 32   15 89   16 27   17 32   18 80   19 56   20 84 
   1 20    2 99    3 13    4  9    5 63    6 88    7 66    8 91    9 57   10 16   11 62   12 36   13 25   14  5   15 31   16 68   17 75   18 37   19  9   20 21 
   1 41    2 93    3 26    4 86    5 99    6 79    7  3    8 90    9 41   10 35   11 43   12 58   13 46   14 97   15  3   16 39   17 52   18 92   19 34   20 34 
   1 83    2 93    3 38    4 92    5 96    6 80    7 33    8 92    9 49   10  9   11 36   12 49   13 65   14 96   15 53   16 46   17  4   18 45   19 52   20 29 
   1 31    2 16    3 82    4 48    5 27    6 63    7 25    8 23    9 65   10 23   11 43   12 20   13 32   14 38   15 33   16 76   17  3   18 67   19 17   20 13 
   1 60    2 65    3 73    4 56    5 19    6 51    7 16    8 91    9 84   10 77   11 23   12 48   13 43   14  4   15 17   16 39   17 21   18 66   19 69   20 35 
   1 59    2 85    3 90    4 50    5 67    6  1    7 64    8 68    9 93   10 17   11 22   12 13   13 90   14  4   15 73   16 78   17 43   18 64   19 57   20 25 
   1 26    2 83    3 42    4 79    5 91    6 77    7 12    8 65    9 57   10 74   11 38   12 32   13 72   14 88   15 61   16 77   17 41   18 25   19 80   20 77 
   1 34    2 75    3 18    4 27    5 92    6 84    7 89    8 12    9 92   10 78   11 76   12 71   13 18   14 63   15  8   16 40   17 18   18 85   19 12   20 18 
   1 95    2 34    3 40    4 62    5 97    6 82    7 10    8 55    9 55   10 60   11  2   12 82   13 21   14 76   15  9   16 80   17 62   18 50   19 75   20 58 
   1 14    2 33    3 52    4 43    5 41    6 71    7 43    8 12    9  6   10 68   11 35   12 93   13 38   14 48   15 84   16 12   17  9   18 10   19 20   20 94 
   1 64    2 33    3 87    4 91    5 15    6 81    7 73    8 38    9 93   10 41   11 54   12 38   13 88   14 91   15 88   16 36   17 16   18 61   19 68   20 10 
   1 89    2 23    3 44    4 12    5 15    6 17    7  4    8 71    9 76   10 90   11 80   12 89   13 59   14 65   15 39   16 94   17 62   18 93   19 84   20 71 
   1 72    2 39    3 10    4 41    5 10    6  3    7 51    8 41    9 56   10 36   11 94   12 77   13  9   14 94   15 10   16 84   17 86   18  4   19 28   20 27 
   1 93    2 98    3 21    4 44    5 79    6 14    7 63    8 44    9 94   10 59   11 45   12 20   13 68   14 37   15 73   16 36   17 36   18 81   19 22   20 57 
   1 97    2 13    3 51    4 90    5 26    6 86    7 73    8 65    9 59   10 17   11 11   12 57   13 40   14 35   15 15   16 50   17 11   18 94   19 83   20 70 
   1 49    2 43    3 20    4 78    5  6    6 45    7 64    8  2    9 76   10 73   11 71   12 23   13 57   14 45   15 52   16 49   17 34   18 68   19 67   20  7 
   1 30    2 18    3 84    4 65    5  4    6 55    7 15    8  2    9 94   10 56   11 84   12 60   13 80   14 91   15 20   16  2   17 79   18 82   19 43   20 34 
   1 63    2 27    3 70    4 47    5 35    6 76    7 65    8  2    9 30   10 21   11 78   12 60   13 19   14 41   15 48   16 74   17 38   18 85   19 33   20 13 
   1 37    2 59    3 53    4 21    5 90    6  4    7 80    8 58    9 43   10 18   11 22   12 87   13 51   14 39   15 40   16 10   17 65   18 62   19 24   20 27 
   1 53    2 89    3 94    4 56    5 65    6 60    7 75    8 89    9 99   10 31   11 58   12 59   13 80   14  2   15 40   16 21   17 26   18 20   19 12   20 56 
   1 58    2 27    3 59    4 39    5 84    6 42    7 71    8  9    9 72   10 82   11 73   12 82   13 32   14 15   15 81   16 21   17 91   18 14   19 89   20 13 
   1 68    2 58    3 35    4 41    5 86    6 63    7 91    8 19    9 17   10 93   11 70   12 96   13 10   14  5   15 12   16 37   17 34   18  8   19 96   20 63 
   1 44    2 70    3  2    4 35    5  2    6  2    7 41    8  5    9  9   10 69   11 93   12 30   13 88   14 61   15 17   16 34   17 50   18 76   19  1   20 37 
   1 88    2 72    3 31    4 79    5 38    6 57    7 39    8  6    9 92   10 71   11 54   12 18   13 28   14 72   15  5   16 26   17 35   18 49   19 23   20 48 
   1 65    2 20    3 81    4 73    5 58    6 43    7 24    8 16    9  9   10 77   11 80   12 83   13 36   14  7   15 50   16  9   17 18   18 55   19 86   20 98 
   1 48    2 26    3 98    4 34    5 87    6 39    7 36    8 46    9 17   10 90   11 51   12 96   13 98   14 99   15 72   16 81   17 22   18 58   19 72   20 18 
   1 24    2 41    3 60    4 91    5 96    6  8    7 42    8 64    9 40   10 56   11 48   12 16   13 87   14 50   15 37   16 23   17 72   18 78   19 33   20 88 
   1 39    2  8    3 51    4 38    5 49    6 42    7 20    8 27    9 84   10 27   11 92   12 53   13 18   14  4   15  9   16 54   17 87   18 70   19 84   20 90 
   1 26    2 27    3 25    4 97    5 84    6 19    7 74    8 39    9 92   10 89   11  7   12 29   13 34   14 54   15 62   16 40   17 23   18 59   19 13   20  6 
   1 70    2  4    3  7    4 27    5  8    6  6    7 60    8 90    9 88   10 25   11 76   12 10   13 91   14  8   15 92   16 21   17 16   18 14   19 86   20 82 
   1 70    2 11    3 66    4 78    5  9    6 66    7 90    8 63    9 16   10 46   11 21   12 80   13 89   14 47   15 32   16 59   17 41   18 21   19 68   20 14 
   1 10    2 83    3 15    4  1    5 61    6  5    7 85    8  3    9 12   10 99   11 30   12 39   13 61   14 98   15 15   16 53   17 33   18 13   19 20   20 66 
   1 73    2 12    3 19    4 27    5 63    6 13    7 86    8 52    9 95   10 41   11 16   12 96   13 24   14 57   15 79   16 99   17 52   18 25   19 53   20 82 
   1 69    2 37    3 61    4 38    5  2    6 80    7 97    8 32    9 42   10 52   11 82   12 84   13 33   14 62   15  2   16 23   17 71   18 26   19 77   20  5 
   1 41    2 49    3 58    4 71    5 45    6 98    7 14    8 10    9 89   10 49   11 10   12 83   13 75   14 81   15 95   16 73   17 87   18 48   19 34   20 52 
   1 41    2 74    3 99    4 70    5 79    6 20    7 75    8 40    9 59   10 10   11 32   12 29   13 93   14 50   15 98   16 46   17 41   18 49   19  8   20 99 
   1 15    2 98    3 59    4 96    5 55    6 92    7 17    8 17    9 87   10 94   11 33   12  2   13 96   14 59   15 94   16 24   17 25   18 39   19  9   20 89 
   1 50    2 89    3 90    4 98    5 49    6 20    7 80    8 36    9 64   10 72   11 77   12 67   13 48   14 84   15 77   16 56   17 45   18 82   19 57   20 37 
   1  8    2 67    3 32    4 20    5 44    6 36    7 44    8 67    9 92   10 99   11 71   12 71   13  1   14 77   15  5   16  5   17 34   18 17   19 98   20 34 
   1 86    2 16    3 66    4 98    5 53    6 99    7 47    8 47    9  1   10 75   11 16   12 13   13 79   14 18   15 33   16 29   17 33   18 35   19  4   20  1 
   1 15    2 36    3 40    4 17    5 72    6 85    7 64    8 48    9  8   10 67   11 67   12 88   13 54   14 71   15 99   16 15   17 95   18  3   19  5   20 92 
   1 82    2 44    3 57    4 51    5 68    6 14    7 11    8 43    9  9   10 46   11 15   12 15   13 84   14 31   15 36   16 29   17 91   18 30   19 90   20 55 
   1 56    2 17    3 30    4 95    5 24    6  9    7 69    8 45    9 57   10  5   11 46   12 26   13 15   14 79   15 77   16 51   17 64   18 85   19 53   20 97 
   1 38    2 37    3 60    4 45    5 62    6 98    7 74    8 33    9 28   10 85   11 95   12 48   13 35   14 92   15 30   16 43   17 12   18 53   19 83   20 96 
   1 53    2 48    3 12    4 55    5 55    6 97    7 48    8 13    9 48   10 57   11 25   12 38   13 11   14 99   15 37   16 57   17 72   18  7   19 63   20 90 
   1 92    2 23    3 14    4 41    5 81    6 65    7 35    8 94    9 19   10 56   11 95   12 86   13 38   14 66   15 36   16 46   17 22   18 35   19 63   20 47 
   1 35    2 43    3 23    4 33    5 52    6 48    7 32    8 77    9 46   10  2   11 68   12 78   13 78   14 53   15 38   16 30   17 25   18 34   19 38   20 90 
   1 24    2 82    3 18    4  1    5 92    6 97    7 42    8 96    9 44   10 71   11 58   12 51   13 48   14 22   15 24   16 54   17 71   18 58   19 94   20  5 
   1 27    2 93    3 44    4 27    5 45    6 52    7 46    8 23    9 27   10 30   11 19   12 52   13 20   14 36   15 56   16 88   17 19   18  2   19 41   20 25 
   1 54    2 27    3 77    4 33    5 33    6 76    7 98    8  7    9 64   10 54   11 34   12 46   13 18   14 37   15 46   16 70   17  3   18 53   19 54   20 36 
   1 10    2  8    3 85    4 44    5 13    6 73    7 26    8 22    9 20   10 59   11 20   12 84   13  3   14 78   15 21   16 53   17 91   18 88   19  7   20  9 
   1 83    2 39    3 35    4 79    5 40    6 61    7 99    8 98    9 12   10  7   11 30   12 22   13 24   14  9   15 48   16 56   17 63   18 92   19 54   20 38 
   1 22    2 88    3 83    4 93    5 95    6 62    7 79    8 22    9 31   10 55   11 63   12 45   13 74   14 47   15 47   16 47   17 67   18 28   19 69   20  9 
   1 63    2 99    3 63    4 46    5 71    6 87    7 21    8 81    9  1   10 19   11 68   12 98   13 73   14 88   15 75   16 94   17 33   18 94   19 14   20 17 
   1 89    2 97    3 51    4 16    5 95    6 14    7 52    8  2    9 17   10 99   11 61   12 23   13 18   14 11   15 26   16 60   17 51   18  4   19 88   20 39 
   1 65    2  5    3 97    4 46    5 79    6 24    7 54    8 95    9 23   10 12   11 84   12 40   13 16   14 86   15 47   16 58   17 97   18 75   19 19   20  3 
   1 33    2 38    3 64    4 42    5 66    6 86    7 84    8  4    9  3   10 57   11  3   12 68   13 57   14 90   15 80   16 95   17 26   18 60   19 83   20 38 
   1 86    2 26    3 38    4 58    5 31    6 57    7 63    8 20    9 33   10 45   11 55   12 52   13 34   14  7   15 64   16 35   17 59   18 98   19  4   20 54 
   1  9    2  7    3 78    4 11    5 33    6 34    7 58    8  7    9 39   10 35   11 10   12 60   13 82   14 24   15 80   16  2   17 77   18 64   19 92   20 66 
   1  5    2 59    3 44    4  5    5 94    6 19    7 93    8 67    9 36   10 30   11 33   12 89   13 47   14 16   15 75   16 49   17 65   18 57   19 93   20 19 
   1 88    2 70    3 26    4 15    5 12    6 95    7 49    8 93    9 91   10 19   11 70   12 92   13  7   14 30   15 78   16 87   17 68   18 96   19  6   20 59 
   1 97    2 34    3 39    4 77    5  7    6 89    7 69    8 46    9 70   10 75   11 78   12 90   13 80   14 36   15 60   16 55   17 80   18 71   19 55   20 17 
   1 92    2 38    3 15    4 25    5 23    6  1    7 76    8 62    9  9   10 52   11 31   12 14   13 23   14 81   15 85   16 80   17 41   18 30   19 15   20 27 
   1 99    2 74    3 50    4 23    5 19    6 61    7 62    8 25    9  6   10 48   11 26   12 17   13 93   14 84   15 91   16 24   17 36   18  4   19  7   20 71 
   1 11    2 41    3 74    4 27    5 50    6 11    7 24    8 47    9 29   10 60   11 66   12 84   13  5   14 33   15 33   16 19   17 26   18 63   19  8   20 98 
   1 90    2 24    3 86    4 12    5 34    6 26    7 63    8 24    9 13   10 12   11 23   12 52   13 99   14 49   15  1   16 35   17 10   18  6   19 74   20 67 
   1 73    2 74    3 52    4 72    5 79    6 11    7 20    8 79    9  5   10  6   11 49   12 94   13 31   14 11   15 70   16 60   17 17   18 35   19 24   20 10 
   1 36    2 99    3  7    4 33    5 27    6 80    7 61    8 45    9 14   10 41   11 46   12 67   13 45   14 46   15 71   16 17   17  4   18 61   19 23   20 99 
   1 44    2 27    3 72    4 64    5  4    6  1    7 24    8 64    9 63   10 98   11 52   12 95   13 20   14 65   15 34   16 72   17 90   18 72   19 32   20 86 
   1 22    2 39    3 97    4 14    5 70    6 26    7 94    8 25    9 85   10 91   11 37   12 15   13 54   14 64   15 97   16 27   17 23   18  5   19 48   20 54 
   1 97    2 64    3  4    4  9    5 81    6 79    7 85    8 29    9 83   10 29   11 61   12 84   13  7   14 49   15  7   16 94   17 82   18 75   19 19   20 70 
   1 95    2 98    3 51    4 80    5 66    6 30    7 26    8 87    9 80   10 61   11 49   12 13   13 58   14 80   15 57   16 17   17  9   18 30   19 29   20 63 
   1 70    2 21    3 60    4 42    5 66    6 67    7 98    8 23    9 14   10 12   11 38   12 90   13 26   14 28   15 42   16 84   17 74   18 91   19 17   20  1 
   1 22    2 26    3 19    4 80    5 58    6  2    7 18    8 59    9 10   10 57   11 85   12 19   13 24   14 95   15 58   16  2   17 97   18 38   19 13   20 40 
   1 50    2 75    3 60    4 81    5 74    6 37    7 70    8 25    9 73   10 40   11 36   12 73   13 94   14 45   15  6   16 78   17 44   18 70   19 83   20 15 
   1 66    2 10    3 86    4 45    5 37    6 63    7 37    8 20    9 20   10 90   11 56   12 87   13 39   14 44   15 53   16 69   17 63   18 26   19 77   20  1 
   1 22    2 12    3 16    4 15    5 71    6  9    7 98    8 76    9 57   10 11   11 10   12 16   13 31   14 39   15 94   16 20   17 14   18 24   19 13   20 88 
   1 25    2 93    3 25    4 49    5 96    6 11    7 45    8 36    9 66   10 69   11 65   12 54   13 23   14 91   15 12   16 73   17 74   18 92   19 12   20 46 
   1  4    2 98    3 16    4 22    5 57    6  9    7  2    8 89    9 69   10 44   11 11   12 74   13  9   14 55   15 96   16 47   17 11   18 80   19 88   20 18 
   1 90    2 92    3 88    4 75    5  3    6 57    7 40    8 77    9 17   10 72   11 84   12  6   13 11   14 87   15 26   16 89   17 73   18 15   19 49   20 91 
   1 77    2 22    3 11    4 95    5 89    6 72    7 23    8  1    9 19   10 31   11 37   12 66   13 17   14 26   15 80   16 94   17 13   18 12   19 63   20 62 
   1 39    2 99    3 68    4 49    5 20    6 33    7 35    8 84    9 80   10 24   11 50   12  3   13 57   14 87   15 74   16 60   17 17   18 27   19 37   20 31 
   1 99    2 51    3 87    4 65    5 66    6  2    7 27    8 83    9 93   10 68   11 33   12 84   13 41   14 78   15 46   16 12   17 36   18 77   19 61   20 47 
   1  5    2 38    3 73    4 14    5 14    6 45    7 88    8 51    9  6   10 82   11 68   12 50   13 68   14  3   15 74   16  6   17 22   18 25   19 67   20 65 
   1 84    2 80    3 89    4 61    5 76    6 59    7 37    8 25    9 63   10 40   11 38   12 70   13 26   14 45   15 37   16 44   17 45   18 59   19 96   20 83 
   1 70    2 81    3 53    4 49    5 36    6 95    7  5    8 74    9 10   10 13   11 71   12 88   13 77   14 39   15 22   16 17   17 25   18 34   19 28   20 20 
   1 62    2  4    3 47    4 14    5 64    6 65    7 60    8 51    9 90   10 57   11 98   12 93   13 56   14 56   15 60   16 33   17 57   18 35   19 72   20 11 
   1 11    2 47    3 88    4 62    5 69    6 25    7 91    8 18    9  4   10 72   11 65   12 25   13 70   14 60   15 40   16 12   17 95   18 47   19 57   20 83 
   1 18    2 53    3 57    4  7    5 26    6 73    7 63    8 98    9 25   10 30   11 34   12 52   13 53   14 25   15 77   16 19   17 97   18 36   19 90   20 39 
   1 27    2 41    3 53    4 11    5 53    6 34    7 74    8 89    9 67   10 39   11 31   12 22   13 88   14 29   15 11   16 47   17 38   18 56   19 36   20 19 
   1 73    2 12    3  4    4 59    5 41    6 83    7  7    8 73    9 73   10 20   11 55   12  3   13 94   14 66   15 21   16 90   17 82   18 81   19 68   20 68 
   1 19    2  7    3 82    4  5    5 17    6 27    7 33    8 46    9 80   10 85   11  1   12 99   13 51   14 89   15 83   16  1   17 14   18  7   19 13   20  1 
   1 48    2 85    3 18    4 41    5 93    6 21    7 37    8  3    9 15   10 63   11 88   12 86   13 47   14  5   15 19   16 26   17 84   18 57   19 12   20 54 
   1  3    2 63    3 43    4 16    5 87    6 18    7 73    8 77    9 19   10 76   11 64   12 72   13 67   14 63   15 31   16 58   17 65   18 43   19  4   20  6 
   1 53    2 33    3 65    4 69    5 58    6 78    7 31    8 11    9 42   10 15   11 10   12 63   13 71   14 91   15 40   16 50   17 24   18 67   19 33   20  6 
   1 67    2  4    3 55    4 89    5 32    6 88    7 84    8 53    9 79   10 62   11 76   12 66   13 80   14 33   15 49   16 31   17 31   18 28   19 74   20 21 
   1 69    2 35    3 81    4 60    5 47    6 88    7 48    8 68    9 70   10 72   11  1   12 17   13 96   14 19   15 45   16 71   17 86   18 28   19 78   20 44 
   1 33    2 51    3 26    4 32    5 46    6 13    7 20    8 79    9 46   10  5   11 40   12 10   13 41   14 39   15  3   16 88   17 92   18 53   19 34   20 25 
   1 13    2 33    3 89    4 13    5 51    6 18    7 74    8 96    9 39   10  4   11 89   12 92   13 82   14 50   15 68   16  6   17 13   18 94   19 66   20 72 
   1 33    2 15    3 46    4 33    5 44    6 10    7 98    8 24    9 45   10  9   11 27   12  7   13 55   14 10   15  6   16 83   17 80   18 89   19 12   20 85 
   1 65    2 96    3  3    4 73    5  2    6 49    7 96    8 21    9 94   10 63   11 29   12 60   13 20   14 65   15 67   16 82   17 29   18 86   19 76   20 12 
   1 53    2 94    3 45    4 64    5 84    6 28    7 86    8 82    9 88   10 93   11 33   12 43   13 43   14 94   15 78   16 97   17 48   18 98   19 37   20 79 
   1 11    2 89    3 90    4 63    5 31    6 19    7 58    8  9    9 91   10 29   11 74   12  7   13 53   14 63   15 78   16 31   17 46   18 80   19 47   20 82 
   1 32    2 61    3  8    4 51    5 84    6 69    7 90    8 62    9 27   10 36   11 60   12 94   13 82   14 75   15  7   16 84   17 11   18  2   19 69   20 97 
   1  6    2 20    3 13    4 30    5 83    6 85    7 36    8 45    9 21   10 42   11 22   12 84   13  9   14 33   15 11   16 72   17 70   18 33   19 35   20  7 
   1 17    2 10    3 87    4  9    5 24    6 61    7 63    8 39    9 98   10 31   11 86   12 28   13 58   14  7   15 89   16 41   17 31   18 26   19 83   20 45 
   1 28    2  8    3 81    4 62    5 46    6  1    7 17    8 84    9 49   10 70   11 40   12 83   13 89   14 11   15 68   16  1   17 13   18 97   19 86   20 38 
   1 41    2 51    3 59    4 26    5 83    6 46    7 96    8  1    9 71   10 21   11 96   12 44   13 80   14 97   15 23   16 48   17 52   18 58   19 52   20  8 
   1 74    2 11    3 91    4 52    5 24    6 20    7 72    8 11    9 62   10 21   11 12   12 86   13 77   14 16   15 39   16 52   17 27   18 54   19 35   20 44 
   1 45    2 90    3 74    4 50    5 63    6 71    7 72    8 22    9 69   10 99   11 41   12 90   13 15   14 33   15 79   16 80   17 48   18 41   19 33   20 46 
   1 22    2 96    3  2    4 20    5 75    6 41    7 52    8 34    9 69   10 38   11 29   12 46   13 93   14 77   15 61   16 28   17  2   18 61   19 72   20 19 
   1  9    2 58    3 82    4 36    5 96    6 80    7 78    8 16    9 39   10 42   11 33   12 36   13 23   14 85   15  9   16 23   17 80   18  1   19 76   20 62 
   1 37    2 61    3 57    4 37    5 21    6 83    7 72    8 69    9 32   10 59   11 94   12 52   13 19   14 51   15 26   16 53   17 25   18  3   19  6   20 34 
   1 20    2 23    3 99    4 56    5 55    6 56    7 74    8 60    9 97   10 22   11 45   12 77   13 90   14 31   15 67   16 63   17 13   18 78   19 99   20 73 
   1 32    2 95    3 77    4 62    5 77    6 76    7 93    8 72    9 70   10  1   11 77   12 25   13 55   14 15   15 23   16 27   17 34   18 12   19 47   20 35 
   1 48    2 70    3 49    4  6    5 99    6 39    7 96    8  6    9 97   10 82   11 41   12 94   13 32   14 98   15 49   16 31   17 25   18 12   19  4   20 94 
   1 12    2 65    3 57    4 75    5 63    6 10    7 93    8 81    9 99   10 97   11 61   12 36   13 28   14  9   15 40   16 57   17 64   18 24   19 29   20 21 
   1 15    2 46    3 63    4 87    5 79    6 94    7  7    8 59    9 56   10  8   11 61   12 54   13 78   14 32   15 27   16 58   17 63   18 31   19 69   20 61 
   1 12    2 30    3 51    4 70    5 51    6 85    7 38    8 18    9 50   10 90   11 51   12 84   13 64   14 38   15 29   16 40   17 22   18 17   19 82   20 20 
   1 79    2  5    3 74    4 37    5 84    6 26    7 49    8 84    9 14   10 65   11 78   12 98   13 32   14  9   15 40   16 59   17  3   18 61   19 37   20 44 
   1 94    2 21    3 96    4 74    5 12    6 99    7 20    8 11    9 60   10 54   11 47   12 14   13 23   14 42   15 11   16 48   17 42   18 60   19 37   20 30 
   1 13    2 69    3 85    4 59    5 51    6 42    7 27    8 53    9 91   10 78   11  4   12 67   13  7   14 86   15 21   16 71   17  4   18 81   19 53   20 74 
   1 17    2  4    3 35    4 87    5  3    6 43    7 54    8 89    9 39   10 96   11 58   12  8   13 66   14  4   15 94   16 96   17 56   18 72   19 45   20 82 
   1 69    2 40    3 72    4 69    5 99    6 54    7 71    8 62    9 35   10 72   11 45   12 71   13 56   14 99   15 91   16 15   17 58   18 11   19 31   20 88 
   1 97    2 20    3 59    4 69    5 61    6 74    7 28    8 55    9 83   10 68   11  7   12 43   13 63   14 81   15 70   16 24   17 21   18  4   19  9   20 75 
   1 78    2 56    3 90    4 68    5 46    6 46    7 96    8 33    9 28   10 48   11 36   12 95   13 14   14 27   15 15   16 66   17 67   18 28   19 37   20 15 
   1 20    2 97    3 42    4 13    5 51    6 68    7 63    8 96    9 45   10 64   11 27   12 97   13 61   14 54   15 99   16 92   17 73   18 63   19 97   20 15 
   1 49    2 26    3 94    4 72    5 79    6 12    7 93    8 32    9 63   10 94   11 62   12 21   13 58   14 99   15 57   16 53   17 61   18 20   19 23   20  7 
   1 12    2 98    3 53    4 81    5 64    6 31    7  7    8 85    9 25   10 65   11 85   12 49   13 12   14 92   15 11   16 35   17 52   18 45   19 28   20 40 
   1 45    2 74    3 69    4 14    5 58    6 71    7 74    8 19    9 87   10 75   11 78   12  1   13 10   14 24   15  1   16 55   17 63   18 38   19  2   20 25 
   1 96    2 86    3 86    4 75    5 15    6 79    7 54    8 61    9 38   10 84   11 70   12 70   13  7   14 97   15 63   16  4   17 89   18  3   19 11   20 54 
   1  5    2 30    3 77    4 61    5 94    6  9    7 83    8 34    9 56   10 54   11  8   12 66   13 14   14 54   15 67   16 82   17 43   18  7   19 14   20  8 
   1  1    2 74    3 63    4  4    5 89    6 38    7 96    8  8    9 17   10 29   11 23   12 64   13 55   14 93   15 80   16 61   17 64   18 46   19 24   20 11 
   1 98    2  7    3 67    4 85    5 41    6 50    7 70    8 28    9 89   10 23   11 76   12 79   13 36   14 94   15 86   16 31   17 75   18  3   19 51   20 91 
   1 14    2 38    3 60    4 10    5 82    6 89    7 68    8 71    9 85   10 66   11 36   12 99   13 95   14 54   15 95   16  2   17 20   18 61   19  8   20 24 
   1 71    2 86    3 80    4 26    5 90    6 49    7 20    8 74    9 29   10 88   11 74   12 38   13 25   14 45   15 85   16 32   17 34   18 76   19 89   20 76 
   1 83    2  2    3 72    4 56    5 88    6 52    7 89    8 32    9 83   10 96   11 76   12 71   13  2   14 13   15 12   16 84   17 30   18  5   19 76   20 96 
   1 36    2 57    3 24    4 47    5  4    6 89    7 19    8 17    9 24   10 22   11 53   12 74   13 21   14 65   15 88   16 90   17 22   18 18   19 81   20 16 
   1 35    2 58    3 39    4 17    5  9    6 79    7  6    8 49    9 12   10 41   11 56   12 59   13 61   14 62   15 79   16 43   17 29   18 75   19 47   20 27 
   1  6    2 18    3 95    4 36    5 37    6 62    7 83    8 18    9  8   10 15   11 95   12 81   13 25   14 23   15 94   16 15   17 20   18 98   19 59   20 71 
   1 11    2 37    3 16    4 81    5 45    6 81    7  9    8 32    9 55   10 49   11 47   12 32   13 18   14 11   15 28   16 55   17 52   18 55   19 43   20 86 
   1  5    2 28    3 96    4  7    5 30    6 18    7 71    8 69    9 98   10 67   11 62   12 57   13 14   14 96   15 31   16 24   17 39   18  4   19  5   20 44 
   1 66    2 95    3 41    4 73    5 82    6 75    7 22    8 61    9 78   10 50   11 70   12 71   13  4   14  3   15 35   16 40   17 76   18 97   19 17   20 53 
   1 88    2 79    3 23    4  3    5 82    6 48    7 25    8 79    9 96   10 77   11 55   12 83   13 95   14 78   15 25   16 21   17 24   18 27   19 72   20 53 
   1 22    2 94    3 46    4 34    5 54    6 82    7 53    8 83    9 85   10 87   11  7   12 52   13 48   14 62   15 17   16 18   17 49   18 38   19 88   20 55 
   1 29    2  6    3 62    4  7    5  8    6 51    7 89    8 87    9 18   10 77   11 12   12 29   13  6   14 53   15 81   16 22   17 34   18 54   19 16   20 82 
   1 54    2 74    3 76    4 18    5 43    6 76    7 87    8 80    9 67   10 75   11 97   12 59   13 21   14 46   15 98   16 72   17 42   18 51   19 53   20 35 
   1 20    2 14    3 88    4 55    5 52    6 94    7 78    8 87    9 45   10 49   11 72   12 46   13 14   14 29   15 84   16  9   17 73   18 50   19 79   20 99 
   1 92    2 63    3 46    4  5    5 38    6 41    7 49    8 41    9 44   10 66   11 77   12 28   13 12   14 42   15 21   16 33   17  7   18 61   19 45   20 85 
   1 79    2 60    3 23    4 32    5 17    6 69    7 26    8 36    9 37   10 35   11 29   12 42   13 93   14 56   15 93   16 68   17 51   18 93   19 98   20 57 
   1 34    2 43    3  6    4 99    5 75    6 69    7  5    8 62    9 35   10 62   11 59   12 20   13 94   14 76   15 12   16 84   17 68   18  2   19 49   20 98 
   1 40    2 82    3 53    4 39    5 66    6 30    7  9    8 82    9 84   10  8   11 93   12 95   13 66   14 94   15 69   16 46   17 68   18 99   19 81   20 29 
   1  4    2 71    3 86    4 29    5 68    6  1    7 56    8 75    9 52   10 39   11 16   12 68   13  2   14 35   15 74   16 94   17 47   18 16   19 48   20 63 

